AL, 11, 2004091318,   , BEST,   0, 159N,  600W,  25, 1010,   ,   0, NEQ,    0,    0,    0,    0, 1013,     ,   0,     ,    ,    ,    ,    ,  0,   1,            ,   1,  112, 1, 1, 1, 1,     40.0,   40.0,   40.0,   40.0,    2.1140,   2.5858,   2.5858,   2.5858,   2.5858,  26.1111,  26.1111,  26.1111,  26.1111
AL, 11, 2004091400,   , BEST,   0, 160N,  607W,  25, 1010,   ,   0, NEQ,    0,    0,    0,    0, 1013,     ,   0,     ,    ,    ,    ,    ,  0,   1,            ,   1,  112, 1, 1, 1, 1,     40.0,   40.0,   40.0,   40.0,    2.1140,   2.5887,   2.5887,   2.5887,   2.5887,  26.1111,  26.1111,  26.1111,  26.1111
AL, 11, 2004091404,   , BEST,   0, 162N,  613W,  30, 1009,   ,   0, NEQ,    0,    0,    0,    0, 1013,     ,  28,     ,    ,    ,    ,    ,  0,   1,            ,   1,  112, 1, 1, 1, 1,     28.0,   28.0,   28.0,   28.0,    2.3319,   2.6364,   2.6364,   2.6364,   2.6364,  31.6667,  31.6667,  31.6667,  31.6667
AL, 11, 2004091406,   , BEST,   0, 163N,  615W,  30, 1009,   ,   0, NEQ,    0,    0,    0,    0, 1013,     ,   0,     ,    ,    ,    ,    ,  0,   1,            ,   1,  112, 1, 1, 1, 1,     40.0,   40.0,   40.0,   40.0,    2.3319,   2.7703,   2.7703,   2.7703,   2.7703,  31.6667,  31.6667,  31.6667,  31.6667
AL, 11, 2004091412,   , BEST,   0, 164N,  626W,  35, 1006,   ,  34, NEQ,   30,   30,   15,    0, 1013,     ,   0,     ,    ,    ,    ,    ,  0,   1,            ,   1,  112, 1, 1, 1, 0,     27.8,   25.6,   15.0,   18.4,    1.8411,   2.0475,   2.0308,   2.0769,   1.9773,  37.2222,  37.2222,  38.4310,  37.2222
AL, 11, 2004091418,   , BEST,   0, 167N,  635W,  50,  996,   ,  34, NEQ,   35,   35,   35,   35, 1013,     ,   0,     ,    ,    ,    ,    ,  0,   1,            ,   1,  112, 1, 1, 1, 1,     14.9,   14.5,   15.4,   15.8,    1.5890,   1.6556,   1.6539,   1.6578,   1.6598,  53.8889,  53.8889,  53.8889,  53.8889
AL, 11, 2004091418,   , BEST,   0, 167N,  635W,  50,  996,   ,  50, NEQ,   15,   15,   15,   15, 1013,     ,   0,     ,    ,    ,    ,    ,  0,   1,            ,   1,  112, 1, 1, 1, 1,     15.0,   15.0,   15.0,   15.0,    1.5890,   1.6920,   1.6763,   1.7994,   1.8379,  54.4804,  54.2227,  56.2186,  56.8293
AL, 11, 2004091500,   , BEST,   0, 171N,  640W,  55,  996,   ,  34, NEQ,   35,   35,   35,   35, 1013,     ,   0,     ,    ,    ,    ,    ,  0,   1,            ,   1,  112, 1, 1, 1, 1,     15.4,   15.1,   15.7,   16.0,    1.9335,   2.0110,   2.0096,   2.0128,   2.0144,  59.4444,  59.4444,  59.4444,  59.4444
AL, 11, 2004091500,   , BEST,   0, 171N,  640W,  55,  996,   ,  50, NEQ,   15,   15,   15,   15, 1013,     ,   0,     ,    ,    ,    ,    ,  0,   1,            ,   1,  112, 1, 1, 1, 1,     10.9,   10.8,   11.6,   12.0,    1.9335,   1.9885,   1.9880,   1.9922,   1.9938,  59.4444,  59.4444,  59.4444,  59.4444
AL, 11, 2004091506,   , BEST,   0, 172N,  648W,  55,  994,   ,  34, NEQ,   35,   35,   35,   35, 1013,     ,   0,     ,    ,    ,    ,    ,  0,   1,            ,   1,  112, 1, 1, 1, 1,     13.9,   13.6,   14.3,   14.6,    1.7300,   1.7933,   1.7920,   1.7949,   1.7964,  59.4444,  59.4444,  59.4444,  59.4444
AL, 11, 2004091506,   , BEST,   0, 172N,  648W,  55,  994,   ,  50, NEQ,   15,   15,   15,   15, 1013,     ,   0,     ,    ,    ,    ,    ,  0,   1,            ,   1,  112, 1, 1, 1, 1,     10.5,   10.4,   11.3,   11.7,    1.7300,   1.7777,   1.7772,   1.7813,   1.7829,  59.4444,  59.4444,  59.4444,  59.4444
AL, 11, 2004091512,   , BEST,   0, 176N,  654W,  60,  991,   ,  34, NEQ,   50,   50,   50,   50, 1013,     ,   0,     ,    ,    ,    ,    ,  0,   1,            ,   1,  112, 1, 1, 1, 1,     18.9,   18.6,   19.3,   19.7,    1.7864,   1.8695,   1.8681,   1.8713,   1.8729,  65.0000,  65.0000,  65.0000,  65.0000
AL, 11, 2004091512,   , BEST,   0, 176N,  654W,  60,  991,   ,  50, NEQ,   20,   20,   20,   20, 1013,     ,   0,     ,    ,    ,    ,    ,  0,   1,            ,   1,  112, 1, 1, 1, 1,     12.0,   11.9,   12.6,   12.8,    1.7864,   1.8391,   1.8386,   1.8414,   1.8426,  65.0000,  65.0000,  65.0000,  65.0000
AL, 11, 2004091516,   , BEST,   0, 180N,  660W,  60,  991,   ,   0, NEQ,    0,    0,    0,    0, 1013,     ,  30,     ,    ,    ,    ,    ,  0,   1,            ,   1,  112, 1, 1, 1, 1,     30.0,   30.0,   30.0,   30.0,    1.7864,   1.9214,   1.9214,   1.9214,   1.9214,  65.0000,  65.0000,  65.0000,  65.0000
AL, 11, 2004091518,   , BEST,   0, 181N,  662W,  60,  991,   ,  34, NEQ,   60,   60,   60,   60, 1013,     ,   0,     ,    ,    ,    ,    ,  0,   1,            ,   1,  112, 1, 1, 1, 1,     23.3,   22.9,   23.8,   24.2,    1.7864,   1.8918,   1.8900,   1.8939,   1.8959,  65.0000,  65.0000,  65.0000,  65.0000
AL, 11, 2004091518,   , BEST,   0, 181N,  662W,  60,  991,   ,  50, NEQ,   20,   20,   20,   20, 1013,     ,   0,     ,    ,    ,    ,    ,  0,   1,            ,   1,  112, 1, 1, 1, 1,     12.0,   11.9,   12.6,   12.8,    1.7864,   1.8406,   1.8401,   1.8430,   1.8442,  65.0000,  65.0000,  65.0000,  65.0000
AL, 11, 2004091600,   , BEST,   0, 185N,  671W,  60,  993,   ,  34, NEQ,   60,   30,   60,   60, 1013,     ,   0,     ,    ,    ,    ,    ,  0,   1,            ,   1,  112, 1, 1, 1, 1,     25.5,   11.7,   26.0,   26.4,    1.9650,   2.0945,   2.0244,   2.0969,   2.0991,  65.0000,  65.0000,  65.0000,  65.0000
AL, 11, 2004091600,   , BEST,   0, 185N,  671W,  60,  993,   ,  50, NEQ,   20,   10,   20,   20, 1013,     ,   0,     ,    ,    ,    ,    ,  0,   1,            ,   1,  112, 1, 1, 1, 1,     12.6,    6.2,   13.1,   13.4,    1.9650,   2.0288,   1.9962,   2.0313,   2.0327,  65.0000,  65.0000,  65.0000,  65.0000
AL, 11, 2004091606,   , BEST,   0, 186N,  678W,  60,  992,   ,  34, NEQ,   35,   20,   20,   35, 1013,     ,   0,     ,    ,    ,    ,    ,  0,   1,            ,   1,  112, 1, 1, 1, 1,     13.5,    7.3,    7.6,   14.0,    1.8714,   1.9366,   1.9067,   1.9080,   1.9392,  65.0000,  65.0000,  65.0000,  65.0000
AL, 11, 2004091606,   , BEST,   0, 186N,  678W,  60,  992,   ,  50, NEQ,   15,    0,    0,   15, 1013,     ,   0,     ,    ,    ,    ,    ,  0,   1,            ,   1,  112, 1, 0, 0, 1,      9.2,    0.0,    0.0,    9.8,    1.8714,   1.9158,   1.8918,   1.8931,   1.9187,  65.0000,  65.0000,  65.0000,  65.0000
AL, 11, 2004091611,   , BEST,   0, 186N,  683W,  70,  985,   ,   0, NEQ,    0,    0,    0,    0, 1013,     ,  27,     ,    ,    ,    ,    ,  0,   1,            ,   1,  112, 1, 1, 1, 1,     27.0,   27.0,   27.0,   27.0,    1.9245,   2.0395,   2.0395,   2.0395,   2.0395,  76.1111,  76.1111,  76.1111,  76.1111
AL, 11, 2004091612,   , BEST,   0, 186N,  685W,  70,  984,   ,  34, NEQ,   35,   20,   20,   35, 1013,     ,   0,     ,    ,    ,    ,    ,  0,   1,            ,   1,  112, 1, 1, 1, 1,     11.0,    6.0,    6.2,   11.4,    1.8581,   1.9034,   1.8827,   1.8834,   1.9049,  76.1111,  76.1111,  76.1111,  76.1111
AL, 11, 2004091612,   , BEST,   0, 186N,  685W,  70,  984,   ,  50, NEQ,   25,    0,    0,   25, 1013,     ,   0,     ,    ,    ,    ,    ,  0,   1,            ,   1,  112, 1, 0, 0, 1,     12.2,    0.0,    0.0,   12.8,    1.8581,   1.9083,   1.8815,   1.8825,   1.9105,  76.1111,  76.1111,  76.1111,  76.1111
AL, 11, 2004091612,   , BEST,   0, 186N,  685W,  70,  984,   ,  64, NEQ,   20,    0,    0,   20, 1013,     ,   0,     ,    ,    ,    ,    ,  0,   1,            ,   1,  112, 1, 0, 0, 1,     14.5,    0.0,    0.0,   15.6,    1.8581,   1.9177,   1.8874,   1.8895,   1.9223,  76.1111,  76.1111,  76.1111,  76.1111
AL, 11, 2004091618,   , BEST,   0, 188N,  690W,  65,  988,   ,  34, NEQ,   60,   60,   30,   60, 1013,     ,   0,     ,    ,    ,    ,    ,  0,   1,            ,   1,  112, 1, 1, 1, 1,     22.0,   21.6,   10.4,   22.7,    1.8522,   1.9504,   1.9489,   1.8986,   1.9537,  70.5556,  70.5556,  70.5556,  70.5556
AL, 11, 2004091618,   , BEST,   0, 188N,  690W,  65,  988,   ,  50, NEQ,   30,   30,    0,   30, 1013,     ,   0,     ,    ,    ,    ,    ,  0,   1,            ,   1,  112, 1, 1, 0, 1,     16.5,   16.3,    0.0,   17.3,    1.8522,   1.9261,   1.9249,   1.9282,   1.9296,  70.5556,  70.5556,  70.5556,  70.5556
AL, 11, 2004091618,   , BEST,   0, 188N,  690W,  65,  988,   ,  64, NEQ,   20,    0,    0,   20, 1013,     ,   0,     ,    ,    ,    ,    ,  0,   1,            ,   1,  112, 1, 0, 0, 1,     18.4,    0.0,    0.0,   20.0,    1.8522,   1.9343,   1.8922,   1.8911,   2.0431,  70.5556,  70.5556,  70.5556,  72.4203
AL, 11, 2004091700,   , BEST,   0, 192N,  694W,  60,  990,   ,  34, NEQ,   60,   60,   30,   60, 1013,     ,   0,     ,    ,    ,    ,    ,  0,   1,            ,   1,  112, 1, 1, 1, 1,     22.5,   22.1,   10.6,   23.4,    1.7087,   1.8118,   1.8099,   1.7573,   1.8160,  65.0000,  65.0000,  65.0000,  65.0000
AL, 11, 2004091700,   , BEST,   0, 192N,  694W,  60,  990,   ,  50, NEQ,   30,   30,   15,   30, 1013,     ,   0,     ,    ,    ,    ,    ,  0,   1,            ,   1,  112, 1, 1, 1, 1,     18.1,   17.7,    9.2,   19.3,    1.7087,   1.7914,   1.7897,   1.7507,   1.7969,  65.0000,  65.0000,  65.0000,  65.0000
AL, 11, 2004091706,   , BEST,   0, 194N,  699W,  55,  990,   ,  34, NEQ,   60,   60,   30,   60, 1013,     ,   0,     ,    ,    ,    ,    ,  0,   1,            ,   1,  112, 1, 1, 1, 1,     21.4,   20.9,   10.1,   22.7,    1.4291,   1.5202,   1.5180,   1.4717,   1.5253,  59.4444,  59.4444,  59.4444,  59.4444
AL, 11, 2004091706,   , BEST,   0, 194N,  699W,  55,  990,   ,  50, NEQ,   30,   30,   15,   30, 1013,     ,   0,     ,    ,    ,    ,    ,  0,   1,            ,   1,  112, 1, 1, 1, 1,     20.3,   19.6,   10.7,   22.8,    1.4291,   1.5153,   1.5123,   1.4742,   1.5259,  59.4444,  59.4444,  59.4444,  59.4444
AL, 11, 2004091712,   , BEST,   0, 197N,  707W,  50,  990,   ,  34, NEQ,  175,  150,    0,   75, 1013,     ,   0,     ,    ,    ,    ,    ,  0,   1,            ,   1,  112, 1, 1, 0, 1,     81.7,   64.9,   47.2,   29.7,    1.1745,   1.5034,   1.4346,   1.3626,   1.2918,  53.8889,  53.8889,  53.8889,  53.8889
AL, 11, 2004091712,   , BEST,   0, 197N,  707W,  50,  990,   ,  50, NEQ,  100,    0,    0,   50, 1013,     ,   0,     ,    ,    ,    ,    ,  0,   1,            ,   1,  112, 1, 0, 0, 1,    100.0,    0.0,    0.0,   50.0,    1.1745,   1.6317,   1.3214,   1.3214,   1.5294,  54.9634,  53.8889,  53.8889,  57.1188
AL, 11, 2004091718,   , BEST,   0, 200N,  716W,  30, 1002,   ,   0, NEQ,    0,    0,    0,    0, 1013,     ,   0,     ,    ,    ,    ,    ,  0,   1,            ,   1,  112, 1, 1, 1, 1,     40.0,   40.0,   40.0,   40.0,    0.8480,   1.0547,   1.0547,   1.0547,   1.0547,  31.6667,  31.6667,  31.6667,  31.6667
AL, 11, 2004091800,   , BEST,   0, 202N,  720W,  40, 1000,   ,  34, NEQ,   15,    0,    0,   15, 1013,     ,   0,     ,    ,    ,    ,    ,  0,   1,            ,   1,  112, 1, 0, 0, 1,      8.0,    3.6,    4.2,    9.3,    1.3094,   1.3544,   1.3295,   1.3327,   1.3615,  42.7778,  42.7778,  42.7778,  42.7778
AL, 11, 2004091806,   , BEST,   0, 204N,  725W,  45, 1000,   ,  34, NEQ,   75,    0,    0,   20, 1013,     ,   0,     ,    ,    ,    ,    ,  0,   1,            ,   1,  112, 1, 0, 0, 1,     43.7,   11.5,   12.3,   10.9,    1.6716,   1.9528,   1.7449,   1.7501,   1.7410,  48.3333,  48.3333,  48.3333,  48.3333
AL, 11, 2004091812,   , BEST,   0, 212N,  728W,  45, 1000,   ,  34, NEQ,   75,   50,    0,   20, 1013,     ,   0,     ,    ,    ,    ,    ,  0,   1,            ,   1,  112, 1, 1, 0, 1,     43.9,   26.9,   19.4,   10.9,    1.6716,   1.9650,   1.8508,   1.8001,   1.7438,  48.3333,  48.3333,  48.3333,  48.3333
AL, 11, 2004091818,   , BEST,   0, 217N,  723W,  40, 1005,   ,  34, NEQ,   75,   75,    0,    0, 1013,     ,   0,     ,    ,    ,    ,    ,  0,   1,            ,   1,  112, 1, 1, 0, 0,     57.0,   55.5,   27.7,   28.8,    2.1277,   2.6853,   2.6711,   2.3979,   2.4084,  42.7778,  42.7778,  42.7778,  42.7778
AL, 11, 2004091900,   , BEST,   0, 222N,  722W,  40, 1002,   ,  34, NEQ,   75,   75,    0,    0, 1013,     ,   0,     ,    ,    ,    ,    ,  0,   1,            ,   1,  112, 1, 1, 0, 0,     51.6,   49.8,   25.0,   26.3,    1.5474,   1.9269,   1.9135,   1.7296,   1.7395,  42.7778,  42.7778,  42.7778,  42.7778
AL, 11, 2004091906,   , BEST,   0, 228N,  723W,  40, 1002,   ,  34, NEQ,   75,   75,    0,    0, 1013,     ,   0,     ,    ,    ,    ,    ,  0,   1,            ,   1,  112, 1, 1, 0, 0,     51.8,   50.0,   25.0,   26.4,    1.5474,   1.9379,   1.9242,   1.7347,   1.7448,  42.7778,  42.7778,  42.7778,  42.7778
AL, 11, 2004091912,   , BEST,   0, 235N,  725W,  40, 1000,   ,  34, NEQ,   75,   75,    0,    0, 1013,     ,   0,     ,    ,    ,    ,    ,  0,   1,            ,   1,  112, 1, 1, 0, 0,     48.8,   46.8,   23.4,   24.9,    1.3094,   1.6323,   1.6190,   1.4629,   1.4727,  42.7778,  42.7778,  42.7778,  42.7778
AL, 11, 2004091918,   , BEST,   0, 242N,  723W,  45,  996,   ,  34, NEQ,   75,   75,   75,   75, 1013,     ,   0,     ,    ,    ,    ,    ,  0,   1,            ,   1,  112, 1, 1, 1, 1,     38.1,   36.9,   39.7,   41.3,    1.2782,   1.5020,   1.4945,   1.5114,   1.5206,  48.3333,  48.3333,  48.3333,  48.3333
AL, 11, 2004092000,   , BEST,   0, 248N,  721W,  50,  994,   ,  34, NEQ,   75,   75,   75,   75, 1013,     ,   0,     ,    ,    ,    ,    ,  0,   1,            ,   1,  112, 1, 1, 1, 1,     34.2,   33.3,   35.3,   36.3,    1.4217,   1.6249,   1.6197,   1.6313,   1.6373,  53.8889,  53.8889,  53.8889,  53.8889
AL, 11, 2004092000,   , BEST,   0, 248N,  721W,  50,  994,   ,  50, NEQ,   25,   25,    0,    0, 1013,     ,   0,     ,    ,    ,    ,    ,  0,   1,            ,   1,  112, 1, 1, 0, 0,     25.0,   25.0,    0.0,    0.0,    1.4217,   1.6071,   1.5750,   1.4922,   1.4922,  54.5632,  53.9865,  53.8889,  53.8889
AL, 11, 2004092006,   , BEST,   0, 255N,  720W,  55,  992,   ,  34, NEQ,   90,   75,   75,   75, 1013,     ,   0,     ,    ,    ,    ,    ,  0,   1,            ,   1,  112, 1, 1, 1, 1,     40.2,   31.5,   32.9,   33.6,    1.5652,   1.8090,   1.7558,   1.7645,   1.7690,  59.4444,  59.4444,  59.4444,  59.4444
AL, 11, 2004092006,   , BEST,   0, 255N,  720W,  55,  992,   ,  50, NEQ,   60,   40,    0,    0, 1013,     ,   0,     ,    ,    ,    ,    ,  0,   1,            ,   1,  112, 1, 1, 0, 0,     44.6,   27.9,    0.0,    0.0,    1.5652,   1.8362,   1.7339,   1.6773,   1.6819,  59.4444,  59.4444,  59.4444,  59.4444
AL, 11, 2004092012,   , BEST,   0, 266N,  717W,  60,  989,   ,  34, NEQ,   90,   80,   80,   80, 1013,     ,   0,     ,    ,    ,    ,    ,  0,   1,            ,   1,  112, 1, 1, 1, 1,     37.3,   31.7,   32.9,   33.5,    1.6375,   1.8621,   1.8281,   1.8353,   1.8390,  65.0000,  65.0000,  65.0000,  65.0000
AL, 11, 2004092012,   , BEST,   0, 266N,  717W,  60,  989,   ,  50, NEQ,   60,   40,   40,   40, 1013,     ,   0,     ,    ,    ,    ,    ,  0,   1,            ,   1,  112, 1, 1, 1, 1,     38.3,   24.0,   25.4,   26.2,    1.6375,   1.8681,   1.7814,   1.7899,   1.7945,  65.0000,  65.0000,  65.0000,  65.0000
AL, 11, 2004092018,   , BEST,   0, 272N,  714W,  75,  984,   ,  34, NEQ,   90,   80,   80,   90, 1013,     ,   0,     ,    ,    ,    ,    ,  0,   1,            ,   1,  112, 1, 1, 1, 1,     36.8,   31.6,   32.3,   37.6,    2.1393,   2.3726,   2.3397,   2.3441,   2.3777,  81.6667,  81.6667,  81.6667,  81.6667
AL, 11, 2004092018,   , BEST,   0, 272N,  714W,  75,  984,   ,  50, NEQ,   60,   40,   50,   50, 1013,     ,   0,     ,    ,    ,    ,    ,  0,   1,            ,   1,  112, 1, 1, 1, 1,     32.5,   20.6,   27.0,   27.3,    2.1393,   2.3452,   2.2696,   2.3101,   2.3124,  81.6667,  81.6667,  81.6667,  81.6667
AL, 11, 2004092018,   , BEST,   0, 272N,  714W,  75,  984,   ,  64, NEQ,   20,   20,   20,   20, 1013,     ,   0,     ,    ,    ,    ,    ,  0,   1,            ,   1,  112, 1, 1, 1, 1,     13.6,   13.5,   14.0,   14.2,    2.1393,   2.2249,   2.2243,   2.2275,   2.2288,  81.6667,  81.6667,  81.6667,  81.6667
AL, 11, 2004092100,   , BEST,   0, 274N,  708W,  75,  982,   ,  34, NEQ,   90,   90,   90,   90, 1013,     ,   0,     ,    ,    ,    ,    ,  0,   1,            ,   1,  112, 1, 1, 1, 1,     34.6,   34.2,   35.0,   35.4,    2.0012,   2.2078,   2.2056,   2.2103,   2.2126,  81.6667,  81.6667,  81.6667,  81.6667
AL, 11, 2004092100,   , BEST,   0, 274N,  708W,  75,  982,   ,  50, NEQ,   60,   60,   60,   60, 1013,     ,   0,     ,    ,    ,    ,    ,  0,   1,            ,   1,  112, 1, 1, 1, 1,     31.2,   30.8,   31.6,   32.1,    2.0012,   2.1873,   2.1850,   2.1902,   2.1928,  81.6667,  81.6667,  81.6667,  81.6667
AL, 11, 2004092100,   , BEST,   0, 274N,  708W,  75,  982,   ,  64, NEQ,   20,   20,   20,   20, 1013,     ,   0,     ,    ,    ,    ,    ,  0,   1,            ,   1,  112, 1, 1, 1, 1,     13.2,   13.1,   13.6,   13.9,    2.0012,   2.0798,   2.0793,   2.0824,   2.0837,  81.6667,  81.6667,  81.6667,  81.6667
AL, 11, 2004092106,   , BEST,   0, 276N,  702W,  75,  972,   ,  34, NEQ,   90,   90,   90,  105, 1013,     ,   0,     ,    ,    ,    ,    ,  0,   1,            ,   1,  112, 1, 1, 1, 1,     25.0,   24.6,   25.4,   31.4,    1.5131,   1.6270,   1.6254,   1.6289,   1.6567,  81.6667,  81.6667,  81.6667,  81.6667
AL, 11, 2004092106,   , BEST,   0, 276N,  702W,  75,  972,   ,  50, NEQ,   60,   60,   60,   75, 1013,     ,   0,     ,    ,    ,    ,    ,  0,   1,            ,   1,  112, 1, 1, 1, 1,     25.2,   24.8,   25.7,   33.9,    1.5131,   1.6281,   1.6261,   1.6305,   1.6683,  81.6667,  81.6667,  81.6667,  81.6667
AL, 11, 2004092106,   , BEST,   0, 276N,  702W,  75,  972,   ,  64, NEQ,   30,   30,   30,   45, 1013,     ,   0,     ,    ,    ,    ,    ,  0,   1,            ,   1,  112, 1, 1, 1, 1,     17.8,   17.5,   18.4,   29.1,    1.5131,   1.5942,   1.5926,   1.5970,   1.6462,  81.6667,  81.6667,  81.6667,  81.6667
AL, 11, 2004092112,   , BEST,   0, 276N,  695W,  75,  972,   ,  34, NEQ,   90,   90,   90,  105, 1013,     ,   0,     ,    ,    ,    ,    ,  0,   1,            ,   1,  112, 1, 1, 1, 1,     25.0,   24.6,   25.4,   31.4,    1.5131,   1.6270,   1.6254,   1.6289,   1.6567,  81.6667,  81.6667,  81.6667,  81.6667
AL, 11, 2004092112,   , BEST,   0, 276N,  695W,  75,  972,   ,  50, NEQ,   60,   60,   60,   70, 1013,     ,   0,     ,    ,    ,    ,    ,  0,   1,            ,   1,  112, 1, 1, 1, 1,     25.2,   24.8,   25.7,   31.3,    1.5131,   1.6281,   1.6261,   1.6305,   1.6562,  81.6667,  81.6667,  81.6667,  81.6667
AL, 11, 2004092112,   , BEST,   0, 276N,  695W,  75,  972,   ,  64, NEQ,   30,   30,   30,   40, 1013,     ,   0,     ,    ,    ,    ,    ,  0,   1,            ,   1,  112, 1, 1, 1, 1,     17.8,   17.5,   18.4,   25.7,    1.5131,   1.5942,   1.5926,   1.5970,   1.6303,  81.6667,  81.6667,  81.6667,  81.6667
AL, 11, 2004092118,   , BEST,   0, 274N,  692W,  75,  972,   ,  34, NEQ,   90,   90,   90,  105, 1013,     ,   0,     ,    ,    ,    ,    ,  0,   1,            ,   1,  112, 1, 1, 1, 1,     24.9,   24.6,   25.3,   31.3,    1.5131,   1.6261,   1.6245,   1.6280,   1.6554,  81.6667,  81.6667,  81.6667,  81.6667
AL, 11, 2004092118,   , BEST,   0, 274N,  692W,  75,  972,   ,  50, NEQ,   60,   60,   60,   70, 1013,     ,   0,     ,    ,    ,    ,    ,  0,   1,            ,   1,  112, 1, 1, 1, 1,     25.2,   24.7,   25.7,   31.2,    1.5131,   1.6272,   1.6253,   1.6296,   1.6551,  81.6667,  81.6667,  81.6667,  81.6667
AL, 11, 2004092118,   , BEST,   0, 274N,  692W,  75,  972,   ,  64, NEQ,   30,   30,   30,   40, 1013,     ,   0,     ,    ,    ,    ,    ,  0,   1,            ,   1,  112, 1, 1, 1, 1,     17.8,   17.5,   18.4,   25.7,    1.5131,   1.5936,   1.5920,   1.5964,   1.6295,  81.6667,  81.6667,  81.6667,  81.6667
AL, 11, 2004092200,   , BEST,   0, 272N,  689W,  80,  972,   ,  34, NEQ,   90,   90,   90,  100, 1013,     ,   0,     ,    ,    ,    ,    ,  0,   1,            ,   1,  112, 1, 1, 1, 1,     27.0,   26.7,   27.3,   31.5,    1.7260,   1.8553,   1.8538,   1.8570,   1.8774,  87.2222,  87.2222,  87.2222,  87.2222
AL, 11, 2004092200,   , BEST,   0, 272N,  689W,  80,  972,   ,  50, NEQ,   60,   60,   60,   70, 1013,     ,   0,     ,    ,    ,    ,    ,  0,   1,            ,   1,  112, 1, 1, 1, 1,     25.6,   25.2,   26.0,   31.4,    1.7260,   1.8487,   1.8470,   1.8507,   1.8770,  87.2222,  87.2222,  87.2222,  87.2222
AL, 11, 2004092200,   , BEST,   0, 272N,  689W,  80,  972,   ,  64, NEQ,   30,   30,   30,   40, 1013,     ,   0,     ,    ,    ,    ,    ,  0,   1,            ,   1,  112, 1, 1, 1, 1,     16.9,   16.7,   17.3,   24.0,    1.7260,   1.8069,   1.8057,   1.8089,   1.8408,  87.2222,  87.2222,  87.2222,  87.2222
AL, 11, 2004092206,   , BEST,   0, 268N,  687W,  85,  968,   ,  34, NEQ,  100,  100,  100,  110, 1013,     ,   0,     ,    ,    ,    ,    ,  0,   1,            ,   1,  112, 1, 1, 1, 1,     29.5,   29.2,   29.9,   34.2,    1.7793,   1.9145,   1.9131,   1.9161,   1.9361,  92.7778,  92.7778,  92.7778,  92.7778
AL, 11, 2004092206,   , BEST,   0, 268N,  687W,  85,  968,   ,  50, NEQ,   60,   60,   60,   70, 1013,     ,   0,     ,    ,    ,    ,    ,  0,   1,            ,   1,  112, 1, 1, 1, 1,     24.2,   23.9,   24.5,   29.6,    1.7793,   1.8900,   1.8886,   1.8916,   1.9150,  92.7778,  92.7778,  92.7778,  92.7778
AL, 11, 2004092206,   , BEST,   0, 268N,  687W,  85,  968,   ,  64, NEQ,   30,   30,   30,   40, 1013,     ,   0,     ,    ,    ,    ,    ,  0,   1,            ,   1,  112, 1, 1, 1, 1,     15.6,   15.4,   16.0,   22.0,    1.7793,   1.8506,   1.8497,   1.8521,   1.8799,  92.7778,  92.7778,  92.7778,  92.7778
AL, 11, 2004092212,   , BEST,   0, 265N,  685W,  85,  968,   ,  34, NEQ,  100,  100,  100,  120, 1013,     ,   0,     ,    ,    ,    ,    ,  0,   1,            ,   1,  112, 1, 1, 1, 1,     29.4,   29.1,   29.8,   38.1,    1.7793,   1.9127,   1.9113,   1.9143,   1.9523,  92.7778,  92.7778,  92.7778,  92.7778
AL, 11, 2004092212,   , BEST,   0, 265N,  685W,  85,  968,   ,  50, NEQ,   60,   60,   60,   70, 1013,     ,   0,     ,    ,    ,    ,    ,  0,   1,            ,   1,  112, 1, 1, 1, 1,     24.2,   23.9,   24.5,   29.6,    1.7793,   1.8887,   1.8873,   1.8903,   1.9134,  92.7778,  92.7778,  92.7778,  92.7778
AL, 11, 2004092212,   , BEST,   0, 265N,  685W,  85,  968,   ,  64, NEQ,   30,   30,   30,   40, 1013,     ,   0,     ,    ,    ,    ,    ,  0,   1,            ,   1,  112, 1, 1, 1, 1,     15.6,   15.4,   15.9,   22.0,    1.7793,   1.8498,   1.8489,   1.8513,   1.8788,  92.7778,  92.7778,  92.7778,  92.7778
AL, 11, 2004092218,   , BEST,   0, 262N,  688W,  85,  967,   ,  34, NEQ,  100,  100,  100,  120, 1013,     ,   0,     ,    ,    ,    ,    ,  0,   1,            ,   1,  112, 1, 1, 1, 1,     28.5,   28.2,   28.9,   37.0,    1.7406,   1.8658,   1.8645,   1.8674,   1.9032,  92.7778,  92.7778,  92.7778,  92.7778
AL, 11, 2004092218,   , BEST,   0, 262N,  688W,  85,  967,   ,  50, NEQ,   60,   60,   60,   70, 1013,     ,   0,     ,    ,    ,    ,    ,  0,   1,            ,   1,  112, 1, 1, 1, 1,     23.6,   23.3,   24.0,   29.0,    1.7406,   1.8442,   1.8429,   1.8458,   1.8677,  92.7778,  92.7778,  92.7778,  92.7778
AL, 11, 2004092218,   , BEST,   0, 262N,  688W,  85,  967,   ,  64, NEQ,   30,   30,   30,   40, 1013,     ,   0,     ,    ,    ,    ,    ,  0,   1,            ,   1,  112, 1, 1, 1, 1,     15.4,   15.2,   15.7,   21.7,    1.7406,   1.8079,   1.8070,   1.8093,   1.8356,  92.7778,  92.7778,  92.7778,  92.7778
AL, 11, 2004092300,   , BEST,   0, 257N,  690W,  85,  966,   ,  34, NEQ,  100,  100,  100,  120, 1013,     ,   0,     ,    ,    ,    ,    ,  0,   1,            ,   1,  112, 1, 1, 1, 1,     27.6,   27.3,   28.0,   35.8,    1.7036,   1.8201,   1.8188,   1.8215,   1.8550,  92.7778,  92.7778,  92.7778,  92.7778
AL, 11, 2004092300,   , BEST,   0, 257N,  690W,  85,  966,   ,  50, NEQ,   60,   60,   60,   70, 1013,     ,   0,     ,    ,    ,    ,    ,  0,   1,            ,   1,  112, 1, 1, 1, 1,     23.1,   22.8,   23.4,   28.3,    1.7036,   1.8009,   1.7997,   1.8024,   1.8231,  92.7778,  92.7778,  92.7778,  92.7778
AL, 11, 2004092300,   , BEST,   0, 257N,  690W,  85,  966,   ,  64, NEQ,   30,   30,   30,   40, 1013,     ,   0,     ,    ,    ,    ,    ,  0,   1,            ,   1,  112, 1, 1, 1, 1,     15.1,   14.9,   15.5,   21.4,    1.7036,   1.7672,   1.7664,   1.7687,   1.7936,  92.7778,  92.7778,  92.7778,  92.7778
AL, 11, 2004092306,   , BEST,   0, 255N,  693W,  85,  966,   ,  34, NEQ,  100,  100,  100,  120, 1013,     ,   0,     ,    ,    ,    ,    ,  0,   1,            ,   1,  112, 1, 1, 1, 1,     27.6,   27.3,   27.9,   35.7,    1.7036,   1.8190,   1.8177,   1.8205,   1.8535,  92.7778,  92.7778,  92.7778,  92.7778
AL, 11, 2004092306,   , BEST,   0, 255N,  693W,  85,  966,   ,  50, NEQ,   60,   60,   60,   70, 1013,     ,   0,     ,    ,    ,    ,    ,  0,   1,            ,   1,  112, 1, 1, 1, 1,     23.1,   22.8,   23.4,   28.3,    1.7036,   1.8001,   1.7989,   1.8016,   1.8221,  92.7778,  92.7778,  92.7778,  92.7778
AL, 11, 2004092306,   , BEST,   0, 255N,  693W,  85,  966,   ,  64, NEQ,   30,   30,   30,   40, 1013,     ,   0,     ,    ,    ,    ,    ,  0,   1,            ,   1,  112, 1, 1, 1, 1,     15.1,   14.9,   15.5,   21.4,    1.7036,   1.7667,   1.7659,   1.7682,   1.7929,  92.7778,  92.7778,  92.7778,  92.7778
AL, 11, 2004092312,   , BEST,   0, 255N,  696W,  80,  966,   ,  34, NEQ,  100,  100,  100,  120, 1013,     ,  20,     ,    ,    ,    ,    ,  0,   1,            ,   1,  112, 1, 1, 1, 1,     25.3,   24.9,   25.7,   32.9,    1.5057,   1.6054,   1.6041,   1.6070,   1.6360,  87.2222,  87.2222,  87.2222,  87.2222
AL, 11, 2004092312,   , BEST,   0, 255N,  696W,  80,  966,   ,  50, NEQ,   60,   60,   60,   70, 1013,     ,  20,     ,    ,    ,    ,    ,  0,   1,            ,   1,  112, 1, 1, 1, 1,     22.4,   22.0,   22.8,   27.7,    1.5057,   1.5938,   1.5924,   1.5955,   1.6149,  87.2222,  87.2222,  87.2222,  87.2222
AL, 11, 2004092312,   , BEST,   0, 255N,  696W,  80,  966,   ,  64, NEQ,   30,   30,   30,   40, 1013,     ,  20,     ,    ,    ,    ,    ,  0,   1,            ,   1,  112, 1, 1, 1, 1,     15.5,   15.2,   16.0,   22.2,    1.5057,   1.5666,   1.5656,   1.5684,   1.5930,  87.2222,  87.2222,  87.2222,  87.2222
AL, 11, 2004092318,   , BEST,   0, 258N,  700W,  75,  966,   ,  34, NEQ,  100,  100,  100,  120, 1013,     ,   0,     ,    ,    ,    ,    ,  0,   1,            ,   1,  112, 1, 1, 1, 1,     23.2,   22.8,   23.6,   30.6,    1.3200,   1.4068,   1.4054,   1.4085,   1.4351,  81.6667,  81.6667,  81.6667,  81.6667
AL, 11, 2004092318,   , BEST,   0, 258N,  700W,  75,  966,   ,  50, NEQ,   60,   60,   60,   70, 1013,     ,   0,     ,    ,    ,    ,    ,  0,   1,            ,   1,  112, 1, 1, 1, 1,     21.9,   21.5,   22.5,   27.5,    1.3200,   1.4022,   1.4005,   1.4042,   1.4232,  81.6667,  81.6667,  81.6667,  81.6667
AL, 11, 2004092318,   , BEST,   0, 258N,  700W,  75,  966,   ,  64, NEQ,   30,   30,   30,   40, 1013,     ,   0,     ,    ,    ,    ,    ,  0,   1,            ,   1,  112, 1, 1, 1, 1,     16.5,   16.1,   17.1,   24.0,    1.3200,   1.3814,   1.3800,   1.3839,   1.4099,  81.6667,  81.6667,  81.6667,  81.6667
AL, 11, 2004092400,   , BEST,   0, 260N,  704W,  70,  966,   ,  34, NEQ,  100,  100,  100,  120, 1013,     ,   0,     ,    ,    ,    ,    ,  0,   1,            ,   1,  112, 1, 1, 1, 1,     21.2,   20.8,   21.7,   28.5,    1.1465,   1.2214,   1.2199,   1.2233,   1.2478,  76.1111,  76.1111,  76.1111,  76.1111
AL, 11, 2004092400,   , BEST,   0, 260N,  704W,  70,  966,   ,  50, NEQ,   60,   60,   60,   70, 1013,     ,   0,     ,    ,    ,    ,    ,  0,   1,            ,   1,  112, 1, 1, 1, 1,     22.0,   21.4,   22.7,   27.9,    1.1465,   1.2242,   1.2222,   1.2266,   1.2457,  76.1111,  76.1111,  76.1111,  76.1111
AL, 11, 2004092400,   , BEST,   0, 260N,  704W,  70,  966,   ,  64, NEQ,   30,   30,   30,   40, 1013,     ,   0,     ,    ,    ,    ,    ,  0,   1,            ,   1,  112, 1, 1, 1, 1,     18.7,   18.1,   19.9,   28.4,    1.1465,   1.2124,   1.2102,   1.2168,   1.2473,  76.1111,  76.1111,  76.1111,  76.1111
AL, 11, 2004092406,   , BEST,   0, 261N,  712W,  75,  969,   ,  34, NEQ,  105,  105,  105,  120, 1013,     ,   0,     ,    ,    ,    ,    ,  0,   1,            ,   1,  112, 1, 1, 1, 1,     27.3,   26.9,   27.7,   33.6,    1.4100,   1.5203,   1.5187,   1.5223,   1.5463,  81.6667,  81.6667,  81.6667,  81.6667
AL, 11, 2004092406,   , BEST,   0, 261N,  712W,  75,  969,   ,  50, NEQ,   70,   70,   70,   80, 1013,     ,   0,     ,    ,    ,    ,    ,  0,   1,            ,   1,  112, 1, 1, 1, 1,     28.0,   27.5,   28.7,   34.2,    1.4100,   1.5235,   1.5214,   1.5260,   1.5486,  81.6667,  81.6667,  81.6667,  81.6667
AL, 11, 2004092406,   , BEST,   0, 261N,  712W,  75,  969,   ,  64, NEQ,   35,   30,   35,   40, 1013,     ,   0,     ,    ,    ,    ,    ,  0,   1,            ,   1,  112, 1, 1, 1, 1,     20.2,   16.7,   20.9,   24.8,    1.4100,   1.4916,   1.4774,   1.4943,   1.5102,  81.6667,  81.6667,  81.6667,  81.6667
AL, 11, 2004092412,   , BEST,   0, 262N,  722W,  80,  969,   ,  34, NEQ,  120,  105,  105,  130, 1013,     ,   0,     ,    ,    ,    ,    ,  0,   1,            ,   1,  112, 1, 1, 1, 1,     35.4,   29.3,   30.1,   40.4,    1.6083,   1.7618,   1.7350,   1.7384,   1.7835,  87.2222,  87.2222,  87.2222,  87.2222
AL, 11, 2004092412,   , BEST,   0, 262N,  722W,  80,  969,   ,  50, NEQ,   70,   70,   70,   80, 1013,     ,   0,     ,    ,    ,    ,    ,  0,   1,            ,   1,  112, 1, 1, 1, 1,     28.5,   28.1,   29.0,   34.4,    1.6083,   1.7317,   1.7299,   1.7338,   1.7573,  87.2222,  87.2222,  87.2222,  87.2222
AL, 11, 2004092412,   , BEST,   0, 262N,  722W,  80,  969,   ,  64, NEQ,   35,   35,   35,   40, 1013,     ,   0,     ,    ,    ,    ,    ,  0,   1,            ,   1,  112, 1, 1, 1, 1,     19.1,   18.8,   19.6,   23.0,    1.6083,   1.6908,   1.6892,   1.6927,   1.7077,  87.2222,  87.2222,  87.2222,  87.2222
AL, 11, 2004092418,   , BEST,   0, 264N,  731W,  85,  968,   ,  34, NEQ,  120,  105,  105,  130, 1013,     ,   0,     ,    ,    ,    ,    ,  0,   1,            ,   1,  112, 1, 1, 1, 1,     37.2,   30.9,   31.6,   42.2,    1.7793,   1.9478,   1.9191,   1.9222,   1.9704,  92.7778,  92.7778,  92.7778,  92.7778
AL, 11, 2004092418,   , BEST,   0, 264N,  731W,  85,  968,   ,  50, NEQ,   70,   70,   70,   80, 1013,     ,   0,     ,    ,    ,    ,    ,  0,   1,            ,   1,  112, 1, 1, 1, 1,     28.8,   28.4,   29.2,   34.5,    1.7793,   1.9093,   1.9077,   1.9112,   1.9352,  92.7778,  92.7778,  92.7778,  92.7778
AL, 11, 2004092418,   , BEST,   0, 264N,  731W,  85,  968,   ,  64, NEQ,   35,   35,   35,   40, 1013,     ,   0,     ,    ,    ,    ,    ,  0,   1,            ,   1,  112, 1, 1, 1, 1,     18.4,   18.2,   18.8,   22.0,    1.7793,   1.8623,   1.8611,   1.8638,   1.8784,  92.7778,  92.7778,  92.7778,  92.7778
AL, 11, 2004092500,   , BEST,   0, 264N,  743W,  85,  964,   ,  34, NEQ,  180,  120,  105,  130, 1013,     ,   0,     ,    ,    ,    ,    ,  0,   1,            ,   1,  112, 1, 1, 1, 1,     57.6,   32.8,   28.3,   38.0,    1.6340,   1.8748,   1.7706,   1.7516,   1.7922,  92.7778,  92.7778,  92.7778,  92.7778
AL, 11, 2004092500,   , BEST,   0, 264N,  743W,  85,  964,   ,  50, NEQ,  100,   70,   70,   80, 1013,     ,   0,     ,    ,    ,    ,    ,  0,   1,            ,   1,  112, 1, 1, 1, 1,     40.4,   26.2,   27.0,   31.9,    1.6340,   1.8025,   1.7429,   1.7460,   1.7668,  92.7778,  92.7778,  92.7778,  92.7778
AL, 11, 2004092500,   , BEST,   0, 264N,  743W,  85,  964,   ,  64, NEQ,   60,   45,   45,   60, 1013,     ,   0,     ,    ,    ,    ,    ,  0,   1,            ,   1,  112, 1, 1, 1, 1,     31.2,   22.4,   23.2,   32.3,    1.6340,   1.7639,   1.7271,   1.7305,   1.7686,  92.7778,  92.7778,  92.7778,  92.7778
AL, 11, 2004092506,   , BEST,   0, 265N,  756W,  90,  960,   ,  34, NEQ,  180,  120,  105,  130, 1013,     ,   0,     ,    ,    ,    ,    ,  0,   1,            ,   1,  112, 1, 1, 1, 1,     56.0,   32.1,   27.7,   37.0,    1.6971,   1.9271,   1.8283,   1.8099,   1.8483,  98.3333,  98.3333,  98.3333,  98.3333
AL, 11, 2004092506,   , BEST,   0, 265N,  756W,  90,  960,   ,  50, NEQ,  100,   70,   70,   90, 1013,     ,   0,     ,    ,    ,    ,    ,  0,   1,            ,   1,  112, 1, 1, 1, 1,     38.8,   25.2,   25.8,   35.1,    1.6971,   1.8556,   1.7998,   1.8024,   1.8404,  98.3333,  98.3333,  98.3333,  98.3333
AL, 11, 2004092506,   , BEST,   0, 265N,  756W,  90,  960,   ,  64, NEQ,   60,   45,   45,   60, 1013,     ,   0,     ,    ,    ,    ,    ,  0,   1,            ,   1,  112, 1, 1, 1, 1,     29.3,   21.1,   21.8,   30.2,    1.6971,   1.8167,   1.7830,   1.7857,   1.8205,  98.3333,  98.3333,  98.3333,  98.3333
AL, 11, 2004092512,   , BEST,   0, 266N,  769W, 100,  957,   ,  34, NEQ,  180,  120,   75,  130, 1013,     ,   0,     ,    ,    ,    ,    ,  0,   1,            ,   1,  112, 1, 1, 1, 1,     60.0,   35.2,   20.1,   39.9,    1.9896,   2.2490,   2.1414,   2.0758,   2.1617, 109.4444, 109.4444, 109.4444, 109.4444
AL, 11, 2004092512,   , BEST,   0, 266N,  769W, 100,  957,   ,  50, NEQ,  100,   70,   50,   90, 1013,     ,   0,     ,    ,    ,    ,    ,  0,   1,            ,   1,  112, 1, 1, 1, 1,     39.7,   26.1,   18.2,   35.8,    1.9896,   2.1607,   2.1017,   2.0679,   2.1437, 109.4444, 109.4444, 109.4444, 109.4444
AL, 11, 2004092512,   , BEST,   0, 266N,  769W, 100,  957,   ,  64, NEQ,   60,   45,   30,   60, 1013,     ,   0,     ,    ,    ,    ,    ,  0,   1,            ,   1,  112, 1, 1, 1, 1,     28.6,   20.7,   13.8,   29.2,    1.9896,   2.1127,   2.0786,   2.0486,   2.1154, 109.4444, 109.4444, 109.4444, 109.4444
AL, 11, 2004092514,   , BEST,   0, 267N,  773W, 100,  956,   ,   0, NEQ,    0,    0,    0,    0, 1013,     ,  28,     ,    ,    ,    ,    ,  0,   1,            ,   1,  112, 1, 1, 1, 1,     28.0,   28.0,   28.0,   28.0,    1.9547,   2.0735,   2.0735,   2.0735,   2.0735, 109.4444, 109.4444, 109.4444, 109.4444
AL, 11, 2004092518,   , BEST,   0, 269N,  782W, 105,  952,   ,  34, NEQ,  180,  120,   85,  150, 1013,     ,   0,     ,    ,    ,    ,    ,  0,   1,            ,   1,  112, 1, 1, 1, 1,     58.1,   34.0,   22.6,   46.4,    2.0167,   2.2610,   2.1591,   2.1112,   2.2115, 115.0000, 115.0000, 115.0000, 115.0000
AL, 11, 2004092518,   , BEST,   0, 269N,  782W, 105,  952,   ,  50, NEQ,  100,   70,   50,   90, 1013,     ,   0,     ,    ,    ,    ,    ,  0,   1,            ,   1,  112, 1, 1, 1, 1,     38.2,   25.1,   17.5,   34.4,    2.0167,   2.1769,   2.1217,   2.0899,   2.1608, 115.0000, 115.0000, 115.0000, 115.0000
AL, 11, 2004092518,   , BEST,   0, 269N,  782W, 105,  952,   ,  64, NEQ,   60,   45,   30,   60, 1013,     ,   0,     ,    ,    ,    ,    ,  0,   1,            ,   1,  112, 1, 1, 1, 1,     27.3,   19.8,   13.1,   27.9,    2.0167,   2.1311,   2.0995,   2.0715,   2.1334, 115.0000, 115.0000, 115.0000, 115.0000
