OceanMesh2D
2866
1
primitive_weighting_in_continuity_equation
unitless
1
3.000000000e-02 
primitive_weighting_in_continuity_equation
1857
2844 5.000000000e-03
2834 5.000000000e-03
2823 5.000000000e-03
2866 2.000000000e-02
2857 5.000000000e-03
2851 5.000000000e-03
2843 5.000000000e-03
2833 5.000000000e-03
2822 5.000000000e-03
2809 5.000000000e-03
2850 5.000000000e-03
2861 5.000000000e-03
2864 5.000000000e-03
2865 5.000000000e-03
2856 5.000000000e-03
2842 5.000000000e-03
2832 5.000000000e-03
2821 5.000000000e-03
2808 5.000000000e-03
2841 5.000000000e-03
2849 5.000000000e-03
2860 5.000000000e-03
2862 5.000000000e-03
2863 5.000000000e-03
2855 5.000000000e-03
2831 5.000000000e-03
2819 5.000000000e-03
2820 5.000000000e-03
2807 5.000000000e-03
2840 5.000000000e-03
2848 5.000000000e-03
2858 5.000000000e-03
2859 5.000000000e-03
2854 2.000000000e-02
2852 5.000000000e-03
2830 5.000000000e-03
2818 5.000000000e-03
2806 5.000000000e-03
2795 5.000000000e-03
2796 5.000000000e-03
2839 5.000000000e-03
2838 5.000000000e-03
2845 5.000000000e-03
2853 5.000000000e-03
2846 5.000000000e-03
2829 5.000000000e-03
2817 5.000000000e-03
2805 5.000000000e-03
2794 5.000000000e-03
2781 5.000000000e-03
2828 5.000000000e-03
2827 5.000000000e-03
2835 5.000000000e-03
2836 5.000000000e-03
2847 5.000000000e-03
2816 5.000000000e-03
2804 5.000000000e-03
2803 5.000000000e-03
2792 5.000000000e-03
2779 5.000000000e-03
2778 5.000000000e-03
2815 5.000000000e-03
2814 5.000000000e-03
2824 5.000000000e-03
2825 5.000000000e-03
2837 5.000000000e-03
2802 5.000000000e-03
2793 5.000000000e-03
2791 5.000000000e-03
2767 5.000000000e-03
2777 5.000000000e-03
2801 5.000000000e-03
2790 5.000000000e-03
2810 5.000000000e-03
2811 5.000000000e-03
2826 5.000000000e-03
2797 5.000000000e-03
2789 5.000000000e-03
2780 5.000000000e-03
2768 5.000000000e-03
2788 5.000000000e-03
2776 5.000000000e-03
2798 5.000000000e-03
2812 5.000000000e-03
2813 5.000000000e-03
2784 5.000000000e-03
2782 5.000000000e-03
2765 5.000000000e-03
2775 5.000000000e-03
2756 5.000000000e-03
2774 5.000000000e-03
2766 5.000000000e-03
2164 5.000000000e-03
2236 5.000000000e-03
2077 5.000000000e-03
2294 5.000000000e-03
2799 5.000000000e-03
2800 5.000000000e-03
2783 5.000000000e-03
2769 5.000000000e-03
2764 5.000000000e-03
2755 5.000000000e-03
2753 5.000000000e-03
2763 5.000000000e-03
2754 5.000000000e-03
2787 2.000000000e-02
2773 2.000000000e-02
2163 5.000000000e-03
2235 5.000000000e-03
2162 5.000000000e-03
2076 5.000000000e-03
2293 5.000000000e-03
2341 5.000000000e-03
2340 5.000000000e-03
2744 5.000000000e-03
2785 5.000000000e-03
2786 5.000000000e-03
2770 5.000000000e-03
2757 5.000000000e-03
2752 5.000000000e-03
2743 5.000000000e-03
2751 5.000000000e-03
2742 5.000000000e-03
2772 5.000000000e-03
2761 5.000000000e-03
2762 2.000000000e-02
2075 5.000000000e-03
2234 5.000000000e-03
2161 5.000000000e-03
2297 5.000000000e-03
2239 5.000000000e-03
1985 5.000000000e-03
2385 5.000000000e-03
2387 5.000000000e-03
2343 5.000000000e-03
2384 5.000000000e-03
2731 5.000000000e-03
2732 5.000000000e-03
2771 5.000000000e-03
2759 5.000000000e-03
2747 5.000000000e-03
2741 5.000000000e-03
2740 5.000000000e-03
2730 5.000000000e-03
2749 5.000000000e-03
2760 5.000000000e-03
2750 2.000000000e-02
2079 5.000000000e-03
2166 5.000000000e-03
2296 5.000000000e-03
2238 5.000000000e-03
2078 2.000000000e-02
2425 5.000000000e-03
2342 5.000000000e-03
2423 5.000000000e-03
2386 5.000000000e-03
2721 5.000000000e-03
2712 5.000000000e-03
2720 5.000000000e-03
2758 5.000000000e-03
2746 5.000000000e-03
2735 5.000000000e-03
2729 5.000000000e-03
2719 5.000000000e-03
2739 5.000000000e-03
2748 5.000000000e-03
2738 2.000000000e-02
2295 5.000000000e-03
2165 5.000000000e-03
2237 5.000000000e-03
2160 2.000000000e-02
2459 5.000000000e-03
2487 5.000000000e-03
2511 5.000000000e-03
2458 5.000000000e-03
2534 5.000000000e-03
2556 5.000000000e-03
2339 5.000000000e-03
2383 5.000000000e-03
2424 5.000000000e-03
2422 5.000000000e-03
2576 5.000000000e-03
2594 5.000000000e-03
2711 5.000000000e-03
2710 5.000000000e-03
2702 5.000000000e-03
2692 5.000000000e-03
2709 5.000000000e-03
2745 5.000000000e-03
2734 5.000000000e-03
2724 5.000000000e-03
2716 5.000000000e-03
2737 5.000000000e-03
2736 5.000000000e-03
2727 5.000000000e-03
2728 2.000000000e-02
1799 5.000000000e-03
2292 5.000000000e-03
2233 5.000000000e-03
1892 5.000000000e-03
1893 2.000000000e-02
2486 5.000000000e-03
2457 5.000000000e-03
2510 5.000000000e-03
2574 5.000000000e-03
2533 5.000000000e-03
2554 5.000000000e-03
2338 5.000000000e-03
2382 5.000000000e-03
2421 5.000000000e-03
2456 5.000000000e-03
2593 5.000000000e-03
2610 5.000000000e-03
2638 5.000000000e-03
2624 5.000000000e-03
2609 5.000000000e-03
2652 5.000000000e-03
2701 5.000000000e-03
2690 5.000000000e-03
2700 5.000000000e-03
2707 5.000000000e-03
2733 5.000000000e-03
2723 5.000000000e-03
2715 5.000000000e-03
2726 5.000000000e-03
2725 5.000000000e-03
2718 2.000000000e-02
1629 5.000000000e-03
1628 5.000000000e-03
1706 5.000000000e-03
1705 5.000000000e-03
1798 5.000000000e-03
1704 5.000000000e-03
2291 5.000000000e-03
2232 2.000000000e-02
1891 5.000000000e-03
1983 5.000000000e-03
1984 2.000000000e-02
2159 5.000000000e-03
2485 5.000000000e-03
2484 5.000000000e-03
2509 5.000000000e-03
2575 5.000000000e-03
2555 5.000000000e-03
2532 5.000000000e-03
2290 5.000000000e-03
2337 5.000000000e-03
2334 5.000000000e-03
2381 5.000000000e-03
2420 5.000000000e-03
2455 5.000000000e-03
2680 5.000000000e-03
2691 5.000000000e-03
2592 5.000000000e-03
2637 5.000000000e-03
2623 5.000000000e-03
2608 5.000000000e-03
2665 5.000000000e-03
2651 5.000000000e-03
2679 5.000000000e-03
2698 5.000000000e-03
2676 5.000000000e-03
2689 5.000000000e-03
2706 5.000000000e-03
2722 5.000000000e-03
2714 5.000000000e-03
2717 5.000000000e-03
1560 5.000000000e-03
1561 5.000000000e-03
1626 5.000000000e-03
1701 5.000000000e-03
1703 5.000000000e-03
1797 5.000000000e-03
1890 5.000000000e-03
1796 5.000000000e-03
2231 5.000000000e-03
2158 5.000000000e-03
1982 5.000000000e-03
2074 5.000000000e-03
2155 5.000000000e-03
1493 5.000000000e-03
1558 5.000000000e-03
1559 5.000000000e-03
1557 5.000000000e-03
2508 5.000000000e-03
2483 5.000000000e-03
2531 5.000000000e-03
2573 5.000000000e-03
2553 5.000000000e-03
2287 5.000000000e-03
2378 5.000000000e-03
2333 5.000000000e-03
2418 5.000000000e-03
2453 5.000000000e-03
2380 5.000000000e-03
2454 5.000000000e-03
2572 5.000000000e-03
2666 5.000000000e-03
2677 5.000000000e-03
2678 5.000000000e-03
2591 5.000000000e-03
2664 5.000000000e-03
2636 5.000000000e-03
2622 5.000000000e-03
2607 5.000000000e-03
2650 5.000000000e-03
2635 5.000000000e-03
2663 5.000000000e-03
2674 5.000000000e-03
2697 5.000000000e-03
2687 5.000000000e-03
2704 5.000000000e-03
2713 5.000000000e-03
2705 5.000000000e-03
2708 5.000000000e-03
1625 5.000000000e-03
1627 5.000000000e-03
1702 5.000000000e-03
1795 5.000000000e-03
1981 5.000000000e-03
1889 5.000000000e-03
1888 5.000000000e-03
2229 5.000000000e-03
2073 5.000000000e-03
2156 5.000000000e-03
1282 5.000000000e-03
1357 5.000000000e-03
1492 5.000000000e-03
1429 5.000000000e-03
1624 5.000000000e-03
1556 5.000000000e-03
1623 5.000000000e-03
1622 5.000000000e-03
2507 5.000000000e-03
2482 5.000000000e-03
2530 5.000000000e-03
2552 5.000000000e-03
2551 5.000000000e-03
2286 5.000000000e-03
2289 5.000000000e-03
2336 5.000000000e-03
2419 5.000000000e-03
2379 5.000000000e-03
2452 5.000000000e-03
2571 5.000000000e-03
2673 5.000000000e-03
2661 5.000000000e-03
2662 5.000000000e-03
2590 5.000000000e-03
2649 5.000000000e-03
2621 5.000000000e-03
2606 5.000000000e-03
2634 5.000000000e-03
2620 5.000000000e-03
2648 5.000000000e-03
2685 5.000000000e-03
2695 5.000000000e-03
2696 5.000000000e-03
2703 5.000000000e-03
2699 5.000000000e-03
1281 5.000000000e-03
1699 5.000000000e-03
1700 5.000000000e-03
1794 5.000000000e-03
1887 5.000000000e-03
2072 5.000000000e-03
1980 5.000000000e-03
1979 5.000000000e-03
1978 5.000000000e-03
2228 5.000000000e-03
2154 5.000000000e-03
1354 5.000000000e-03
1356 5.000000000e-03
1491 5.000000000e-03
1428 5.000000000e-03
1555 5.000000000e-03
1698 5.000000000e-03
1621 5.000000000e-03
1697 5.000000000e-03
2506 5.000000000e-03
2481 5.000000000e-03
2529 5.000000000e-03
2550 5.000000000e-03
2230 5.000000000e-03
2288 5.000000000e-03
2335 5.000000000e-03
2417 5.000000000e-03
2377 5.000000000e-03
2451 5.000000000e-03
2570 5.000000000e-03
2672 5.000000000e-03
2659 5.000000000e-03
2647 5.000000000e-03
2588 5.000000000e-03
2589 5.000000000e-03
2633 5.000000000e-03
2605 5.000000000e-03
2619 5.000000000e-03
2632 5.000000000e-03
2684 5.000000000e-03
2686 5.000000000e-03
2693 5.000000000e-03
2694 5.000000000e-03
2688 5.000000000e-03
1355 5.000000000e-03
1353 5.000000000e-03
1792 5.000000000e-03
1793 5.000000000e-03
1886 5.000000000e-03
1977 5.000000000e-03
2071 5.000000000e-03
2070 5.000000000e-03
2069 5.000000000e-03
2157 5.000000000e-03
2153 5.000000000e-03
1426 5.000000000e-03
1427 5.000000000e-03
1490 5.000000000e-03
1554 5.000000000e-03
1620 5.000000000e-03
1791 5.000000000e-03
1696 5.000000000e-03
2505 5.000000000e-03
2480 5.000000000e-03
2528 5.000000000e-03
2549 5.000000000e-03
2227 5.000000000e-03
2285 5.000000000e-03
2332 5.000000000e-03
2376 5.000000000e-03
2416 5.000000000e-03
2450 5.000000000e-03
2548 5.000000000e-03
2569 5.000000000e-03
2671 5.000000000e-03
2658 5.000000000e-03
2646 5.000000000e-03
2579 5.000000000e-03
2597 5.000000000e-03
2625 5.000000000e-03
2611 5.000000000e-03
2639 5.000000000e-03
2681 5.000000000e-03
2682 5.000000000e-03
2683 5.000000000e-03
2675 5.000000000e-03
1423 5.000000000e-03
1425 5.000000000e-03
1884 5.000000000e-03
1885 5.000000000e-03
1976 5.000000000e-03
2068 5.000000000e-03
2152 5.000000000e-03
2151 5.000000000e-03
2150 5.000000000e-03
2226 5.000000000e-03
1488 5.000000000e-03
1489 5.000000000e-03
1553 5.000000000e-03
1619 5.000000000e-03
1695 5.000000000e-03
1790 5.000000000e-03
1787 5.000000000e-03
1883 5.000000000e-03
2504 5.000000000e-03
2479 5.000000000e-03
2527 5.000000000e-03
2526 5.000000000e-03
2284 5.000000000e-03
2331 5.000000000e-03
2375 5.000000000e-03
2415 5.000000000e-03
2449 5.000000000e-03
2536 5.000000000e-03
2558 5.000000000e-03
2578 5.000000000e-03
2667 5.000000000e-03
2653 5.000000000e-03
2596 5.000000000e-03
2613 5.000000000e-03
2626 5.000000000e-03
2640 5.000000000e-03
2668 5.000000000e-03
2670 5.000000000e-03
2669 5.000000000e-03
2660 2.000000000e-02
1424 5.000000000e-03
1484 5.000000000e-03
1487 5.000000000e-03
1975 5.000000000e-03
1974 5.000000000e-03
2067 5.000000000e-03
2149 5.000000000e-03
2225 5.000000000e-03
2224 5.000000000e-03
2223 5.000000000e-03
2283 5.000000000e-03
1552 5.000000000e-03
1618 5.000000000e-03
1694 5.000000000e-03
1789 5.000000000e-03
1880 5.000000000e-03
1971 5.000000000e-03
2503 5.000000000e-03
2478 5.000000000e-03
2512 5.000000000e-03
2535 5.000000000e-03
2330 5.000000000e-03
2374 5.000000000e-03
2414 5.000000000e-03
2448 5.000000000e-03
2557 5.000000000e-03
2577 5.000000000e-03
2595 5.000000000e-03
2654 5.000000000e-03
2612 5.000000000e-03
2627 5.000000000e-03
2641 5.000000000e-03
2657 5.000000000e-03
2656 5.000000000e-03
2655 5.000000000e-03
1485 5.000000000e-03
1486 5.000000000e-03
1548 5.000000000e-03
1549 5.000000000e-03
2063 5.000000000e-03
2066 5.000000000e-03
2147 5.000000000e-03
2221 5.000000000e-03
2282 5.000000000e-03
2280 5.000000000e-03
2329 5.000000000e-03
1615 5.000000000e-03
1691 5.000000000e-03
1788 5.000000000e-03
1784 5.000000000e-03
1882 5.000000000e-03
1973 5.000000000e-03
2065 5.000000000e-03
2477 5.000000000e-03
2497 5.000000000e-03
2521 5.000000000e-03
2544 5.000000000e-03
2373 5.000000000e-03
2413 5.000000000e-03
2447 5.000000000e-03
2566 5.000000000e-03
2603 5.000000000e-03
2586 5.000000000e-03
2645 5.000000000e-03
2618 5.000000000e-03
2631 5.000000000e-03
2644 5.000000000e-03
2643 5.000000000e-03
2642 2.000000000e-02
1550 5.000000000e-03
1551 5.000000000e-03
1614 5.000000000e-03
2145 5.000000000e-03
2148 5.000000000e-03
2222 5.000000000e-03
2281 5.000000000e-03
2327 5.000000000e-03
2371 5.000000000e-03
1690 5.000000000e-03
1783 5.000000000e-03
1881 5.000000000e-03
1878 5.000000000e-03
1972 5.000000000e-03
2064 5.000000000e-03
2146 5.000000000e-03
2476 5.000000000e-03
2502 5.000000000e-03
2525 5.000000000e-03
2547 5.000000000e-03
2412 5.000000000e-03
2446 5.000000000e-03
2568 5.000000000e-03
2604 5.000000000e-03
2587 5.000000000e-03
2630 5.000000000e-03
2617 5.000000000e-03
2629 5.000000000e-03
2628 5.000000000e-03
1547 2.000000000e-02
1613 5.000000000e-03
1616 5.000000000e-03
1617 5.000000000e-03
2220 5.000000000e-03
2279 5.000000000e-03
2326 5.000000000e-03
2328 5.000000000e-03
2372 5.000000000e-03
1693 5.000000000e-03
1786 5.000000000e-03
1970 5.000000000e-03
1879 5.000000000e-03
2062 5.000000000e-03
2061 5.000000000e-03
2144 5.000000000e-03
2219 5.000000000e-03
2475 5.000000000e-03
2501 5.000000000e-03
2524 5.000000000e-03
2546 5.000000000e-03
2411 5.000000000e-03
2445 5.000000000e-03
2304 5.000000000e-03
2614 2.000000000e-02
2567 5.000000000e-03
2601 5.000000000e-03
2584 5.000000000e-03
2616 5.000000000e-03
2602 5.000000000e-03
2615 5.000000000e-03
1612 5.000000000e-03
1688 5.000000000e-03
1689 5.000000000e-03
1692 5.000000000e-03
2278 5.000000000e-03
2325 5.000000000e-03
2369 5.000000000e-03
2370 5.000000000e-03
1785 5.000000000e-03
1969 5.000000000e-03
1877 5.000000000e-03
2060 5.000000000e-03
2143 5.000000000e-03
2218 5.000000000e-03
2277 5.000000000e-03
2474 5.000000000e-03
2500 5.000000000e-03
2523 5.000000000e-03
2545 5.000000000e-03
2410 5.000000000e-03
2444 5.000000000e-03
2348 5.000000000e-03
2349 2.000000000e-02
2599 2.000000000e-02
2565 5.000000000e-03
2585 5.000000000e-03
2600 5.000000000e-03
2598 5.000000000e-03
1745 2.000000000e-02
1666 2.000000000e-02
1687 5.000000000e-03
1779 5.000000000e-03
1781 5.000000000e-03
1782 5.000000000e-03
2324 5.000000000e-03
2368 5.000000000e-03
2409 5.000000000e-03
1876 5.000000000e-03
1968 5.000000000e-03
2059 5.000000000e-03
2142 5.000000000e-03
2217 5.000000000e-03
2276 5.000000000e-03
2323 5.000000000e-03
2141 5.000000000e-03
2473 5.000000000e-03
2499 5.000000000e-03
2522 5.000000000e-03
2543 5.000000000e-03
2562 5.000000000e-03
2443 5.000000000e-03
2391 5.000000000e-03
2392 2.000000000e-02
2581 2.000000000e-02
2580 5.000000000e-03
2582 5.000000000e-03
2583 5.000000000e-03
2252 5.000000000e-03
2101 2.000000000e-02
2015 2.000000000e-02
2013 2.000000000e-02
1839 2.000000000e-02
1929 2.000000000e-02
1780 5.000000000e-03
1873 5.000000000e-03
1875 5.000000000e-03
2367 5.000000000e-03
2408 5.000000000e-03
2366 5.000000000e-03
1967 5.000000000e-03
2058 5.000000000e-03
2140 5.000000000e-03
2216 5.000000000e-03
2275 5.000000000e-03
2322 5.000000000e-03
2215 5.000000000e-03
2472 5.000000000e-03
2498 5.000000000e-03
2520 5.000000000e-03
2539 5.000000000e-03
2561 5.000000000e-03
2442 5.000000000e-03
2428 5.000000000e-03
2429 5.000000000e-03
2560 2.000000000e-02
2559 5.000000000e-03
2564 5.000000000e-03
2563 5.000000000e-03
2303 5.000000000e-03
2187 5.000000000e-03
2184 2.000000000e-02
2100 2.000000000e-02
2012 5.000000000e-03
1840 5.000000000e-03
1874 5.000000000e-03
1965 5.000000000e-03
2407 5.000000000e-03
2365 5.000000000e-03
2056 5.000000000e-03
2138 5.000000000e-03
2213 5.000000000e-03
2274 5.000000000e-03
2321 5.000000000e-03
2272 5.000000000e-03
2471 5.000000000e-03
2496 5.000000000e-03
2515 5.000000000e-03
2538 5.000000000e-03
2540 5.000000000e-03
2441 5.000000000e-03
2462 5.000000000e-03
2427 5.000000000e-03
2461 5.000000000e-03
2537 5.000000000e-03
2513 5.000000000e-03
2542 5.000000000e-03
2541 5.000000000e-03
1841 5.000000000e-03
1748 5.000000000e-03
1667 2.000000000e-02
1430 2.000000000e-02
2251 5.000000000e-03
2185 5.000000000e-03
2102 2.000000000e-02
1931 5.000000000e-03
1966 5.000000000e-03
2406 5.000000000e-03
2364 5.000000000e-03
2057 5.000000000e-03
2139 5.000000000e-03
2214 5.000000000e-03
2320 5.000000000e-03
2273 5.000000000e-03
2489 5.000000000e-03
2514 5.000000000e-03
2516 5.000000000e-03
2517 5.000000000e-03
2432 5.000000000e-03
2464 5.000000000e-03
2426 5.000000000e-03
2460 5.000000000e-03
2488 5.000000000e-03
2493 5.000000000e-03
2518 5.000000000e-03
2519 5.000000000e-03
1932 5.000000000e-03
1844 5.000000000e-03
1747 5.000000000e-03
400 2.000000000e-02
471 5.000000000e-03
1494 2.000000000e-02
1377 2.000000000e-02
1495 2.000000000e-02
1496 2.000000000e-02
1498 2.000000000e-02
2250 5.000000000e-03
2183 2.000000000e-02
2098 2.000000000e-02
2021 5.000000000e-03
2395 5.000000000e-03
2352 5.000000000e-03
2108 5.000000000e-03
2192 5.000000000e-03
2258 5.000000000e-03
2308 5.000000000e-03
2495 5.000000000e-03
2490 5.000000000e-03
2491 5.000000000e-03
2431 5.000000000e-03
2463 5.000000000e-03
2398 5.000000000e-03
2435 5.000000000e-03
2467 5.000000000e-03
2344 5.000000000e-03
2354 5.000000000e-03
2492 5.000000000e-03
2494 5.000000000e-03
2470 5.000000000e-03
1934 5.000000000e-03
1843 5.000000000e-03
1746 5.000000000e-03
470 5.000000000e-03
468 2.000000000e-02
469 2.000000000e-02
540 5.000000000e-03
1378 5.000000000e-03
1442 2.000000000e-02
1565 2.000000000e-02
1566 2.000000000e-02
2179 2.000000000e-02
2099 2.000000000e-02
2022 5.000000000e-03
2394 5.000000000e-03
2351 5.000000000e-03
2107 5.000000000e-03
2191 5.000000000e-03
2257 5.000000000e-03
2307 5.000000000e-03
2469 5.000000000e-03
2465 5.000000000e-03
2430 5.000000000e-03
2433 5.000000000e-03
2399 5.000000000e-03
2436 5.000000000e-03
2466 5.000000000e-03
2311 5.000000000e-03
2397 5.000000000e-03
2355 5.000000000e-03
2468 5.000000000e-03
2440 5.000000000e-03
1933 5.000000000e-03
1842 5.000000000e-03
1778 5.000000000e-03
539 5.000000000e-03
537 5.000000000e-03
538 5.000000000e-03
535 2.000000000e-02
536 5.000000000e-03
607 5.000000000e-03
669 5.000000000e-03
670 5.000000000e-03
735 5.000000000e-03
808 5.000000000e-03
1632 2.000000000e-02
1441 5.000000000e-03
1443 5.000000000e-03
1508 5.000000000e-03
1894 2.000000000e-02
2246 5.000000000e-03
2178 2.000000000e-02
2084 2.000000000e-02
2171 2.000000000e-02
1372 5.000000000e-03
1440 5.000000000e-03
1300 2.000000000e-02
2020 5.000000000e-03
2393 5.000000000e-03
2350 5.000000000e-03
2106 5.000000000e-03
2190 5.000000000e-03
2256 5.000000000e-03
2306 5.000000000e-03
2439 5.000000000e-03
2404 5.000000000e-03
2309 5.000000000e-03
2434 5.000000000e-03
2438 5.000000000e-03
2353 5.000000000e-03
2396 5.000000000e-03
2405 5.000000000e-03
2437 5.000000000e-03
1930 5.000000000e-03
1872 5.000000000e-03
1777 5.000000000e-03
1776 5.000000000e-03
606 5.000000000e-03
605 5.000000000e-03
601 5.000000000e-03
602 2.000000000e-02
603 2.000000000e-02
604 2.000000000e-02
668 5.000000000e-03
734 5.000000000e-03
807 5.000000000e-03
872 5.000000000e-03
1510 5.000000000e-03
1511 2.000000000e-02
1579 5.000000000e-03
1580 5.000000000e-03
1712 5.000000000e-03
1713 5.000000000e-03
1711 5.000000000e-03
1507 5.000000000e-03
1509 5.000000000e-03
1576 5.000000000e-03
1987 5.000000000e-03
1986 5.000000000e-03
1716 5.000000000e-03
1900 5.000000000e-03
2168 5.000000000e-03
2241 5.000000000e-03
2170 5.000000000e-03
1371 5.000000000e-03
1299 2.000000000e-02
2019 5.000000000e-03
2363 5.000000000e-03
2319 5.000000000e-03
2105 5.000000000e-03
2189 5.000000000e-03
2255 5.000000000e-03
2271 5.000000000e-03
2403 5.000000000e-03
2207 5.000000000e-03
2266 5.000000000e-03
2315 5.000000000e-03
2402 5.000000000e-03
2360 5.000000000e-03
2401 5.000000000e-03
2400 5.000000000e-03
1964 5.000000000e-03
1871 5.000000000e-03
1775 5.000000000e-03
667 5.000000000e-03
661 5.000000000e-03
662 5.000000000e-03
663 2.000000000e-02
664 2.000000000e-02
665 2.000000000e-02
666 5.000000000e-03
733 5.000000000e-03
805 5.000000000e-03
871 5.000000000e-03
1581 5.000000000e-03
1648 5.000000000e-03
1582 5.000000000e-03
1809 5.000000000e-03
1808 5.000000000e-03
1715 5.000000000e-03
1714 5.000000000e-03
1646 5.000000000e-03
1575 5.000000000e-03
1577 5.000000000e-03
2131 5.000000000e-03
2128 5.000000000e-03
2130 5.000000000e-03
2082 5.000000000e-03
2169 5.000000000e-03
2080 5.000000000e-03
1991 5.000000000e-03
1811 5.000000000e-03
1901 5.000000000e-03
1899 5.000000000e-03
2240 5.000000000e-03
1437 5.000000000e-03
1367 5.000000000e-03
1293 2.000000000e-02
1223 2.000000000e-02
1150 2.000000000e-02
73 2.000000000e-02
2055 5.000000000e-03
2362 5.000000000e-03
2318 5.000000000e-03
2137 5.000000000e-03
2212 5.000000000e-03
2270 5.000000000e-03
2361 5.000000000e-03
2206 5.000000000e-03
2265 5.000000000e-03
2314 5.000000000e-03
2359 5.000000000e-03
2358 5.000000000e-03
2357 5.000000000e-03
2129 5.000000000e-03
2205 5.000000000e-03
1963 5.000000000e-03
1870 5.000000000e-03
1774 5.000000000e-03
729 5.000000000e-03
730 5.000000000e-03
731 5.000000000e-03
732 5.000000000e-03
736 5.000000000e-03
806 5.000000000e-03
1806 5.000000000e-03
1710 2.000000000e-02
1649 5.000000000e-03
1728 5.000000000e-03
1650 5.000000000e-03
1651 5.000000000e-03
1652 2.000000000e-02
1904 5.000000000e-03
1810 5.000000000e-03
1645 5.000000000e-03
2110 5.000000000e-03
2194 5.000000000e-03
2045 5.000000000e-03
2047 5.000000000e-03
2046 5.000000000e-03
1954 5.000000000e-03
2167 5.000000000e-03
2086 5.000000000e-03
1992 5.000000000e-03
1906 5.000000000e-03
1990 5.000000000e-03
1366 5.000000000e-03
1292 5.000000000e-03
1222 5.000000000e-03
144 2.000000000e-02
143 5.000000000e-03
139 2.000000000e-02
2054 5.000000000e-03
2317 5.000000000e-03
2269 5.000000000e-03
2136 5.000000000e-03
2211 5.000000000e-03
2316 5.000000000e-03
2264 5.000000000e-03
2313 5.000000000e-03
2312 5.000000000e-03
2044 5.000000000e-03
2127 5.000000000e-03
2204 5.000000000e-03
1962 5.000000000e-03
1869 5.000000000e-03
1773 5.000000000e-03
803 5.000000000e-03
804 5.000000000e-03
809 5.000000000e-03
870 5.000000000e-03
933 5.000000000e-03
1731 5.000000000e-03
1902 5.000000000e-03
1807 5.000000000e-03
1729 5.000000000e-03
1730 5.000000000e-03
1994 5.000000000e-03
1905 5.000000000e-03
1727 5.000000000e-03
1647 5.000000000e-03
1574 5.000000000e-03
1578 5.000000000e-03
1505 5.000000000e-03
1506 5.000000000e-03
1439 5.000000000e-03
2024 5.000000000e-03
2111 5.000000000e-03
2195 5.000000000e-03
1955 5.000000000e-03
1953 5.000000000e-03
1951 5.000000000e-03
1862 5.000000000e-03
2085 5.000000000e-03
1995 5.000000000e-03
1308 5.000000000e-03
1380 5.000000000e-03
1235 2.000000000e-02
878 5.000000000e-03
877 2.000000000e-02
1007 2.000000000e-02
1078 5.000000000e-03
1077 2.000000000e-02
238 5.000000000e-03
237 5.000000000e-03
235 5.000000000e-03
234 2.000000000e-02
2053 5.000000000e-03
2268 5.000000000e-03
2210 5.000000000e-03
2135 5.000000000e-03
2267 5.000000000e-03
2042 5.000000000e-03
2263 5.000000000e-03
2262 5.000000000e-03
2126 5.000000000e-03
2203 5.000000000e-03
1771 5.000000000e-03
1961 5.000000000e-03
1867 5.000000000e-03
868 5.000000000e-03
869 5.000000000e-03
873 5.000000000e-03
932 5.000000000e-03
999 5.000000000e-03
1827 5.000000000e-03
1993 5.000000000e-03
1903 5.000000000e-03
1825 5.000000000e-03
1826 5.000000000e-03
2094 5.000000000e-03
1732 5.000000000e-03
1653 5.000000000e-03
1583 5.000000000e-03
1512 5.000000000e-03
1446 5.000000000e-03
1514 5.000000000e-03
1447 5.000000000e-03
1445 5.000000000e-03
1381 5.000000000e-03
1309 5.000000000e-03
2023 5.000000000e-03
2109 5.000000000e-03
2193 5.000000000e-03
1935 5.000000000e-03
1861 5.000000000e-03
2259 5.000000000e-03
1438 5.000000000e-03
1307 5.000000000e-03
1369 5.000000000e-03
1234 2.000000000e-02
942 5.000000000e-03
883 2.000000000e-02
1012 5.000000000e-03
1011 5.000000000e-03
1076 5.000000000e-03
1147 5.000000000e-03
882 5.000000000e-03
327 5.000000000e-03
401 2.000000000e-02
330 5.000000000e-03
329 5.000000000e-03
331 5.000000000e-03
328 5.000000000e-03
326 5.000000000e-03
325 5.000000000e-03
244 5.000000000e-03
243 5.000000000e-03
2052 5.000000000e-03
1960 5.000000000e-03
2209 5.000000000e-03
2134 5.000000000e-03
2208 5.000000000e-03
2043 5.000000000e-03
2202 5.000000000e-03
2125 5.000000000e-03
1770 5.000000000e-03
1868 5.000000000e-03
1772 5.000000000e-03
931 5.000000000e-03
934 5.000000000e-03
998 5.000000000e-03
1920 5.000000000e-03
1828 5.000000000e-03
1829 5.000000000e-03
1919 5.000000000e-03
1658 5.000000000e-03
1586 5.000000000e-03
1585 5.000000000e-03
1515 5.000000000e-03
1513 5.000000000e-03
1444 5.000000000e-03
1379 2.000000000e-02
1940 5.000000000e-03
2030 5.000000000e-03
2116 5.000000000e-03
1848 5.000000000e-03
1370 5.000000000e-03
1296 5.000000000e-03
1298 5.000000000e-03
1227 2.000000000e-02
946 5.000000000e-03
945 5.000000000e-03
881 2.000000000e-02
404 5.000000000e-03
472 5.000000000e-03
542 5.000000000e-03
406 5.000000000e-03
405 5.000000000e-03
403 5.000000000e-03
402 5.000000000e-03
334 5.000000000e-03
246 5.000000000e-03
2050 5.000000000e-03
1958 5.000000000e-03
2133 5.000000000e-03
2051 5.000000000e-03
2132 5.000000000e-03
2041 5.000000000e-03
2124 5.000000000e-03
1686 5.000000000e-03
1866 5.000000000e-03
1769 5.000000000e-03
996 5.000000000e-03
995 5.000000000e-03
1068 5.000000000e-03
1000 5.000000000e-03
1067 5.000000000e-03
997 5.000000000e-03
1921 5.000000000e-03
1736 5.000000000e-03
1657 5.000000000e-03
1656 5.000000000e-03
1587 5.000000000e-03
1450 5.000000000e-03
1383 5.000000000e-03
1939 5.000000000e-03
2029 5.000000000e-03
2115 5.000000000e-03
1847 5.000000000e-03
1858 5.000000000e-03
2123 5.000000000e-03
2039 5.000000000e-03
1297 5.000000000e-03
1368 5.000000000e-03
1229 5.000000000e-03
1157 2.000000000e-02
1014 5.000000000e-03
1013 5.000000000e-03
944 5.000000000e-03
880 2.000000000e-02
739 5.000000000e-03
740 2.000000000e-02
673 5.000000000e-03
476 5.000000000e-03
610 5.000000000e-03
545 5.000000000e-03
477 5.000000000e-03
475 5.000000000e-03
409 5.000000000e-03
335 5.000000000e-03
245 5.000000000e-03
242 2.000000000e-02
1959 5.000000000e-03
2049 5.000000000e-03
2048 5.000000000e-03
2040 5.000000000e-03
1483 5.000000000e-03
1546 5.000000000e-03
1685 5.000000000e-03
1611 5.000000000e-03
1865 5.000000000e-03
1768 5.000000000e-03
1065 5.000000000e-03
1064 2.000000000e-02
1063 5.000000000e-03
1141 5.000000000e-03
1140 5.000000000e-03
1069 5.000000000e-03
1066 5.000000000e-03
1831 5.000000000e-03
1735 5.000000000e-03
1659 5.000000000e-03
1518 5.000000000e-03
1589 5.000000000e-03
1449 5.000000000e-03
1382 2.000000000e-02
1517 5.000000000e-03
1859 5.000000000e-03
1938 5.000000000e-03
2028 5.000000000e-03
1846 5.000000000e-03
2201 5.000000000e-03
2200 5.000000000e-03
1949 5.000000000e-03
2122 5.000000000e-03
2038 5.000000000e-03
1228 5.000000000e-03
1295 5.000000000e-03
1220 5.000000000e-03
1156 5.000000000e-03
1090 5.000000000e-03
1082 5.000000000e-03
1149 5.000000000e-03
1221 5.000000000e-03
1080 5.000000000e-03
1010 5.000000000e-03
812 2.000000000e-02
940 5.000000000e-03
876 5.000000000e-03
738 5.000000000e-03
811 5.000000000e-03
671 5.000000000e-03
737 5.000000000e-03
548 5.000000000e-03
613 5.000000000e-03
547 5.000000000e-03
480 5.000000000e-03
408 5.000000000e-03
333 5.000000000e-03
332 2.000000000e-02
1957 5.000000000e-03
1956 5.000000000e-03
1952 5.000000000e-03
1482 5.000000000e-03
1545 5.000000000e-03
1610 5.000000000e-03
1684 5.000000000e-03
1864 5.000000000e-03
1767 5.000000000e-03
1213 5.000000000e-03
1138 5.000000000e-03
1137 5.000000000e-03
1136 5.000000000e-03
1212 5.000000000e-03
1211 5.000000000e-03
1142 5.000000000e-03
1139 5.000000000e-03
1737 5.000000000e-03
1588 5.000000000e-03
1448 2.000000000e-02
1516 5.000000000e-03
1765 5.000000000e-03
1764 5.000000000e-03
1937 5.000000000e-03
1763 5.000000000e-03
1762 5.000000000e-03
2121 5.000000000e-03
2120 5.000000000e-03
2119 5.000000000e-03
1854 5.000000000e-03
1948 5.000000000e-03
2037 5.000000000e-03
2118 5.000000000e-03
2199 5.000000000e-03
2197 5.000000000e-03
2196 5.000000000e-03
1155 5.000000000e-03
1226 5.000000000e-03
1294 5.000000000e-03
1225 5.000000000e-03
1089 5.000000000e-03
1088 5.000000000e-03
1148 5.000000000e-03
1079 5.000000000e-03
1009 5.000000000e-03
875 5.000000000e-03
939 5.000000000e-03
810 5.000000000e-03
675 5.000000000e-03
741 5.000000000e-03
615 5.000000000e-03
550 5.000000000e-03
479 5.000000000e-03
407 5.000000000e-03
1863 5.000000000e-03
1860 5.000000000e-03
1950 5.000000000e-03
1417 5.000000000e-03
1476 5.000000000e-03
1544 5.000000000e-03
1538 5.000000000e-03
1421 5.000000000e-03
1609 5.000000000e-03
1683 5.000000000e-03
1766 5.000000000e-03
1351 5.000000000e-03
1348 5.000000000e-03
1279 5.000000000e-03
1278 5.000000000e-03
1209 5.000000000e-03
1208 5.000000000e-03
1277 5.000000000e-03
1214 5.000000000e-03
1210 5.000000000e-03
1832 5.000000000e-03
1738 5.000000000e-03
1660 5.000000000e-03
1590 5.000000000e-03
1519 5.000000000e-03
1499 2.000000000e-02
1756 5.000000000e-03
1845 5.000000000e-03
2036 5.000000000e-03
2035 5.000000000e-03
2034 5.000000000e-03
1755 5.000000000e-03
1853 5.000000000e-03
1947 5.000000000e-03
2245 5.000000000e-03
2033 5.000000000e-03
2117 5.000000000e-03
2114 5.000000000e-03
2113 5.000000000e-03
2112 5.000000000e-03
1944 5.000000000e-03
2095 5.000000000e-03
2243 5.000000000e-03
2176 5.000000000e-03
1154 5.000000000e-03
1224 5.000000000e-03
1153 5.000000000e-03
1087 5.000000000e-03
1086 5.000000000e-03
1019 5.000000000e-03
1008 5.000000000e-03
938 5.000000000e-03
874 5.000000000e-03
813 5.000000000e-03
748 5.000000000e-03
679 5.000000000e-03
616 5.000000000e-03
549 5.000000000e-03
478 5.000000000e-03
1856 5.000000000e-03
1857 5.000000000e-03
1420 5.000000000e-03
1480 5.000000000e-03
1605 5.000000000e-03
1542 5.000000000e-03
1479 5.000000000e-03
1679 5.000000000e-03
1759 5.000000000e-03
1418 5.000000000e-03
1350 5.000000000e-03
1349 5.000000000e-03
1275 5.000000000e-03
1280 5.000000000e-03
1276 5.000000000e-03
1922 5.000000000e-03
1830 5.000000000e-03
1734 5.000000000e-03
1655 5.000000000e-03
1584 5.000000000e-03
1567 5.000000000e-03
1749 5.000000000e-03
1946 5.000000000e-03
1945 5.000000000e-03
1754 5.000000000e-03
1852 5.000000000e-03
2025 5.000000000e-03
2032 5.000000000e-03
2031 5.000000000e-03
2027 5.000000000e-03
2026 5.000000000e-03
1943 5.000000000e-03
2089 5.000000000e-03
2174 5.000000000e-03
2091 5.000000000e-03
1152 5.000000000e-03
1151 5.000000000e-03
1085 5.000000000e-03
1083 5.000000000e-03
1015 5.000000000e-03
947 5.000000000e-03
884 5.000000000e-03
821 5.000000000e-03
749 5.000000000e-03
680 5.000000000e-03
678 5.000000000e-03
614 5.000000000e-03
546 5.000000000e-03
474 2.000000000e-02
1760 5.000000000e-03
1761 5.000000000e-03
1855 5.000000000e-03
1477 5.000000000e-03
1541 5.000000000e-03
1607 5.000000000e-03
1539 5.000000000e-03
1680 5.000000000e-03
1419 5.000000000e-03
1352 5.000000000e-03
1346 5.000000000e-03
1347 5.000000000e-03
2001 5.000000000e-03
2092 5.000000000e-03
1913 5.000000000e-03
1817 5.000000000e-03
1733 5.000000000e-03
1654 5.000000000e-03
1638 2.000000000e-02
1673 5.000000000e-03
1753 5.000000000e-03
2006 5.000000000e-03
1942 5.000000000e-03
1941 5.000000000e-03
1936 5.000000000e-03
1849 5.000000000e-03
2007 5.000000000e-03
2088 5.000000000e-03
1998 5.000000000e-03
1999 5.000000000e-03
2090 5.000000000e-03
2093 5.000000000e-03
1084 5.000000000e-03
1018 2.000000000e-02
1017 5.000000000e-03
950 5.000000000e-03
888 5.000000000e-03
820 5.000000000e-03
747 5.000000000e-03
677 5.000000000e-03
617 5.000000000e-03
551 5.000000000e-03
481 2.000000000e-02
1681 5.000000000e-03
1757 5.000000000e-03
1758 5.000000000e-03
1478 5.000000000e-03
1606 5.000000000e-03
1540 5.000000000e-03
1608 5.000000000e-03
1422 5.000000000e-03
1415 5.000000000e-03
1416 5.000000000e-03
2000 5.000000000e-03
1912 5.000000000e-03
1816 5.000000000e-03
1719 5.000000000e-03
1851 5.000000000e-03
1924 5.000000000e-03
1925 5.000000000e-03
1996 5.000000000e-03
1910 5.000000000e-03
1911 5.000000000e-03
1997 5.000000000e-03
2003 5.000000000e-03
951 2.000000000e-02
1016 2.000000000e-02
949 5.000000000e-03
889 5.000000000e-03
822 5.000000000e-03
750 5.000000000e-03
682 5.000000000e-03
619 5.000000000e-03
552 5.000000000e-03
1676 5.000000000e-03
1678 5.000000000e-03
1677 5.000000000e-03
1481 5.000000000e-03
1543 5.000000000e-03
1602 5.000000000e-03
1473 5.000000000e-03
2002 5.000000000e-03
1915 5.000000000e-03
1819 5.000000000e-03
1720 5.000000000e-03
1833 5.000000000e-03
1908 5.000000000e-03
1907 5.000000000e-03
1815 5.000000000e-03
1909 5.000000000e-03
1918 5.000000000e-03
948 5.000000000e-03
887 5.000000000e-03
886 5.000000000e-03
818 5.000000000e-03
746 5.000000000e-03
681 5.000000000e-03
618 5.000000000e-03
553 2.000000000e-02
1604 5.000000000e-03
1603 5.000000000e-03
1535 5.000000000e-03
1537 5.000000000e-03
1474 5.000000000e-03
1820 5.000000000e-03
1721 5.000000000e-03
1672 5.000000000e-03
1752 5.000000000e-03
1834 5.000000000e-03
1917 5.000000000e-03
1813 5.000000000e-03
1812 5.000000000e-03
1814 5.000000000e-03
1824 5.000000000e-03
885 5.000000000e-03
819 5.000000000e-03
817 5.000000000e-03
745 5.000000000e-03
676 5.000000000e-03
622 5.000000000e-03
620 5.000000000e-03
554 2.000000000e-02
1536 5.000000000e-03
1601 5.000000000e-03
1475 5.000000000e-03
1914 5.000000000e-03
1916 5.000000000e-03
1818 5.000000000e-03
1671 5.000000000e-03
1739 5.000000000e-03
1823 5.000000000e-03
1822 5.000000000e-03
1717 5.000000000e-03
1718 5.000000000e-03
1726 5.000000000e-03
815 5.000000000e-03
744 5.000000000e-03
686 5.000000000e-03
685 5.000000000e-03
683 5.000000000e-03
621 2.000000000e-02
742 5.000000000e-03
763 2.000000000e-02
1533 5.000000000e-03
1534 5.000000000e-03
1471 2.000000000e-02
1821 5.000000000e-03
1723 5.000000000e-03
1669 5.000000000e-03
1725 5.000000000e-03
1724 5.000000000e-03
1661 5.000000000e-03
1644 5.000000000e-03
814 5.000000000e-03
761 5.000000000e-03
760 5.000000000e-03
759 5.000000000e-03
758 5.000000000e-03
756 5.000000000e-03
684 2.000000000e-02
762 5.000000000e-03
835 2.000000000e-02
1472 5.000000000e-03
1722 5.000000000e-03
1640 2.000000000e-02
1643 5.000000000e-03
1642 5.000000000e-03
1641 5.000000000e-03
1591 5.000000000e-03
833 5.000000000e-03
832 5.000000000e-03
831 5.000000000e-03
830 5.000000000e-03
757 5.000000000e-03
755 2.000000000e-02
834 5.000000000e-03
899 2.000000000e-02
1532 5.000000000e-03
1470 5.000000000e-03
1639 5.000000000e-03
1570 5.000000000e-03
1573 5.000000000e-03
1572 5.000000000e-03
1571 5.000000000e-03
1594 5.000000000e-03
964 2.000000000e-02
897 5.000000000e-03
896 5.000000000e-03
895 5.000000000e-03
829 5.000000000e-03
828 2.000000000e-02
898 5.000000000e-03
1531 5.000000000e-03
1469 5.000000000e-03
1569 5.000000000e-03
1568 5.000000000e-03
1503 2.000000000e-02
1504 5.000000000e-03
1524 5.000000000e-03
1031 2.000000000e-02
963 5.000000000e-03
1030 5.000000000e-03
961 5.000000000e-03
960 5.000000000e-03
894 5.000000000e-03
893 2.000000000e-02
962 5.000000000e-03
1401 3.000000000e-02
1530 5.000000000e-03
1468 5.000000000e-03
1467 5.000000000e-03
1466 2.000000000e-02
1502 5.000000000e-03
1501 5.000000000e-03
1500 5.000000000e-03
1436 5.000000000e-03
1364 5.000000000e-03
1320 5.000000000e-03
1289 2.000000000e-02
1103 2.000000000e-02
1102 2.000000000e-02
1101 5.000000000e-03
1176 2.000000000e-02
1029 5.000000000e-03
1100 5.000000000e-03
959 5.000000000e-03
957 5.000000000e-03
1028 5.000000000e-03
1529 5.000000000e-03
1465 5.000000000e-03
1414 5.000000000e-03
1522 5.000000000e-03
1454 5.000000000e-03
1435 5.000000000e-03
1521 5.000000000e-03
1390 5.000000000e-03
1389 5.000000000e-03
1319 5.000000000e-03
1249 5.000000000e-03
1175 5.000000000e-03
1174 5.000000000e-03
1169 5.000000000e-03
1173 5.000000000e-03
1248 5.000000000e-03
1099 5.000000000e-03
1172 5.000000000e-03
1027 5.000000000e-03
1025 5.000000000e-03
1413 2.000000000e-02
1453 5.000000000e-03
1318 5.000000000e-03
1247 5.000000000e-03
1243 5.000000000e-03
1317 5.000000000e-03
958 2.000000000e-02
1098 5.000000000e-03
1095 5.000000000e-03
1096 5.000000000e-03
1170 5.000000000e-03
1412 5.000000000e-03
1388 5.000000000e-03
1314 5.000000000e-03
1246 5.000000000e-03
1386 5.000000000e-03
1244 5.000000000e-03
1024 5.000000000e-03
1026 2.000000000e-02
1167 5.000000000e-03
1171 5.000000000e-03
1344 3.000000000e-02
1411 5.000000000e-03
1464 5.000000000e-03
1316 5.000000000e-03
1245 5.000000000e-03
1094 5.000000000e-03
1097 5.000000000e-03
1241 5.000000000e-03
1093 5.000000000e-03
1409 5.000000000e-03
1528 5.000000000e-03
1162 5.000000000e-03
1313 5.000000000e-03
1166 5.000000000e-03
1168 5.000000000e-03
1242 5.000000000e-03
1163 5.000000000e-03
1343 2.000000000e-02
1410 5.000000000e-03
1452 5.000000000e-03
1236 5.000000000e-03
1240 5.000000000e-03
1164 5.000000000e-03
1237 5.000000000e-03
1342 5.000000000e-03
1408 5.000000000e-03
1310 5.000000000e-03
1312 5.000000000e-03
1238 5.000000000e-03
1340 5.000000000e-03
1407 5.000000000e-03
1385 5.000000000e-03
1384 5.000000000e-03
1311 5.000000000e-03
1339 5.000000000e-03
1406 5.000000000e-03
1462 5.000000000e-03
1451 5.000000000e-03
1272 5.000000000e-03
1338 5.000000000e-03
1405 5.000000000e-03
1269 3.000000000e-02
1330 5.000000000e-03
1264 2.000000000e-02
1396 5.000000000e-03
1457 5.000000000e-03
1400 5.000000000e-03
1204 3.000000000e-02
1195 2.000000000e-02
1192 2.000000000e-02
1122 2.000000000e-02
1329 5.000000000e-03
1263 5.000000000e-03
1331 5.000000000e-03
1397 5.000000000e-03
1459 5.000000000e-03
1399 5.000000000e-03
1131 3.000000000e-02
1203 3.000000000e-02
1268 3.000000000e-02
1202 3.000000000e-02
1260 5.000000000e-03
1194 5.000000000e-03
1121 5.000000000e-03
1326 5.000000000e-03
1393 5.000000000e-03
1456 5.000000000e-03
1130 3.000000000e-02
1333 5.000000000e-03
1199 3.000000000e-02
1262 5.000000000e-03
1193 5.000000000e-03
1328 5.000000000e-03
1395 5.000000000e-03
1128 3.000000000e-02
1332 5.000000000e-03
1267 5.000000000e-03
1266 3.000000000e-02
1198 3.000000000e-02
1261 5.000000000e-03
1327 5.000000000e-03
1394 5.000000000e-03
1455 5.000000000e-03
1322 5.000000000e-03
1201 3.000000000e-02
1265 5.000000000e-03
1200 3.000000000e-02
1197 3.000000000e-02
1325 5.000000000e-03
1392 5.000000000e-03
1321 5.000000000e-03
1129 3.000000000e-02
1324 5.000000000e-03
1323 5.000000000e-03
2389 5.000000000e-03
2390 5.000000000e-03
2347 5.000000000e-03
2302 3.000000000e-02
2300 5.000000000e-03
2356 5.000000000e-03
2388 5.000000000e-03
2346 5.000000000e-03
1923 5.000000000e-03
2005 5.000000000e-03
2004 5.000000000e-03
1291 5.000000000e-03
1365 5.000000000e-03
1290 5.000000000e-03
1218 3.000000000e-02
1146 5.000000000e-03
1081 5.000000000e-03
1682 5.000000000e-03
1600 5.000000000e-03
2299 5.000000000e-03
2177 5.000000000e-03
2242 5.000000000e-03
2172 5.000000000e-03
1598 5.000000000e-03
1599 5.000000000e-03
1670 5.000000000e-03
1750 5.000000000e-03
1596 5.000000000e-03
1668 5.000000000e-03
1595 5.000000000e-03
1460 5.000000000e-03
1527 5.000000000e-03
1597 5.000000000e-03
1463 5.000000000e-03
1458 5.000000000e-03
1525 5.000000000e-03
1526 5.000000000e-03
1520 5.000000000e-03
1334 3.000000000e-02
1398 5.000000000e-03
1391 5.000000000e-03
2173 5.000000000e-03
2087 5.000000000e-03
2244 5.000000000e-03
2175 5.000000000e-03
1850 5.000000000e-03
1751 5.000000000e-03
2261 5.000000000e-03
2198 5.000000000e-03
1387 5.000000000e-03
1315 5.000000000e-03
2260 5.000000000e-03
2310 5.000000000e-03
2345 5.000000000e-03
1675 5.000000000e-03
1674 5.000000000e-03
2301 5.000000000e-03
2298 5.000000000e-03
