OceanMesh2D
3685
1
primitive_weighting_in_continuity_equation
unitless
1
3.000000000e-02 
primitive_weighting_in_continuity_equation
2686
71 3.000000000e-02
73 3.000000000e-02
119 3.000000000e-02
121 3.000000000e-02
124 3.000000000e-02
290 3.000000000e-02
189 3.000000000e-02
291 3.000000000e-02
269 3.000000000e-02
271 3.000000000e-02
293 3.000000000e-02
292 3.000000000e-02
368 3.000000000e-02
463 3.000000000e-02
395 3.000000000e-02
369 3.000000000e-02
353 3.000000000e-02
371 3.000000000e-02
370 3.000000000e-02
372 3.000000000e-02
441 3.000000000e-02
439 3.000000000e-02
440 3.000000000e-02
443 3.000000000e-02
444 3.000000000e-02
530 3.000000000e-02
513 3.000000000e-02
511 3.000000000e-02
512 3.000000000e-02
568 3.000000000e-02
589 3.000000000e-02
588 3.000000000e-02
587 3.000000000e-02
644 3.000000000e-02
643 3.000000000e-02
645 3.000000000e-02
705 3.000000000e-02
402 2.000000000e-02
397 2.000000000e-02
650 3.000000000e-02
646 3.000000000e-02
647 3.000000000e-02
706 3.000000000e-02
473 2.000000000e-02
474 5.000000000e-03
472 2.000000000e-02
471 5.000000000e-03
469 5.000000000e-03
468 2.000000000e-02
652 3.000000000e-02
648 3.000000000e-02
707 3.000000000e-02
541 2.000000000e-02
532 2.000000000e-02
540 5.000000000e-03
538 5.000000000e-03
539 5.000000000e-03
537 5.000000000e-03
536 5.000000000e-03
535 5.000000000e-03
534 5.000000000e-03
889 3.000000000e-02
649 3.000000000e-02
651 3.000000000e-02
708 3.000000000e-02
600 2.000000000e-02
592 5.000000000e-03
593 5.000000000e-03
599 5.000000000e-03
598 5.000000000e-03
597 5.000000000e-03
596 5.000000000e-03
595 5.000000000e-03
594 5.000000000e-03
890 3.000000000e-02
954 3.000000000e-02
1023 3.000000000e-02
601 2.000000000e-02
709 3.000000000e-02
710 3.000000000e-02
711 3.000000000e-02
654 2.000000000e-02
661 2.000000000e-02
655 5.000000000e-03
656 5.000000000e-03
660 5.000000000e-03
659 5.000000000e-03
658 5.000000000e-03
657 5.000000000e-03
662 5.000000000e-03
895 3.000000000e-02
955 3.000000000e-02
664 5.000000000e-03
764 3.000000000e-02
763 3.000000000e-02
762 3.000000000e-02
713 5.000000000e-03
714 2.000000000e-02
719 5.000000000e-03
715 5.000000000e-03
716 5.000000000e-03
718 5.000000000e-03
717 5.000000000e-03
720 5.000000000e-03
1034 3.000000000e-02
1103 3.000000000e-02
1105 3.000000000e-02
1108 3.000000000e-02
961 3.000000000e-02
724 5.000000000e-03
723 5.000000000e-03
766 3.000000000e-02
812 3.000000000e-02
767 3.000000000e-02
913 3.000000000e-02
977 3.000000000e-02
1041 3.000000000e-02
1042 3.000000000e-02
768 5.000000000e-03
770 2.000000000e-02
773 5.000000000e-03
771 5.000000000e-03
772 5.000000000e-03
774 5.000000000e-03
775 5.000000000e-03
1104 3.000000000e-02
1169 3.000000000e-02
1170 3.000000000e-02
1109 3.000000000e-02
1173 3.000000000e-02
962 3.000000000e-02
779 5.000000000e-03
778 5.000000000e-03
817 3.000000000e-02
818 3.000000000e-02
819 3.000000000e-02
915 3.000000000e-02
914 3.000000000e-02
978 3.000000000e-02
1043 3.000000000e-02
1110 3.000000000e-02
815 2.000000000e-02
820 5.000000000e-03
821 5.000000000e-03
822 2.000000000e-02
824 5.000000000e-03
823 5.000000000e-03
825 5.000000000e-03
826 5.000000000e-03
1240 3.000000000e-02
1172 3.000000000e-02
1242 3.000000000e-02
1101 3.000000000e-02
1028 3.000000000e-02
827 5.000000000e-03
828 2.000000000e-02
830 5.000000000e-03
829 5.000000000e-03
916 3.000000000e-02
979 3.000000000e-02
863 5.000000000e-03
861 5.000000000e-03
862 2.000000000e-02
871 5.000000000e-03
872 2.000000000e-02
876 5.000000000e-03
877 2.000000000e-02
878 5.000000000e-03
879 5.000000000e-03
880 5.000000000e-03
1171 3.000000000e-02
1241 3.000000000e-02
1305 3.000000000e-02
1168 3.000000000e-02
1167 3.000000000e-02
1166 3.000000000e-02
1164 3.000000000e-02
1099 3.000000000e-02
1096 3.000000000e-02
1094 3.000000000e-02
1097 3.000000000e-02
881 5.000000000e-03
883 5.000000000e-03
882 5.000000000e-03
886 5.000000000e-03
885 5.000000000e-03
980 3.000000000e-02
1044 3.000000000e-02
920 5.000000000e-03
917 5.000000000e-03
918 2.000000000e-02
919 2.000000000e-02
925 2.000000000e-02
931 2.000000000e-02
929 5.000000000e-03
930 5.000000000e-03
928 5.000000000e-03
934 2.000000000e-02
935 5.000000000e-03
936 5.000000000e-03
937 5.000000000e-03
938 2.000000000e-02
940 5.000000000e-03
939 5.000000000e-03
1239 3.000000000e-02
1238 3.000000000e-02
1237 3.000000000e-02
1235 3.000000000e-02
1234 3.000000000e-02
1303 3.000000000e-02
1165 3.000000000e-02
1162 3.000000000e-02
1163 3.000000000e-02
1161 3.000000000e-02
944 5.000000000e-03
945 2.000000000e-02
948 2.000000000e-02
947 5.000000000e-03
946 5.000000000e-03
943 5.000000000e-03
952 5.000000000e-03
951 5.000000000e-03
949 5.000000000e-03
1045 3.000000000e-02
1111 3.000000000e-02
989 5.000000000e-03
987 5.000000000e-03
988 2.000000000e-02
997 5.000000000e-03
996 5.000000000e-03
995 2.000000000e-02
994 2.000000000e-02
1001 5.000000000e-03
1000 5.000000000e-03
999 5.000000000e-03
998 5.000000000e-03
1003 2.000000000e-02
1005 5.000000000e-03
1004 5.000000000e-03
1006 5.000000000e-03
1007 5.000000000e-03
1008 2.000000000e-02
1009 5.000000000e-03
1013 5.000000000e-03
1304 3.000000000e-02
1301 3.000000000e-02
1233 3.000000000e-02
1124 3.000000000e-02
1054 3.000000000e-02
1055 3.000000000e-02
1053 3.000000000e-02
1018 2.000000000e-02
1015 5.000000000e-03
1017 5.000000000e-03
1016 5.000000000e-03
1014 5.000000000e-03
1021 5.000000000e-03
1020 5.000000000e-03
1019 5.000000000e-03
1022 2.000000000e-02
1064 3.000000000e-02
1112 3.000000000e-02
1174 3.000000000e-02
1059 5.000000000e-03
1058 5.000000000e-03
1056 5.000000000e-03
1057 2.000000000e-02
1066 2.000000000e-02
1069 5.000000000e-03
1068 5.000000000e-03
1067 5.000000000e-03
1072 5.000000000e-03
1071 5.000000000e-03
1070 5.000000000e-03
1073 5.000000000e-03
1074 5.000000000e-03
1075 5.000000000e-03
1076 5.000000000e-03
1077 5.000000000e-03
1078 5.000000000e-03
1079 5.000000000e-03
1084 5.000000000e-03
1123 3.000000000e-02
1122 3.000000000e-02
1089 2.000000000e-02
1088 5.000000000e-03
1087 5.000000000e-03
1086 5.000000000e-03
1085 5.000000000e-03
1093 2.000000000e-02
1091 5.000000000e-03
1090 5.000000000e-03
1092 2.000000000e-02
1115 5.000000000e-03
1119 2.000000000e-02
1118 5.000000000e-03
1117 5.000000000e-03
1129 5.000000000e-03
1130 2.000000000e-02
1131 2.000000000e-02
1132 5.000000000e-03
1133 5.000000000e-03
1175 5.000000000e-03
1243 3.000000000e-02
1128 5.000000000e-03
1127 5.000000000e-03
1125 5.000000000e-03
1126 2.000000000e-02
1139 5.000000000e-03
1141 5.000000000e-03
1140 5.000000000e-03
1143 5.000000000e-03
1142 5.000000000e-03
1144 5.000000000e-03
1145 5.000000000e-03
1146 5.000000000e-03
1147 5.000000000e-03
1148 5.000000000e-03
1149 5.000000000e-03
1153 5.000000000e-03
1152 5.000000000e-03
1151 5.000000000e-03
1150 2.000000000e-02
1186 3.000000000e-02
1185 3.000000000e-02
1184 3.000000000e-02
1156 5.000000000e-03
1155 5.000000000e-03
1154 5.000000000e-03
1159 5.000000000e-03
1160 5.000000000e-03
1157 5.000000000e-03
1158 2.000000000e-02
1176 5.000000000e-03
1177 5.000000000e-03
1180 5.000000000e-03
1182 5.000000000e-03
1179 5.000000000e-03
1178 5.000000000e-03
1197 5.000000000e-03
1198 2.000000000e-02
1201 2.000000000e-02
1200 5.000000000e-03
1199 5.000000000e-03
1196 5.000000000e-03
1202 2.000000000e-02
1203 2.000000000e-02
1191 5.000000000e-03
1193 5.000000000e-03
1188 5.000000000e-03
1192 5.000000000e-03
1189 5.000000000e-03
1190 2.000000000e-02
1208 5.000000000e-03
1212 5.000000000e-03
1213 5.000000000e-03
1214 5.000000000e-03
1215 5.000000000e-03
1216 5.000000000e-03
1217 5.000000000e-03
1218 5.000000000e-03
1222 5.000000000e-03
1221 5.000000000e-03
1220 5.000000000e-03
1219 2.000000000e-02
1236 3.000000000e-02
1252 3.000000000e-02
1251 5.000000000e-03
1250 5.000000000e-03
1248 5.000000000e-03
1232 5.000000000e-03
1227 5.000000000e-03
1226 5.000000000e-03
1230 5.000000000e-03
1231 5.000000000e-03
1228 5.000000000e-03
1229 2.000000000e-02
1245 5.000000000e-03
1247 5.000000000e-03
1249 5.000000000e-03
1246 5.000000000e-03
1244 5.000000000e-03
1260 5.000000000e-03
1267 2.000000000e-02
1264 5.000000000e-03
1266 5.000000000e-03
1265 5.000000000e-03
1263 5.000000000e-03
1271 5.000000000e-03
1268 5.000000000e-03
1269 5.000000000e-03
1270 5.000000000e-03
1272 5.000000000e-03
1258 5.000000000e-03
1259 5.000000000e-03
1254 5.000000000e-03
1257 2.000000000e-02
1255 5.000000000e-03
1256 2.000000000e-02
1278 5.000000000e-03
1277 5.000000000e-03
1276 5.000000000e-03
1280 5.000000000e-03
1281 5.000000000e-03
1282 5.000000000e-03
1283 5.000000000e-03
1284 5.000000000e-03
1287 5.000000000e-03
1286 5.000000000e-03
1285 2.000000000e-02
1291 2.000000000e-02
1290 2.000000000e-02
1306 5.000000000e-03
1300 3.000000000e-02
1302 5.000000000e-03
1313 5.000000000e-03
1312 5.000000000e-03
1311 5.000000000e-03
1295 5.000000000e-03
1299 5.000000000e-03
1296 5.000000000e-03
1298 5.000000000e-03
1297 5.000000000e-03
1294 2.000000000e-02
1309 5.000000000e-03
1310 5.000000000e-03
1308 5.000000000e-03
1307 5.000000000e-03
1314 2.000000000e-02
1316 5.000000000e-03
1317 2.000000000e-02
1315 5.000000000e-03
1328 5.000000000e-03
1327 5.000000000e-03
1332 5.000000000e-03
1331 5.000000000e-03
1330 5.000000000e-03
1335 5.000000000e-03
1333 5.000000000e-03
1334 5.000000000e-03
1336 5.000000000e-03
1326 5.000000000e-03
1325 5.000000000e-03
1324 2.000000000e-02
1321 5.000000000e-03
1323 5.000000000e-03
1322 5.000000000e-03
1337 2.000000000e-02
1340 5.000000000e-03
1341 5.000000000e-03
1339 5.000000000e-03
1338 5.000000000e-03
1342 5.000000000e-03
1344 5.000000000e-03
1345 5.000000000e-03
1347 5.000000000e-03
1346 5.000000000e-03
1343 2.000000000e-02
1352 5.000000000e-03
1351 5.000000000e-03
1350 5.000000000e-03
1366 5.000000000e-03
1365 5.000000000e-03
1364 5.000000000e-03
1363 5.000000000e-03
1361 3.000000000e-02
1360 5.000000000e-03
1362 5.000000000e-03
1372 5.000000000e-03
1371 5.000000000e-03
1370 5.000000000e-03
1357 5.000000000e-03
1356 5.000000000e-03
1359 5.000000000e-03
1358 5.000000000e-03
1355 5.000000000e-03
1369 5.000000000e-03
1368 5.000000000e-03
1367 5.000000000e-03
1373 5.000000000e-03
1374 2.000000000e-02
1375 2.000000000e-02
1381 3.000000000e-02
1378 5.000000000e-03
1377 5.000000000e-03
1376 5.000000000e-03
1390 5.000000000e-03
1389 5.000000000e-03
1392 5.000000000e-03
1391 5.000000000e-03
1394 5.000000000e-03
1393 5.000000000e-03
1395 5.000000000e-03
1388 5.000000000e-03
1387 5.000000000e-03
1386 2.000000000e-02
1385 5.000000000e-03
1384 5.000000000e-03
1383 2.000000000e-02
1396 2.000000000e-02
1399 5.000000000e-03
1400 5.000000000e-03
1398 5.000000000e-03
1397 5.000000000e-03
1401 5.000000000e-03
1403 5.000000000e-03
1404 5.000000000e-03
1402 5.000000000e-03
1409 5.000000000e-03
1408 5.000000000e-03
1407 5.000000000e-03
1419 5.000000000e-03
1418 5.000000000e-03
1417 5.000000000e-03
1416 5.000000000e-03
1415 5.000000000e-03
1424 5.000000000e-03
1423 5.000000000e-03
1422 5.000000000e-03
1413 5.000000000e-03
1414 5.000000000e-03
1412 5.000000000e-03
1421 5.000000000e-03
1420 5.000000000e-03
1425 5.000000000e-03
1426 5.000000000e-03
1427 2.000000000e-02
1440 5.000000000e-03
1433 3.000000000e-02
1432 3.000000000e-02
1431 5.000000000e-03
1429 5.000000000e-03
1428 5.000000000e-03
1430 5.000000000e-03
1442 5.000000000e-03
1441 5.000000000e-03
1443 5.000000000e-03
1444 5.000000000e-03
1445 5.000000000e-03
1439 5.000000000e-03
1438 5.000000000e-03
1437 2.000000000e-02
1436 5.000000000e-03
1435 5.000000000e-03
1446 2.000000000e-02
1449 5.000000000e-03
1448 5.000000000e-03
1447 5.000000000e-03
1450 5.000000000e-03
1452 5.000000000e-03
1451 5.000000000e-03
1456 5.000000000e-03
1454 5.000000000e-03
1455 5.000000000e-03
1457 5.000000000e-03
1465 5.000000000e-03
1464 5.000000000e-03
1463 5.000000000e-03
1462 5.000000000e-03
1461 5.000000000e-03
1468 5.000000000e-03
1467 5.000000000e-03
1459 5.000000000e-03
1458 5.000000000e-03
1466 5.000000000e-03
1460 5.000000000e-03
1469 5.000000000e-03
1470 5.000000000e-03
1471 5.000000000e-03
1485 5.000000000e-03
1484 5.000000000e-03
1476 3.000000000e-02
1475 5.000000000e-03
1474 5.000000000e-03
1473 5.000000000e-03
1472 5.000000000e-03
1487 5.000000000e-03
1486 5.000000000e-03
1488 5.000000000e-03
1489 5.000000000e-03
1483 5.000000000e-03
1482 5.000000000e-03
1481 5.000000000e-03
1480 5.000000000e-03
1479 5.000000000e-03
1478 5.000000000e-03
1490 2.000000000e-02
1492 5.000000000e-03
1491 5.000000000e-03
1493 2.000000000e-02
1494 5.000000000e-03
1495 5.000000000e-03
1496 5.000000000e-03
1497 5.000000000e-03
1499 5.000000000e-03
1498 5.000000000e-03
1501 5.000000000e-03
1500 2.000000000e-02
1509 5.000000000e-03
1508 5.000000000e-03
1507 5.000000000e-03
1511 5.000000000e-03
1510 5.000000000e-03
1505 5.000000000e-03
1506 5.000000000e-03
1514 2.000000000e-02
1512 5.000000000e-03
1513 5.000000000e-03
1515 2.000000000e-02
1529 5.000000000e-03
1528 5.000000000e-03
1527 5.000000000e-03
1520 2.000000000e-02
1519 5.000000000e-03
1518 5.000000000e-03
1517 5.000000000e-03
1516 5.000000000e-03
1530 5.000000000e-03
1531 5.000000000e-03
1526 5.000000000e-03
1525 5.000000000e-03
1524 5.000000000e-03
1523 5.000000000e-03
1522 5.000000000e-03
1521 5.000000000e-03
1534 2.000000000e-02
1532 5.000000000e-03
1533 5.000000000e-03
1536 5.000000000e-03
1535 5.000000000e-03
1537 5.000000000e-03
1538 5.000000000e-03
1539 5.000000000e-03
1540 5.000000000e-03
1542 5.000000000e-03
1541 5.000000000e-03
1552 5.000000000e-03
1551 5.000000000e-03
1554 5.000000000e-03
1553 5.000000000e-03
1550 5.000000000e-03
1549 5.000000000e-03
1556 5.000000000e-03
1555 5.000000000e-03
1557 5.000000000e-03
1558 5.000000000e-03
1574 5.000000000e-03
1573 5.000000000e-03
1572 5.000000000e-03
1571 5.000000000e-03
1563 5.000000000e-03
1564 2.000000000e-02
1562 5.000000000e-03
1561 5.000000000e-03
1560 5.000000000e-03
1559 5.000000000e-03
1575 5.000000000e-03
1565 5.000000000e-03
1570 5.000000000e-03
1569 5.000000000e-03
1568 5.000000000e-03
1567 5.000000000e-03
1566 5.000000000e-03
1578 2.000000000e-02
1579 2.000000000e-02
1580 5.000000000e-03
1576 5.000000000e-03
1577 5.000000000e-03
1581 5.000000000e-03
1584 5.000000000e-03
1585 5.000000000e-03
1587 5.000000000e-03
1586 5.000000000e-03
1582 5.000000000e-03
1583 5.000000000e-03
1589 2.000000000e-02
1597 5.000000000e-03
1599 5.000000000e-03
1598 5.000000000e-03
1596 5.000000000e-03
1595 5.000000000e-03
1601 5.000000000e-03
1602 5.000000000e-03
1600 5.000000000e-03
1618 5.000000000e-03
1617 5.000000000e-03
1616 5.000000000e-03
1615 5.000000000e-03
1607 5.000000000e-03
1608 5.000000000e-03
1606 5.000000000e-03
1605 5.000000000e-03
1604 5.000000000e-03
1603 5.000000000e-03
1619 5.000000000e-03
1609 5.000000000e-03
1610 5.000000000e-03
1614 5.000000000e-03
1613 5.000000000e-03
1612 5.000000000e-03
1611 5.000000000e-03
1622 5.000000000e-03
1623 5.000000000e-03
1624 5.000000000e-03
1620 5.000000000e-03
1621 5.000000000e-03
1625 5.000000000e-03
1629 5.000000000e-03
1630 5.000000000e-03
1627 5.000000000e-03
1628 5.000000000e-03
1626 5.000000000e-03
1638 2.000000000e-02
1641 5.000000000e-03
1642 5.000000000e-03
1640 5.000000000e-03
1639 5.000000000e-03
1645 5.000000000e-03
1644 5.000000000e-03
1643 5.000000000e-03
1659 5.000000000e-03
1663 5.000000000e-03
1662 5.000000000e-03
1661 5.000000000e-03
1660 5.000000000e-03
1653 5.000000000e-03
1651 5.000000000e-03
1652 5.000000000e-03
1650 5.000000000e-03
1649 5.000000000e-03
1648 5.000000000e-03
1647 5.000000000e-03
1664 5.000000000e-03
1654 5.000000000e-03
1655 5.000000000e-03
1658 5.000000000e-03
1657 5.000000000e-03
1656 5.000000000e-03
1669 5.000000000e-03
1668 5.000000000e-03
1667 5.000000000e-03
1670 5.000000000e-03
1665 5.000000000e-03
1666 5.000000000e-03
1671 5.000000000e-03
1675 5.000000000e-03
1674 5.000000000e-03
1673 5.000000000e-03
1672 5.000000000e-03
1676 2.000000000e-02
1677 2.000000000e-02
1682 2.000000000e-02
1680 2.000000000e-02
1685 5.000000000e-03
1684 5.000000000e-03
1687 5.000000000e-03
1686 5.000000000e-03
1690 5.000000000e-03
1689 5.000000000e-03
1688 5.000000000e-03
1646 2.000000000e-02
1709 5.000000000e-03
1710 5.000000000e-03
1713 5.000000000e-03
1712 5.000000000e-03
1711 5.000000000e-03
1702 5.000000000e-03
1701 5.000000000e-03
1703 5.000000000e-03
1699 2.000000000e-02
1697 5.000000000e-03
1698 5.000000000e-03
1696 5.000000000e-03
1695 5.000000000e-03
1715 5.000000000e-03
1694 5.000000000e-03
1714 5.000000000e-03
1700 5.000000000e-03
1704 5.000000000e-03
1705 5.000000000e-03
1708 5.000000000e-03
1707 5.000000000e-03
1706 5.000000000e-03
1720 5.000000000e-03
1719 5.000000000e-03
1718 5.000000000e-03
1721 5.000000000e-03
1717 5.000000000e-03
1722 5.000000000e-03
1726 5.000000000e-03
1725 5.000000000e-03
1724 5.000000000e-03
1729 5.000000000e-03
1730 5.000000000e-03
1728 5.000000000e-03
1727 5.000000000e-03
1723 5.000000000e-03
1734 5.000000000e-03
1733 2.000000000e-02
1737 5.000000000e-03
1736 5.000000000e-03
1739 5.000000000e-03
1738 5.000000000e-03
1741 5.000000000e-03
1740 5.000000000e-03
1743 5.000000000e-03
1742 5.000000000e-03
1693 5.000000000e-03
1691 5.000000000e-03
1692 5.000000000e-03
1765 5.000000000e-03
1766 5.000000000e-03
1767 5.000000000e-03
1769 5.000000000e-03
1768 5.000000000e-03
1756 5.000000000e-03
1755 5.000000000e-03
1758 5.000000000e-03
1757 5.000000000e-03
1759 5.000000000e-03
1816 5.000000000e-03
1753 5.000000000e-03
1752 5.000000000e-03
1751 5.000000000e-03
1750 5.000000000e-03
1772 5.000000000e-03
1771 5.000000000e-03
1749 5.000000000e-03
1770 5.000000000e-03
1754 5.000000000e-03
1761 5.000000000e-03
1762 5.000000000e-03
1764 5.000000000e-03
1763 5.000000000e-03
1760 2.000000000e-02
1781 5.000000000e-03
1780 5.000000000e-03
1782 5.000000000e-03
1779 5.000000000e-03
1783 5.000000000e-03
1787 5.000000000e-03
1786 5.000000000e-03
1789 5.000000000e-03
1788 5.000000000e-03
1785 5.000000000e-03
1784 5.000000000e-03
1791 5.000000000e-03
1790 2.000000000e-02
1793 5.000000000e-03
1792 5.000000000e-03
1795 5.000000000e-03
1794 5.000000000e-03
1797 5.000000000e-03
1796 5.000000000e-03
1798 5.000000000e-03
1799 5.000000000e-03
1800 5.000000000e-03
1747 5.000000000e-03
1748 5.000000000e-03
1746 5.000000000e-03
1744 5.000000000e-03
1745 5.000000000e-03
1829 5.000000000e-03
1830 5.000000000e-03
1831 5.000000000e-03
1832 5.000000000e-03
1815 5.000000000e-03
1814 5.000000000e-03
1818 5.000000000e-03
1817 5.000000000e-03
1819 5.000000000e-03
1821 5.000000000e-03
1883 5.000000000e-03
1822 5.000000000e-03
1888 5.000000000e-03
1820 2.000000000e-02
1812 5.000000000e-03
1811 5.000000000e-03
1810 5.000000000e-03
1809 5.000000000e-03
1835 5.000000000e-03
1834 5.000000000e-03
1808 5.000000000e-03
1807 5.000000000e-03
1833 5.000000000e-03
1813 5.000000000e-03
1823 5.000000000e-03
1826 5.000000000e-03
1827 5.000000000e-03
1825 5.000000000e-03
1824 5.000000000e-03
1828 5.000000000e-03
1848 5.000000000e-03
1849 5.000000000e-03
1847 5.000000000e-03
1850 5.000000000e-03
1853 5.000000000e-03
1854 5.000000000e-03
1852 5.000000000e-03
1851 5.000000000e-03
1855 5.000000000e-03
1856 5.000000000e-03
1858 5.000000000e-03
1857 5.000000000e-03
1837 2.000000000e-02
1859 5.000000000e-03
1860 5.000000000e-03
1862 5.000000000e-03
1863 5.000000000e-03
1864 5.000000000e-03
1865 5.000000000e-03
1861 5.000000000e-03
1805 5.000000000e-03
1806 5.000000000e-03
1804 5.000000000e-03
1801 5.000000000e-03
1802 5.000000000e-03
1803 5.000000000e-03
1898 5.000000000e-03
1899 5.000000000e-03
1900 5.000000000e-03
1901 5.000000000e-03
1904 5.000000000e-03
1882 5.000000000e-03
1885 5.000000000e-03
1884 5.000000000e-03
1886 5.000000000e-03
1890 5.000000000e-03
1891 5.000000000e-03
1887 5.000000000e-03
1889 2.000000000e-02
1880 5.000000000e-03
1879 5.000000000e-03
1878 5.000000000e-03
1903 5.000000000e-03
1902 5.000000000e-03
1877 5.000000000e-03
1876 5.000000000e-03
1881 5.000000000e-03
1892 5.000000000e-03
1893 5.000000000e-03
1896 5.000000000e-03
1895 5.000000000e-03
1894 5.000000000e-03
1897 5.000000000e-03
1918 5.000000000e-03
1916 5.000000000e-03
1915 5.000000000e-03
1917 5.000000000e-03
1921 5.000000000e-03
1920 5.000000000e-03
1919 5.000000000e-03
1922 5.000000000e-03
1923 5.000000000e-03
1911 5.000000000e-03
1924 5.000000000e-03
1925 5.000000000e-03
1927 5.000000000e-03
1928 5.000000000e-03
1929 5.000000000e-03
1926 5.000000000e-03
1871 5.000000000e-03
1872 2.000000000e-02
1873 5.000000000e-03
1870 5.000000000e-03
1866 5.000000000e-03
1867 5.000000000e-03
1868 5.000000000e-03
1869 5.000000000e-03
1875 5.000000000e-03
1874 5.000000000e-03
1966 5.000000000e-03
1967 5.000000000e-03
1968 5.000000000e-03
1971 5.000000000e-03
1969 5.000000000e-03
1954 5.000000000e-03
1957 5.000000000e-03
1956 5.000000000e-03
1959 5.000000000e-03
1958 5.000000000e-03
1952 5.000000000e-03
1951 5.000000000e-03
1950 5.000000000e-03
1970 5.000000000e-03
1965 5.000000000e-03
1948 5.000000000e-03
1949 5.000000000e-03
1953 5.000000000e-03
1960 5.000000000e-03
1961 5.000000000e-03
1963 5.000000000e-03
1962 5.000000000e-03
1964 5.000000000e-03
1982 5.000000000e-03
1981 5.000000000e-03
1979 5.000000000e-03
1980 5.000000000e-03
1984 5.000000000e-03
1983 5.000000000e-03
1985 5.000000000e-03
1986 5.000000000e-03
1976 5.000000000e-03
1987 5.000000000e-03
1988 5.000000000e-03
1989 5.000000000e-03
1991 5.000000000e-03
1992 5.000000000e-03
1993 5.000000000e-03
1990 5.000000000e-03
1940 5.000000000e-03
1941 5.000000000e-03
1942 5.000000000e-03
1939 5.000000000e-03
1938 5.000000000e-03
1934 5.000000000e-03
1935 5.000000000e-03
1936 5.000000000e-03
1937 5.000000000e-03
1931 5.000000000e-03
1933 5.000000000e-03
1932 5.000000000e-03
1944 5.000000000e-03
1943 5.000000000e-03
1930 5.000000000e-03
2020 2.000000000e-02
2019 2.000000000e-02
2046 5.000000000e-03
2047 5.000000000e-03
2050 5.000000000e-03
2048 5.000000000e-03
2049 5.000000000e-03
2035 5.000000000e-03
2037 5.000000000e-03
2034 5.000000000e-03
2036 5.000000000e-03
2038 5.000000000e-03
2039 2.000000000e-02
2032 5.000000000e-03
2031 5.000000000e-03
2030 5.000000000e-03
2045 5.000000000e-03
2044 5.000000000e-03
2033 5.000000000e-03
2028 5.000000000e-03
2029 5.000000000e-03
2040 5.000000000e-03
2041 5.000000000e-03
2042 5.000000000e-03
2043 5.000000000e-03
2057 5.000000000e-03
2056 5.000000000e-03
2055 5.000000000e-03
2058 5.000000000e-03
2059 5.000000000e-03
2060 5.000000000e-03
2053 5.000000000e-03
2061 5.000000000e-03
2054 2.000000000e-02
2052 2.000000000e-02
2062 5.000000000e-03
2063 5.000000000e-03
2066 5.000000000e-03
2067 5.000000000e-03
2064 5.000000000e-03
2065 5.000000000e-03
2013 5.000000000e-03
2014 5.000000000e-03
2018 5.000000000e-03
2015 5.000000000e-03
2012 5.000000000e-03
2011 5.000000000e-03
2007 5.000000000e-03
2008 5.000000000e-03
2009 5.000000000e-03
2010 5.000000000e-03
2000 5.000000000e-03
1999 5.000000000e-03
2001 5.000000000e-03
2006 5.000000000e-03
2005 5.000000000e-03
2002 5.000000000e-03
2003 5.000000000e-03
2004 5.000000000e-03
2017 5.000000000e-03
2016 5.000000000e-03
1994 2.000000000e-02
1995 2.000000000e-02
1998 5.000000000e-03
1997 5.000000000e-03
1996 2.000000000e-02
2099 2.000000000e-02
2098 2.000000000e-02
2129 5.000000000e-03
2130 5.000000000e-03
2131 5.000000000e-03
2134 5.000000000e-03
2132 5.000000000e-03
2133 5.000000000e-03
2115 5.000000000e-03
2117 5.000000000e-03
2118 5.000000000e-03
2116 5.000000000e-03
2119 5.000000000e-03
2122 5.000000000e-03
2123 5.000000000e-03
2120 5.000000000e-03
2121 5.000000000e-03
2113 5.000000000e-03
2112 5.000000000e-03
2128 5.000000000e-03
2109 5.000000000e-03
2114 5.000000000e-03
2111 5.000000000e-03
2110 5.000000000e-03
2124 5.000000000e-03
2125 5.000000000e-03
2126 5.000000000e-03
2127 5.000000000e-03
2139 5.000000000e-03
2138 5.000000000e-03
2140 5.000000000e-03
2141 5.000000000e-03
2136 5.000000000e-03
2142 5.000000000e-03
2137 2.000000000e-02
2135 2.000000000e-02
2143 5.000000000e-03
2144 5.000000000e-03
2147 5.000000000e-03
2148 5.000000000e-03
2146 5.000000000e-03
2145 5.000000000e-03
2092 5.000000000e-03
2097 5.000000000e-03
2093 5.000000000e-03
2090 5.000000000e-03
2094 5.000000000e-03
2091 5.000000000e-03
2089 5.000000000e-03
2086 5.000000000e-03
2087 5.000000000e-03
2088 5.000000000e-03
2073 5.000000000e-03
2076 5.000000000e-03
2075 5.000000000e-03
2077 5.000000000e-03
2079 5.000000000e-03
2078 5.000000000e-03
2080 5.000000000e-03
2085 5.000000000e-03
2084 5.000000000e-03
2081 5.000000000e-03
2082 5.000000000e-03
2083 5.000000000e-03
2096 5.000000000e-03
2095 5.000000000e-03
2074 5.000000000e-03
2068 5.000000000e-03
2070 5.000000000e-03
2069 5.000000000e-03
2071 2.000000000e-02
2072 2.000000000e-02
2182 5.000000000e-03
2181 5.000000000e-03
2180 5.000000000e-03
2183 5.000000000e-03
2185 5.000000000e-03
2186 2.000000000e-02
2187 2.000000000e-02
2188 5.000000000e-03
2218 5.000000000e-03
2219 5.000000000e-03
2225 5.000000000e-03
2221 5.000000000e-03
2222 5.000000000e-03
2224 5.000000000e-03
2223 5.000000000e-03
2205 5.000000000e-03
2207 5.000000000e-03
2208 5.000000000e-03
2206 5.000000000e-03
2209 5.000000000e-03
2211 5.000000000e-03
2212 5.000000000e-03
2214 5.000000000e-03
2210 5.000000000e-03
2213 5.000000000e-03
2203 5.000000000e-03
2199 5.000000000e-03
2200 5.000000000e-03
2204 5.000000000e-03
2202 5.000000000e-03
2201 5.000000000e-03
2215 5.000000000e-03
2216 5.000000000e-03
2217 5.000000000e-03
2220 5.000000000e-03
2198 2.000000000e-02
2197 2.000000000e-02
2196 2.000000000e-02
2230 5.000000000e-03
2231 5.000000000e-03
2232 5.000000000e-03
2228 5.000000000e-03
2233 5.000000000e-03
2229 5.000000000e-03
2226 2.000000000e-02
2227 2.000000000e-02
2234 5.000000000e-03
2235 5.000000000e-03
2238 5.000000000e-03
2239 5.000000000e-03
2237 5.000000000e-03
2236 5.000000000e-03
2175 5.000000000e-03
2184 5.000000000e-03
2176 5.000000000e-03
2173 5.000000000e-03
2177 5.000000000e-03
2174 5.000000000e-03
2172 5.000000000e-03
2169 5.000000000e-03
2170 5.000000000e-03
2171 5.000000000e-03
2157 5.000000000e-03
2159 5.000000000e-03
2161 5.000000000e-03
2162 5.000000000e-03
2160 5.000000000e-03
2168 5.000000000e-03
2163 5.000000000e-03
2166 5.000000000e-03
2164 5.000000000e-03
2165 5.000000000e-03
2167 5.000000000e-03
2179 5.000000000e-03
2178 5.000000000e-03
2158 5.000000000e-03
2152 5.000000000e-03
2150 5.000000000e-03
2151 5.000000000e-03
2149 2.000000000e-02
2154 2.000000000e-02
2153 2.000000000e-02
2155 5.000000000e-03
2156 5.000000000e-03
2275 5.000000000e-03
2274 5.000000000e-03
2273 5.000000000e-03
2272 5.000000000e-03
2276 5.000000000e-03
2277 5.000000000e-03
2278 5.000000000e-03
2280 5.000000000e-03
2281 5.000000000e-03
2282 5.000000000e-03
2310 5.000000000e-03
2315 5.000000000e-03
2314 5.000000000e-03
2312 5.000000000e-03
2313 5.000000000e-03
2296 5.000000000e-03
2299 5.000000000e-03
2298 5.000000000e-03
2297 5.000000000e-03
2300 5.000000000e-03
2302 5.000000000e-03
2303 5.000000000e-03
2305 5.000000000e-03
2301 5.000000000e-03
2304 5.000000000e-03
2295 5.000000000e-03
2291 5.000000000e-03
2292 5.000000000e-03
2294 5.000000000e-03
2293 5.000000000e-03
2306 5.000000000e-03
2307 5.000000000e-03
2308 5.000000000e-03
2309 5.000000000e-03
2311 5.000000000e-03
2290 2.000000000e-02
2289 5.000000000e-03
2288 5.000000000e-03
2319 5.000000000e-03
2320 5.000000000e-03
2318 5.000000000e-03
2317 5.000000000e-03
2316 5.000000000e-03
2321 5.000000000e-03
2322 5.000000000e-03
2326 5.000000000e-03
2327 5.000000000e-03
2325 5.000000000e-03
2324 5.000000000e-03
2323 5.000000000e-03
2268 5.000000000e-03
2269 5.000000000e-03
2279 5.000000000e-03
2266 5.000000000e-03
2270 5.000000000e-03
2267 5.000000000e-03
2265 5.000000000e-03
2263 5.000000000e-03
2264 5.000000000e-03
2250 5.000000000e-03
2252 5.000000000e-03
2253 5.000000000e-03
2255 5.000000000e-03
2254 5.000000000e-03
2262 5.000000000e-03
2261 5.000000000e-03
2256 5.000000000e-03
2259 5.000000000e-03
2257 5.000000000e-03
2260 5.000000000e-03
2258 5.000000000e-03
2271 5.000000000e-03
2251 5.000000000e-03
2243 5.000000000e-03
2241 5.000000000e-03
2242 5.000000000e-03
2240 2.000000000e-02
2247 2.000000000e-02
2246 5.000000000e-03
2245 5.000000000e-03
2244 5.000000000e-03
2248 5.000000000e-03
2249 5.000000000e-03
2366 5.000000000e-03
2365 5.000000000e-03
2364 5.000000000e-03
2363 5.000000000e-03
2368 5.000000000e-03
2369 5.000000000e-03
2370 5.000000000e-03
2371 5.000000000e-03
2372 5.000000000e-03
2398 5.000000000e-03
2400 5.000000000e-03
2403 5.000000000e-03
2402 5.000000000e-03
2401 5.000000000e-03
2385 5.000000000e-03
2387 5.000000000e-03
2386 5.000000000e-03
2388 5.000000000e-03
2390 5.000000000e-03
2392 5.000000000e-03
2389 5.000000000e-03
2391 5.000000000e-03
2384 5.000000000e-03
2381 5.000000000e-03
2382 5.000000000e-03
2383 5.000000000e-03
2393 5.000000000e-03
2394 5.000000000e-03
2395 5.000000000e-03
2396 5.000000000e-03
2397 5.000000000e-03
2399 5.000000000e-03
2380 5.000000000e-03
2378 5.000000000e-03
2379 5.000000000e-03
2377 5.000000000e-03
2373 2.000000000e-02
2375 5.000000000e-03
2406 5.000000000e-03
2405 5.000000000e-03
2404 5.000000000e-03
2407 5.000000000e-03
2412 5.000000000e-03
2413 5.000000000e-03
2411 5.000000000e-03
2410 5.000000000e-03
2409 5.000000000e-03
2408 5.000000000e-03
2359 5.000000000e-03
2360 5.000000000e-03
2367 5.000000000e-03
2361 5.000000000e-03
2358 5.000000000e-03
2357 5.000000000e-03
2356 5.000000000e-03
2355 5.000000000e-03
2353 5.000000000e-03
2343 5.000000000e-03
2344 5.000000000e-03
2345 5.000000000e-03
2346 5.000000000e-03
2354 5.000000000e-03
2348 5.000000000e-03
2351 5.000000000e-03
2350 5.000000000e-03
2352 5.000000000e-03
2349 5.000000000e-03
2362 5.000000000e-03
2329 2.000000000e-02
2330 2.000000000e-02
2328 2.000000000e-02
2337 5.000000000e-03
2335 5.000000000e-03
2336 5.000000000e-03
2333 5.000000000e-03
2334 2.000000000e-02
2332 2.000000000e-02
2331 2.000000000e-02
2347 5.000000000e-03
2340 5.000000000e-03
2339 5.000000000e-03
2338 5.000000000e-03
2341 5.000000000e-03
2342 5.000000000e-03
2453 5.000000000e-03
2452 5.000000000e-03
2451 5.000000000e-03
2450 5.000000000e-03
2449 5.000000000e-03
2455 5.000000000e-03
2454 5.000000000e-03
2456 5.000000000e-03
2457 5.000000000e-03
2458 5.000000000e-03
2482 5.000000000e-03
2484 5.000000000e-03
2486 5.000000000e-03
2485 5.000000000e-03
2471 5.000000000e-03
2472 5.000000000e-03
2473 5.000000000e-03
2476 5.000000000e-03
2475 5.000000000e-03
2474 5.000000000e-03
2470 5.000000000e-03
2468 5.000000000e-03
2469 5.000000000e-03
2477 5.000000000e-03
2478 5.000000000e-03
2479 5.000000000e-03
2480 5.000000000e-03
2481 5.000000000e-03
2483 5.000000000e-03
2467 5.000000000e-03
2465 5.000000000e-03
2466 5.000000000e-03
2464 5.000000000e-03
2462 5.000000000e-03
2460 2.000000000e-02
2461 5.000000000e-03
2463 5.000000000e-03
2488 5.000000000e-03
2487 5.000000000e-03
2489 5.000000000e-03
2493 5.000000000e-03
2494 5.000000000e-03
2492 5.000000000e-03
2491 5.000000000e-03
2490 5.000000000e-03
2445 5.000000000e-03
2446 5.000000000e-03
2447 5.000000000e-03
2444 5.000000000e-03
2443 5.000000000e-03
2442 5.000000000e-03
2459 5.000000000e-03
2440 5.000000000e-03
2430 5.000000000e-03
2431 5.000000000e-03
2432 5.000000000e-03
2433 5.000000000e-03
2441 5.000000000e-03
2435 5.000000000e-03
2438 5.000000000e-03
2437 5.000000000e-03
2439 5.000000000e-03
2436 5.000000000e-03
2448 5.000000000e-03
2416 5.000000000e-03
2418 5.000000000e-03
2414 5.000000000e-03
2417 5.000000000e-03
2415 5.000000000e-03
2424 5.000000000e-03
2422 5.000000000e-03
2423 5.000000000e-03
2421 5.000000000e-03
2420 5.000000000e-03
2419 5.000000000e-03
2434 5.000000000e-03
2426 5.000000000e-03
2425 5.000000000e-03
2427 5.000000000e-03
2428 5.000000000e-03
2429 5.000000000e-03
2532 5.000000000e-03
2527 5.000000000e-03
2531 5.000000000e-03
2530 5.000000000e-03
2529 5.000000000e-03
2528 5.000000000e-03
2534 5.000000000e-03
2533 5.000000000e-03
2535 5.000000000e-03
2558 5.000000000e-03
2559 5.000000000e-03
2561 5.000000000e-03
2562 5.000000000e-03
2548 5.000000000e-03
2549 5.000000000e-03
2550 5.000000000e-03
2552 5.000000000e-03
2551 5.000000000e-03
2547 5.000000000e-03
2546 5.000000000e-03
2553 5.000000000e-03
2554 5.000000000e-03
2555 5.000000000e-03
2556 5.000000000e-03
2557 5.000000000e-03
2560 5.000000000e-03
2545 5.000000000e-03
2544 5.000000000e-03
2543 5.000000000e-03
2541 5.000000000e-03
2538 5.000000000e-03
2539 2.000000000e-02
2540 5.000000000e-03
2542 5.000000000e-03
2563 5.000000000e-03
2564 5.000000000e-03
2569 5.000000000e-03
2568 5.000000000e-03
2570 5.000000000e-03
2567 5.000000000e-03
2566 5.000000000e-03
2565 5.000000000e-03
2537 5.000000000e-03
2523 5.000000000e-03
2524 5.000000000e-03
2525 5.000000000e-03
2522 5.000000000e-03
2521 5.000000000e-03
2536 5.000000000e-03
2518 5.000000000e-03
2519 5.000000000e-03
2510 5.000000000e-03
2511 5.000000000e-03
2520 5.000000000e-03
2513 5.000000000e-03
2516 5.000000000e-03
2515 5.000000000e-03
2517 5.000000000e-03
2514 5.000000000e-03
2526 5.000000000e-03
2498 5.000000000e-03
2500 5.000000000e-03
2499 5.000000000e-03
2495 5.000000000e-03
2496 5.000000000e-03
2497 5.000000000e-03
2505 5.000000000e-03
2504 5.000000000e-03
2503 5.000000000e-03
2502 5.000000000e-03
2501 5.000000000e-03
2512 5.000000000e-03
2506 5.000000000e-03
2507 5.000000000e-03
2508 5.000000000e-03
2509 5.000000000e-03
2605 5.000000000e-03
2604 5.000000000e-03
2600 5.000000000e-03
2603 5.000000000e-03
2602 5.000000000e-03
2601 5.000000000e-03
2607 5.000000000e-03
2606 5.000000000e-03
2608 5.000000000e-03
2627 5.000000000e-03
2628 5.000000000e-03
2630 5.000000000e-03
2631 5.000000000e-03
2618 5.000000000e-03
2619 5.000000000e-03
2621 5.000000000e-03
2620 5.000000000e-03
2617 5.000000000e-03
2622 5.000000000e-03
2623 5.000000000e-03
2624 5.000000000e-03
2625 5.000000000e-03
2626 5.000000000e-03
2629 5.000000000e-03
2611 5.000000000e-03
2616 5.000000000e-03
2615 5.000000000e-03
2614 5.000000000e-03
2612 5.000000000e-03
2613 5.000000000e-03
2632 5.000000000e-03
2633 5.000000000e-03
2637 5.000000000e-03
2636 5.000000000e-03
2638 5.000000000e-03
2635 5.000000000e-03
2634 5.000000000e-03
2610 5.000000000e-03
2597 5.000000000e-03
2598 5.000000000e-03
2596 5.000000000e-03
2595 5.000000000e-03
2609 5.000000000e-03
2591 5.000000000e-03
2592 5.000000000e-03
2593 5.000000000e-03
2585 5.000000000e-03
2587 5.000000000e-03
2590 5.000000000e-03
2589 5.000000000e-03
2588 5.000000000e-03
2594 5.000000000e-03
2599 5.000000000e-03
2574 5.000000000e-03
2575 5.000000000e-03
2572 5.000000000e-03
2571 5.000000000e-03
2573 5.000000000e-03
2580 5.000000000e-03
2579 5.000000000e-03
2578 5.000000000e-03
2577 5.000000000e-03
2576 5.000000000e-03
2586 5.000000000e-03
2582 5.000000000e-03
2583 5.000000000e-03
2581 5.000000000e-03
2584 5.000000000e-03
2657 2.000000000e-02
2677 5.000000000e-03
2678 5.000000000e-03
2676 5.000000000e-03
2675 5.000000000e-03
2672 5.000000000e-03
2674 5.000000000e-03
2673 5.000000000e-03
2680 5.000000000e-03
2679 5.000000000e-03
2681 5.000000000e-03
2695 5.000000000e-03
2697 5.000000000e-03
2698 5.000000000e-03
2689 5.000000000e-03
2690 5.000000000e-03
2688 5.000000000e-03
2691 5.000000000e-03
2692 5.000000000e-03
2696 5.000000000e-03
2693 5.000000000e-03
2694 5.000000000e-03
2684 5.000000000e-03
2687 5.000000000e-03
2686 5.000000000e-03
2685 5.000000000e-03
2699 5.000000000e-03
2700 5.000000000e-03
2704 5.000000000e-03
2703 5.000000000e-03
2705 5.000000000e-03
2702 5.000000000e-03
2701 5.000000000e-03
2683 5.000000000e-03
2669 5.000000000e-03
2670 5.000000000e-03
2668 5.000000000e-03
2667 5.000000000e-03
2682 5.000000000e-03
2663 5.000000000e-03
2664 5.000000000e-03
2666 5.000000000e-03
2659 5.000000000e-03
2660 5.000000000e-03
2662 5.000000000e-03
2661 5.000000000e-03
2665 5.000000000e-03
2671 5.000000000e-03
2642 5.000000000e-03
2643 5.000000000e-03
2639 5.000000000e-03
2644 5.000000000e-03
2640 5.000000000e-03
2641 5.000000000e-03
2649 5.000000000e-03
2648 5.000000000e-03
2647 5.000000000e-03
2646 5.000000000e-03
2645 5.000000000e-03
2658 5.000000000e-03
2650 5.000000000e-03
2651 5.000000000e-03
2652 5.000000000e-03
2654 5.000000000e-03
2655 5.000000000e-03
2653 5.000000000e-03
2656 5.000000000e-03
2723 5.000000000e-03
2724 2.000000000e-02
2786 2.000000000e-02
2743 5.000000000e-03
2742 5.000000000e-03
2744 5.000000000e-03
2741 5.000000000e-03
2740 5.000000000e-03
2738 5.000000000e-03
2739 5.000000000e-03
2746 5.000000000e-03
2745 5.000000000e-03
2747 5.000000000e-03
2762 5.000000000e-03
2759 5.000000000e-03
2761 5.000000000e-03
2754 5.000000000e-03
2753 5.000000000e-03
2755 5.000000000e-03
2760 5.000000000e-03
2758 5.000000000e-03
2757 5.000000000e-03
2756 5.000000000e-03
2750 5.000000000e-03
2752 5.000000000e-03
2751 5.000000000e-03
2763 5.000000000e-03
2764 5.000000000e-03
2767 5.000000000e-03
2766 5.000000000e-03
2765 5.000000000e-03
2749 5.000000000e-03
2736 5.000000000e-03
2735 5.000000000e-03
2734 5.000000000e-03
2748 5.000000000e-03
2730 5.000000000e-03
2731 5.000000000e-03
2733 5.000000000e-03
2726 5.000000000e-03
2727 5.000000000e-03
2728 5.000000000e-03
2732 5.000000000e-03
2729 5.000000000e-03
2737 5.000000000e-03
2710 5.000000000e-03
2711 5.000000000e-03
2713 5.000000000e-03
2707 5.000000000e-03
2712 5.000000000e-03
2708 5.000000000e-03
2709 5.000000000e-03
2717 5.000000000e-03
2716 5.000000000e-03
2715 5.000000000e-03
2714 5.000000000e-03
2725 5.000000000e-03
2718 5.000000000e-03
2706 5.000000000e-03
2719 5.000000000e-03
2721 5.000000000e-03
2720 5.000000000e-03
2722 5.000000000e-03
2784 5.000000000e-03
2785 5.000000000e-03
2787 5.000000000e-03
2845 2.000000000e-02
2806 5.000000000e-03
2805 5.000000000e-03
2804 5.000000000e-03
2803 5.000000000e-03
2801 5.000000000e-03
2802 5.000000000e-03
2808 5.000000000e-03
2807 5.000000000e-03
2809 5.000000000e-03
2821 5.000000000e-03
2820 5.000000000e-03
2819 5.000000000e-03
2815 5.000000000e-03
2814 5.000000000e-03
2818 5.000000000e-03
2817 5.000000000e-03
2816 5.000000000e-03
2812 5.000000000e-03
2813 5.000000000e-03
2822 5.000000000e-03
2823 5.000000000e-03
2825 5.000000000e-03
2824 5.000000000e-03
2811 5.000000000e-03
2799 5.000000000e-03
2798 5.000000000e-03
2810 5.000000000e-03
2793 5.000000000e-03
2794 5.000000000e-03
2797 5.000000000e-03
2796 5.000000000e-03
2789 5.000000000e-03
2790 5.000000000e-03
2791 5.000000000e-03
2795 5.000000000e-03
2792 5.000000000e-03
2800 5.000000000e-03
2775 5.000000000e-03
2774 5.000000000e-03
2776 5.000000000e-03
2770 5.000000000e-03
2773 5.000000000e-03
2771 5.000000000e-03
2772 5.000000000e-03
2779 5.000000000e-03
2778 5.000000000e-03
2777 5.000000000e-03
2788 5.000000000e-03
2780 5.000000000e-03
2769 5.000000000e-03
2768 5.000000000e-03
2781 5.000000000e-03
2783 5.000000000e-03
2782 5.000000000e-03
2826 5.000000000e-03
2843 5.000000000e-03
2844 5.000000000e-03
2846 5.000000000e-03
2847 2.000000000e-02
2863 5.000000000e-03
2862 5.000000000e-03
2861 5.000000000e-03
2860 5.000000000e-03
2859 5.000000000e-03
2864 5.000000000e-03
2865 5.000000000e-03
2866 5.000000000e-03
2876 5.000000000e-03
2878 5.000000000e-03
2877 5.000000000e-03
2875 5.000000000e-03
2872 5.000000000e-03
2874 5.000000000e-03
2873 5.000000000e-03
2871 5.000000000e-03
2869 5.000000000e-03
2870 5.000000000e-03
2879 5.000000000e-03
2880 5.000000000e-03
2881 5.000000000e-03
2882 5.000000000e-03
2868 5.000000000e-03
2857 5.000000000e-03
2867 5.000000000e-03
2854 5.000000000e-03
2856 5.000000000e-03
2855 5.000000000e-03
2849 5.000000000e-03
2850 5.000000000e-03
2853 5.000000000e-03
2852 5.000000000e-03
2858 5.000000000e-03
2835 5.000000000e-03
2834 5.000000000e-03
2836 5.000000000e-03
2833 5.000000000e-03
2830 5.000000000e-03
2831 5.000000000e-03
2832 5.000000000e-03
2838 5.000000000e-03
2837 5.000000000e-03
2848 5.000000000e-03
2851 5.000000000e-03
2839 5.000000000e-03
2840 5.000000000e-03
2829 5.000000000e-03
2828 5.000000000e-03
2827 5.000000000e-03
2841 5.000000000e-03
2842 5.000000000e-03
2883 5.000000000e-03
2884 5.000000000e-03
2899 5.000000000e-03
2900 5.000000000e-03
2902 5.000000000e-03
2955 3.000000000e-02
2956 3.000000000e-02
2905 3.000000000e-02
2921 5.000000000e-03
2920 5.000000000e-03
2919 5.000000000e-03
2918 5.000000000e-03
2917 5.000000000e-03
2922 5.000000000e-03
2924 5.000000000e-03
2923 5.000000000e-03
2932 5.000000000e-03
2933 5.000000000e-03
2931 5.000000000e-03
2930 5.000000000e-03
2929 5.000000000e-03
2927 5.000000000e-03
2928 5.000000000e-03
2935 5.000000000e-03
2936 5.000000000e-03
2934 5.000000000e-03
2926 5.000000000e-03
2925 5.000000000e-03
2916 5.000000000e-03
2913 5.000000000e-03
2914 5.000000000e-03
2912 5.000000000e-03
2908 5.000000000e-03
2911 5.000000000e-03
2910 5.000000000e-03
2915 5.000000000e-03
2893 5.000000000e-03
2892 5.000000000e-03
2891 5.000000000e-03
2887 5.000000000e-03
2888 5.000000000e-03
2889 5.000000000e-03
2890 5.000000000e-03
2894 5.000000000e-03
2907 5.000000000e-03
2909 5.000000000e-03
2896 5.000000000e-03
2895 5.000000000e-03
2886 5.000000000e-03
2885 5.000000000e-03
2897 5.000000000e-03
2898 5.000000000e-03
2937 5.000000000e-03
2938 5.000000000e-03
2939 5.000000000e-03
2952 5.000000000e-03
2954 5.000000000e-03
2953 5.000000000e-03
2957 3.000000000e-02
2972 5.000000000e-03
2971 5.000000000e-03
2970 5.000000000e-03
2969 5.000000000e-03
2973 5.000000000e-03
2975 5.000000000e-03
2974 5.000000000e-03
2981 5.000000000e-03
2980 5.000000000e-03
2978 5.000000000e-03
2979 5.000000000e-03
2983 5.000000000e-03
2982 5.000000000e-03
2977 5.000000000e-03
2976 5.000000000e-03
2968 5.000000000e-03
2966 5.000000000e-03
2965 5.000000000e-03
2964 5.000000000e-03
2961 5.000000000e-03
2963 5.000000000e-03
2962 5.000000000e-03
2967 5.000000000e-03
2946 5.000000000e-03
2945 5.000000000e-03
2944 5.000000000e-03
2941 5.000000000e-03
2942 5.000000000e-03
2943 5.000000000e-03
2947 5.000000000e-03
2959 5.000000000e-03
2960 5.000000000e-03
2949 5.000000000e-03
2948 5.000000000e-03
2940 5.000000000e-03
2950 5.000000000e-03
2951 5.000000000e-03
2984 5.000000000e-03
2985 5.000000000e-03
2986 5.000000000e-03
2987 5.000000000e-03
2988 5.000000000e-03
2989 5.000000000e-03
3002 5.000000000e-03
3001 5.000000000e-03
3004 5.000000000e-03
3003 5.000000000e-03
3005 5.000000000e-03
3019 5.000000000e-03
3018 5.000000000e-03
3017 5.000000000e-03
3016 5.000000000e-03
3022 5.000000000e-03
3020 5.000000000e-03
3021 5.000000000e-03
3025 5.000000000e-03
3024 5.000000000e-03
3026 5.000000000e-03
3023 5.000000000e-03
3015 5.000000000e-03
3013 5.000000000e-03
3012 5.000000000e-03
3011 5.000000000e-03
3008 5.000000000e-03
3010 5.000000000e-03
3009 5.000000000e-03
3014 5.000000000e-03
2996 5.000000000e-03
2995 5.000000000e-03
2994 5.000000000e-03
2991 5.000000000e-03
2992 5.000000000e-03
2993 5.000000000e-03
2998 5.000000000e-03
3006 5.000000000e-03
3007 5.000000000e-03
2997 5.000000000e-03
2999 5.000000000e-03
2990 5.000000000e-03
3000 5.000000000e-03
3027 5.000000000e-03
3028 5.000000000e-03
3029 5.000000000e-03
3030 5.000000000e-03
3031 5.000000000e-03
3032 5.000000000e-03
3046 5.000000000e-03
3045 5.000000000e-03
3047 5.000000000e-03
3048 5.000000000e-03
3049 2.000000000e-02
3062 5.000000000e-03
3061 5.000000000e-03
3060 5.000000000e-03
3063 5.000000000e-03
3065 5.000000000e-03
3064 5.000000000e-03
3068 5.000000000e-03
3067 5.000000000e-03
3069 5.000000000e-03
3066 5.000000000e-03
3059 5.000000000e-03
3056 5.000000000e-03
3055 5.000000000e-03
3054 5.000000000e-03
3052 5.000000000e-03
3053 5.000000000e-03
3058 5.000000000e-03
3040 5.000000000e-03
3039 5.000000000e-03
3038 5.000000000e-03
3034 5.000000000e-03
3035 5.000000000e-03
3037 5.000000000e-03
3036 5.000000000e-03
3042 5.000000000e-03
3050 5.000000000e-03
3051 5.000000000e-03
3057 5.000000000e-03
3041 5.000000000e-03
3043 5.000000000e-03
3033 5.000000000e-03
3044 5.000000000e-03
3070 5.000000000e-03
3071 5.000000000e-03
3072 5.000000000e-03
3073 5.000000000e-03
3074 5.000000000e-03
3075 5.000000000e-03
3086 5.000000000e-03
3087 5.000000000e-03
3088 2.000000000e-02
3100 5.000000000e-03
3099 5.000000000e-03
3098 5.000000000e-03
3101 5.000000000e-03
3102 5.000000000e-03
3104 5.000000000e-03
3105 5.000000000e-03
3103 5.000000000e-03
3097 5.000000000e-03
3094 5.000000000e-03
3093 5.000000000e-03
3092 5.000000000e-03
3091 5.000000000e-03
3096 5.000000000e-03
3081 5.000000000e-03
3082 5.000000000e-03
3080 5.000000000e-03
3079 5.000000000e-03
3077 5.000000000e-03
3078 5.000000000e-03
3084 5.000000000e-03
3095 5.000000000e-03
3089 5.000000000e-03
3090 5.000000000e-03
3083 5.000000000e-03
3076 5.000000000e-03
3085 5.000000000e-03
3106 5.000000000e-03
3107 5.000000000e-03
3108 5.000000000e-03
3109 5.000000000e-03
3110 5.000000000e-03
3112 5.000000000e-03
3111 5.000000000e-03
3122 5.000000000e-03
3123 5.000000000e-03
3133 5.000000000e-03
3132 5.000000000e-03
3134 5.000000000e-03
3135 5.000000000e-03
3137 5.000000000e-03
3138 5.000000000e-03
3136 5.000000000e-03
3131 5.000000000e-03
3128 5.000000000e-03
3127 5.000000000e-03
3126 5.000000000e-03
3130 5.000000000e-03
3129 5.000000000e-03
3117 5.000000000e-03
3118 5.000000000e-03
3116 5.000000000e-03
3115 5.000000000e-03
3114 5.000000000e-03
3120 5.000000000e-03
3125 5.000000000e-03
3124 5.000000000e-03
3119 5.000000000e-03
3113 5.000000000e-03
3121 5.000000000e-03
3139 5.000000000e-03
3140 5.000000000e-03
3141 5.000000000e-03
3142 5.000000000e-03
3144 5.000000000e-03
3143 5.000000000e-03
3155 5.000000000e-03
3156 2.000000000e-02
3164 5.000000000e-03
3165 5.000000000e-03
3167 5.000000000e-03
3168 5.000000000e-03
3166 5.000000000e-03
3163 5.000000000e-03
3160 5.000000000e-03
3159 5.000000000e-03
3162 5.000000000e-03
3161 5.000000000e-03
3158 5.000000000e-03
3150 5.000000000e-03
3149 5.000000000e-03
3148 5.000000000e-03
3147 5.000000000e-03
3146 5.000000000e-03
3152 5.000000000e-03
3157 5.000000000e-03
3151 5.000000000e-03
3154 5.000000000e-03
3145 5.000000000e-03
3153 5.000000000e-03
3169 5.000000000e-03
3170 5.000000000e-03
3171 5.000000000e-03
3172 5.000000000e-03
3173 5.000000000e-03
3176 5.000000000e-03
3175 5.000000000e-03
3174 5.000000000e-03
3186 5.000000000e-03
3187 2.000000000e-02
3198 5.000000000e-03
3195 5.000000000e-03
3197 5.000000000e-03
3196 5.000000000e-03
3194 5.000000000e-03
3191 5.000000000e-03
3193 5.000000000e-03
3192 5.000000000e-03
3190 5.000000000e-03
3189 5.000000000e-03
3181 5.000000000e-03
3180 5.000000000e-03
3179 5.000000000e-03
3178 5.000000000e-03
3183 5.000000000e-03
3188 5.000000000e-03
3182 5.000000000e-03
3185 5.000000000e-03
3177 5.000000000e-03
3184 5.000000000e-03
3199 5.000000000e-03
3200 5.000000000e-03
3201 5.000000000e-03
3204 5.000000000e-03
3203 5.000000000e-03
3205 5.000000000e-03
3202 5.000000000e-03
3215 2.000000000e-02
3223 5.000000000e-03
3222 5.000000000e-03
3221 5.000000000e-03
3220 5.000000000e-03
3219 5.000000000e-03
3218 5.000000000e-03
3217 5.000000000e-03
3216 5.000000000e-03
3210 5.000000000e-03
3209 5.000000000e-03
3208 5.000000000e-03
3207 5.000000000e-03
3212 5.000000000e-03
3211 5.000000000e-03
3214 5.000000000e-03
3213 5.000000000e-03
3206 5.000000000e-03
3224 5.000000000e-03
3225 5.000000000e-03
3226 5.000000000e-03
3230 5.000000000e-03
3229 5.000000000e-03
3231 5.000000000e-03
3228 5.000000000e-03
3227 5.000000000e-03
3241 2.000000000e-02
3248 5.000000000e-03
3247 5.000000000e-03
3246 5.000000000e-03
3245 5.000000000e-03
3244 5.000000000e-03
3242 5.000000000e-03
3238 5.000000000e-03
3235 5.000000000e-03
3234 5.000000000e-03
3233 5.000000000e-03
3237 5.000000000e-03
3236 5.000000000e-03
3243 5.000000000e-03
3240 5.000000000e-03
3239 5.000000000e-03
3232 5.000000000e-03
3249 5.000000000e-03
3251 5.000000000e-03
3250 5.000000000e-03
3255 5.000000000e-03
3254 5.000000000e-03
3253 5.000000000e-03
3252 5.000000000e-03
3265 5.000000000e-03
3266 2.000000000e-02
3271 5.000000000e-03
3272 5.000000000e-03
3270 5.000000000e-03
3269 5.000000000e-03
3267 5.000000000e-03
3262 5.000000000e-03
3259 5.000000000e-03
3258 5.000000000e-03
3261 5.000000000e-03
3260 5.000000000e-03
3268 5.000000000e-03
3264 5.000000000e-03
3263 5.000000000e-03
3257 5.000000000e-03
3256 5.000000000e-03
3273 5.000000000e-03
3275 5.000000000e-03
3274 5.000000000e-03
3276 5.000000000e-03
3279 5.000000000e-03
3278 5.000000000e-03
3277 5.000000000e-03
3287 2.000000000e-02
3294 5.000000000e-03
3292 5.000000000e-03
3293 5.000000000e-03
3291 5.000000000e-03
3289 5.000000000e-03
3290 5.000000000e-03
3284 5.000000000e-03
3282 5.000000000e-03
3283 5.000000000e-03
3288 5.000000000e-03
3286 5.000000000e-03
3285 5.000000000e-03
3281 5.000000000e-03
3280 5.000000000e-03
3295 5.000000000e-03
3298 5.000000000e-03
3297 5.000000000e-03
3296 5.000000000e-03
3299 5.000000000e-03
3301 5.000000000e-03
3300 5.000000000e-03
3309 5.000000000e-03
3310 2.000000000e-02
3315 5.000000000e-03
3314 5.000000000e-03
3313 5.000000000e-03
3312 5.000000000e-03
3306 5.000000000e-03
3305 5.000000000e-03
3311 5.000000000e-03
3308 5.000000000e-03
3307 5.000000000e-03
3304 5.000000000e-03
3303 5.000000000e-03
3302 5.000000000e-03
3316 5.000000000e-03
3317 5.000000000e-03
3320 5.000000000e-03
3319 5.000000000e-03
3318 5.000000000e-03
3321 5.000000000e-03
3322 5.000000000e-03
3323 5.000000000e-03
3329 5.000000000e-03
3330 5.000000000e-03
3335 5.000000000e-03
3334 5.000000000e-03
3333 5.000000000e-03
3332 5.000000000e-03
3327 5.000000000e-03
3331 5.000000000e-03
3328 5.000000000e-03
3326 5.000000000e-03
3325 5.000000000e-03
3324 5.000000000e-03
3337 5.000000000e-03
3336 5.000000000e-03
3338 5.000000000e-03
3340 5.000000000e-03
3339 5.000000000e-03
3341 5.000000000e-03
3342 5.000000000e-03
3343 5.000000000e-03
3344 5.000000000e-03
3356 2.000000000e-02
3349 5.000000000e-03
3350 5.000000000e-03
3355 5.000000000e-03
3354 5.000000000e-03
3353 5.000000000e-03
3352 5.000000000e-03
3351 5.000000000e-03
3348 5.000000000e-03
3347 5.000000000e-03
3346 5.000000000e-03
3345 5.000000000e-03
3358 5.000000000e-03
3357 5.000000000e-03
3359 5.000000000e-03
3363 5.000000000e-03
3360 5.000000000e-03
3361 5.000000000e-03
3362 5.000000000e-03
3364 5.000000000e-03
3366 5.000000000e-03
3365 5.000000000e-03
3378 5.000000000e-03
3377 5.000000000e-03
3372 5.000000000e-03
3373 5.000000000e-03
3376 5.000000000e-03
3375 5.000000000e-03
3374 5.000000000e-03
3371 5.000000000e-03
3369 5.000000000e-03
3368 5.000000000e-03
3367 5.000000000e-03
3370 5.000000000e-03
3380 5.000000000e-03
3379 5.000000000e-03
3381 5.000000000e-03
3384 5.000000000e-03
3382 5.000000000e-03
3383 5.000000000e-03
3385 5.000000000e-03
3387 5.000000000e-03
3386 5.000000000e-03
3397 5.000000000e-03
3394 5.000000000e-03
3393 5.000000000e-03
3396 5.000000000e-03
3395 5.000000000e-03
3392 5.000000000e-03
3390 5.000000000e-03
3388 5.000000000e-03
3391 5.000000000e-03
3389 5.000000000e-03
3398 5.000000000e-03
3399 5.000000000e-03
3400 5.000000000e-03
3401 5.000000000e-03
3404 5.000000000e-03
3402 5.000000000e-03
3403 5.000000000e-03
3405 5.000000000e-03
3406 5.000000000e-03
3411 5.000000000e-03
3415 5.000000000e-03
3413 5.000000000e-03
3414 5.000000000e-03
3412 5.000000000e-03
3409 5.000000000e-03
3408 5.000000000e-03
3410 5.000000000e-03
3407 5.000000000e-03
3416 5.000000000e-03
3417 5.000000000e-03
3418 5.000000000e-03
3419 5.000000000e-03
3422 5.000000000e-03
3420 5.000000000e-03
3421 5.000000000e-03
3423 5.000000000e-03
3424 5.000000000e-03
3429 5.000000000e-03
3432 5.000000000e-03
3431 5.000000000e-03
3430 5.000000000e-03
3427 5.000000000e-03
3426 5.000000000e-03
3428 5.000000000e-03
3425 5.000000000e-03
3433 5.000000000e-03
3434 5.000000000e-03
3435 5.000000000e-03
3436 5.000000000e-03
3437 5.000000000e-03
3439 5.000000000e-03
3438 5.000000000e-03
3440 5.000000000e-03
3441 5.000000000e-03
3448 5.000000000e-03
3446 5.000000000e-03
3449 5.000000000e-03
3447 5.000000000e-03
3444 5.000000000e-03
3443 5.000000000e-03
3445 5.000000000e-03
3442 5.000000000e-03
3450 5.000000000e-03
3451 5.000000000e-03
3452 5.000000000e-03
3453 5.000000000e-03
3454 5.000000000e-03
3455 5.000000000e-03
3457 5.000000000e-03
3456 5.000000000e-03
3458 5.000000000e-03
3465 2.000000000e-02
3466 2.000000000e-02
3467 5.000000000e-03
3463 5.000000000e-03
3462 5.000000000e-03
3464 5.000000000e-03
3461 5.000000000e-03
3460 5.000000000e-03
3459 5.000000000e-03
3468 5.000000000e-03
3469 5.000000000e-03
3470 5.000000000e-03
3471 5.000000000e-03
3472 5.000000000e-03
3473 5.000000000e-03
3486 5.000000000e-03
3488 5.000000000e-03
3489 2.000000000e-02
3490 2.000000000e-02
3474 5.000000000e-03
3475 5.000000000e-03
3478 5.000000000e-03
3485 2.000000000e-02
3484 5.000000000e-03
3483 5.000000000e-03
3487 5.000000000e-03
3481 5.000000000e-03
3480 5.000000000e-03
3482 5.000000000e-03
3479 5.000000000e-03
3477 5.000000000e-03
3476 5.000000000e-03
3491 5.000000000e-03
3492 5.000000000e-03
3493 5.000000000e-03
3494 5.000000000e-03
3495 5.000000000e-03
3507 5.000000000e-03
3509 5.000000000e-03
3496 5.000000000e-03
3497 5.000000000e-03
3498 5.000000000e-03
3501 5.000000000e-03
3502 5.000000000e-03
3508 5.000000000e-03
3505 5.000000000e-03
3504 5.000000000e-03
3503 5.000000000e-03
3500 5.000000000e-03
3499 5.000000000e-03
3510 5.000000000e-03
3511 5.000000000e-03
3512 5.000000000e-03
3513 5.000000000e-03
3514 5.000000000e-03
3531 5.000000000e-03
3528 5.000000000e-03
3530 5.000000000e-03
3529 5.000000000e-03
3527 5.000000000e-03
3516 5.000000000e-03
3515 5.000000000e-03
3517 5.000000000e-03
3518 5.000000000e-03
3521 5.000000000e-03
3522 5.000000000e-03
3526 5.000000000e-03
3525 2.000000000e-02
3524 5.000000000e-03
3523 5.000000000e-03
3520 5.000000000e-03
3519 5.000000000e-03
3532 5.000000000e-03
3533 5.000000000e-03
3534 5.000000000e-03
3535 5.000000000e-03
3536 5.000000000e-03
3549 5.000000000e-03
3547 5.000000000e-03
3548 5.000000000e-03
3546 5.000000000e-03
3545 5.000000000e-03
3538 5.000000000e-03
3537 5.000000000e-03
3539 5.000000000e-03
3542 5.000000000e-03
3544 5.000000000e-03
3543 5.000000000e-03
3541 5.000000000e-03
3540 5.000000000e-03
3550 5.000000000e-03
3552 5.000000000e-03
3554 5.000000000e-03
3553 5.000000000e-03
3566 5.000000000e-03
3567 2.000000000e-02
3564 5.000000000e-03
3565 5.000000000e-03
3563 5.000000000e-03
3557 5.000000000e-03
3555 5.000000000e-03
3558 5.000000000e-03
3556 5.000000000e-03
3561 5.000000000e-03
3562 5.000000000e-03
3560 5.000000000e-03
3559 5.000000000e-03
3568 5.000000000e-03
3569 5.000000000e-03
3570 5.000000000e-03
3571 5.000000000e-03
3572 5.000000000e-03
3580 5.000000000e-03
3581 5.000000000e-03
3582 2.000000000e-02
3579 5.000000000e-03
3578 5.000000000e-03
3575 5.000000000e-03
3574 5.000000000e-03
3573 5.000000000e-03
3577 5.000000000e-03
3576 5.000000000e-03
3584 5.000000000e-03
3583 5.000000000e-03
3585 5.000000000e-03
3586 5.000000000e-03
3587 5.000000000e-03
3588 5.000000000e-03
3595 5.000000000e-03
3596 5.000000000e-03
3597 2.000000000e-02
3598 2.000000000e-02
3594 5.000000000e-03
3593 5.000000000e-03
3590 5.000000000e-03
3589 5.000000000e-03
3592 5.000000000e-03
3591 5.000000000e-03
3600 5.000000000e-03
3599 5.000000000e-03
3601 5.000000000e-03
3602 5.000000000e-03
3603 5.000000000e-03
3604 5.000000000e-03
3610 5.000000000e-03
3611 5.000000000e-03
3612 2.000000000e-02
3609 5.000000000e-03
3608 5.000000000e-03
3605 5.000000000e-03
3607 5.000000000e-03
3606 5.000000000e-03
3614 5.000000000e-03
3613 5.000000000e-03
3615 5.000000000e-03
3616 5.000000000e-03
3617 5.000000000e-03
3618 5.000000000e-03
3623 5.000000000e-03
3624 5.000000000e-03
3625 2.000000000e-02
3622 5.000000000e-03
3621 5.000000000e-03
3620 5.000000000e-03
3619 5.000000000e-03
3627 5.000000000e-03
3626 5.000000000e-03
3628 5.000000000e-03
3629 5.000000000e-03
3630 5.000000000e-03
3631 5.000000000e-03
3635 5.000000000e-03
3636 2.000000000e-02
3634 5.000000000e-03
3633 5.000000000e-03
3632 5.000000000e-03
3637 5.000000000e-03
3638 5.000000000e-03
3639 5.000000000e-03
3640 5.000000000e-03
3641 5.000000000e-03
3645 5.000000000e-03
3646 5.000000000e-03
3644 5.000000000e-03
3643 5.000000000e-03
3642 5.000000000e-03
3647 5.000000000e-03
3648 5.000000000e-03
3649 5.000000000e-03
3650 5.000000000e-03
3651 5.000000000e-03
3656 5.000000000e-03
3655 5.000000000e-03
3654 5.000000000e-03
3653 5.000000000e-03
3652 5.000000000e-03
3657 5.000000000e-03
3658 5.000000000e-03
3659 5.000000000e-03
3664 5.000000000e-03
3660 5.000000000e-03
3663 5.000000000e-03
3662 5.000000000e-03
3661 5.000000000e-03
3665 5.000000000e-03
3666 5.000000000e-03
3667 5.000000000e-03
3668 5.000000000e-03
3669 5.000000000e-03
3671 5.000000000e-03
3672 5.000000000e-03
3673 5.000000000e-03
3674 5.000000000e-03
3675 5.000000000e-03
3676 5.000000000e-03
3677 5.000000000e-03
3678 5.000000000e-03
3679 5.000000000e-03
3680 5.000000000e-03
3681 5.000000000e-03
3682 5.000000000e-03
3683 5.000000000e-03
3684 5.000000000e-03
3685 5.000000000e-03
769 5.000000000e-03
1380 3.000000000e-02
1955 5.000000000e-03
3506 5.000000000e-03
3551 5.000000000e-03
3670 5.000000000e-03
2901 5.000000000e-03
1379 3.000000000e-02
