FileFmt      1050624           0           0
NELG           58369        2590        2535
       20896
       20909
       20949
       20958
       20989
       21013
       21020
       21035
       21051
       21086
       21091
       21095
       21108
       21122
       21137
       21153
       21159
       21161
       21167
       21174
       21195
       21197
       21201
       21206
       21215
       21221
       21226
       21230
       21235
       21238
       21241
       21243
       21251
       21254
       21264
       21268
       21274
       21291
       21294
       21307
       21308
       21314
       21326
       21336
       21348
       21362
       21371
       21394
       21395
       21396
       21399
       21402
       21407
       21410
       21412
       21414
       21416
       21422
       21436
       21439
       21448
       21452
       21455
       21459
       21460
       21468
       21472
       21480
       21485
       21516
       21524
       21527
       21533
       21539
       21543
       21545
       21551
       21554
       21557
       21574
       21605
       21611
       21613
       21617
       21622
       21628
       21633
       21641
       21643
       21649
       21657
       21659
       21664
       21670
       21684
       21688
       21697
       21700
       21702
       21707
       21709
       21716
       21722
       21741
       21742
       21747
       21758
       21761
       21768
       21775
       21781
       21782
       21796
       21799
       21813
       21825
       21827
       21829
       21834
       21835
       21841
       21843
       21848
       21852
       21858
       21864
       21869
       21870
       21871
       21882
       21887
       21894
       21895
       21900
       21903
       21904
       21906
       21919
       21924
       21935
       21941
       21943
       21944
       21946
       21950
       21955
       21956
       21963
       21968
       21972
       21978
       21979
       21983
       21993
       22013
       22014
       22026
       22028
       22031
       22037
       22038
       22041
       22043
       22046
       22047
       22055
       22063
       22070
       22073
       22074
       22077
       22082
       22085
       22088
       22098
       22116
       22120
       22121
       22125
       22135
       22141
       22144
       22147
       22148
       22150
       22163
       22168
       22170
       22179
       22181
       22191
       22198
       22202
       22220
       22225
       22231
       22234
       22237
       22242
       22252
       22258
       22262
       22269
       22275
       22279
       22281
       22284
       22291
       22292
       22299
       22301
       22312
       22314
       22318
       22320
       22321
       22326
       22332
       22339
       22347
       22355
       22367
       22368
       22374
       22375
       22377
       22379
       22395
       22396
       22400
       22409
       22414
       22424
       22425
       22430
       22434
       22438
       22439
       22440
       22442
       22453
       22455
       22457
       22468
       22469
       22471
       22478
       22479
       22480
       22482
       22489
       22503
       22508
       22510
       22522
       22530
       22546
       22550
       22560
       22563
       22566
       22569
       22571
       22572
       22575
       22579
       22580
       22581
       22594
       22596
       22600
       22601
       22603
       22610
       22611
       22612
       22613
       22616
       22617
       22619
       22625
       22626
       22628
       22630
       22635
       22642
       22644
       22647
       22658
       22661
       22670
       22671
       22674
       22676
       22679
       22681
       22687
       22695
       22698
       22704
       22708
       22713
       22717
       22719
       22723
       22727
       22728
       22730
       22731
       22738
       22740
       22744
       22745
       22747
       22752
       22756
       22757
       22758
       22759
       22767
       22768
       22770
       22776
       22777
       22780
       22784
       22798
       22802
       22804
       22807
       22808
       22809
       22811
       22812
       22814
       22816
       22820
       22823
       22827
       22832
       22834
       22835
       22838
       22840
       22841
       22844
       22848
       22850
       22852
       22853
       22855
       22863
       22866
       22867
       22870
       22873
       22875
       22878
       22879
       22881
       22882
       22886
       22887
       22888
       22893
       22896
       22897
       22898
       22900
       22903
       22909
       22916
       22919
       22920
       22922
       22929
       22930
       22933
       22935
       22943
       22945
       22946
       22948
       22950
       22952
       22954
       22955
       22957
       22960
       22965
       22967
       22969
       22973
       22975
       22978
       22980
       22983
       22984
       22985
       22986
       22987
       22994
       22998
       22999
       23000
       23003
       23009
       23011
       23012
       23014
       23016
       23017
       23021
       23025
       23026
       23028
       23030
       23032
       23033
       23035
       23036
       23037
       23039
       23041
       23044
       23048
       23049
       23050
       23051
       23054
       23055
       23056
       23060
       23061
       23065
       23070
       23071
       23074
       23075
       23077
       23078
       23079
       23081
       23083
       23084
       23088
       23092
       23093
       23099
       23105
       23106
       23107
       23108
       23109
       23110
       23113
       23117
       23122
       23123
       23125
       23126
       23127
       23130
       23132
       23135
       23136
       23138
       23139
       23141
       23142
       23143
       23150
       23153
       23155
       23156
       23157
       23158
       23159
       23163
       23164
       23167
       23169
       23170
       23172
       23173
       23174
       23176
       23178
       23179
       23181
       23183
       23184
       23186
       23189
       23195
       23197
       23200
       23202
       23204
       23208
       23209
       23210
       23215
       23216
       23217
       23223
       23224
       23226
       23227
       23228
       23229
       23232
       23233
       23234
       23235
       23236
       23238
       23240
       23241
       23242
       23243
       23245
       23246
       23247
       23248
       23251
       23252
       23253
       23254
       23255
       23257
       23258
       23261
       23263
       23269
       23270
       23271
       23275
       23277
       23279
       23280
       23282
       23285
       23286
       23287
       23288
       23289
       23291
       23294
       23295
       23297
       23298
       23299
       23303
       23304
       23306
       23308
       23311
       23313
       23314
       23316
       23318
       23319
       23320
       23321
       23324
       23325
       23326
       23327
       23328
       23329
       23330
       23331
       23333
       23337
       23341
       23344
       23349
       23354
       23356
       23360
       23361
       23363
       23364
       23365
       23366
       23367
       23368
       23369
       23370
       23371
       23372
       23375
       23380
       23381
       23385
       23386
       23387
       23389
       23390
       23391
       23393
       23395
       23396
       23397
       23399
       23404
       23405
       23406
       23407
       23410
       23413
       23415
       23418
       23420
       23425
       23427
       23429
       23433
       23437
       23440
       23441
       23442
       23444
       23447
       23450
       23451
       23452
       23453
       23455
       23456
       23459
       23460
       23461
       23463
       23466
       23467
       23468
       23469
       23471
       23473
       23475
       23476
       23477
       23481
       23482
       23483
       23484
       23488
       23489
       23490
       23497
       23500
       23502
       23503
       23508
       23510
       23511
       23514
       23515
       23516
       23517
       23518
       23520
       23526
       23527
       23528
       23532
       23533
       23537
       23538
       23544
       23545
       23546
       23548
       23551
       23552
       23555
       23556
       23560
       23565
       23569
       23571
       23572
       23574
       23576
       23578
       23582
       23583
       23585
       23586
       23588
       23590
       23591
       23592
       23595
       23598
       23599
       23601
       23602
       23605
       23607
       23609
       23610
       23611
       23615
       23620
       23622
       23625
       23627
       23631
       23636
       23637
       23638
       23641
       23644
       23645
       23649
       23650
       23653
       23654
       23660
       23661
       23662
       23664
       23672
       23677
       23678
       23681
       23682
       23684
       23685
       23688
       23690
       23692
       23695
       23697
       23700
       23702
       23704
       23705
       23706
       23707
       23718
       23719
       23722
       23723
       23726
       23727
       23729
       23736
       23740
       23741
       23742
       23743
       23745
       23746
       23747
       23748
       23752
       23753
       23754
       23758
       23760
       23762
       23768
       23772
       23777
       23779
       23780
       23786
       23791
       23792
       23803
       23806
       23807
       23809
       23810
       23816
       23817
       23818
       23822
       23823
       23824
       23826
       23828
       23830
       23833
       23834
       23838
       23839
       23840
       23841
       23843
       23845
       23849
       23851
       23855
       23866
       23867
       23869
       23874
       23878
       23884
       23885
       23887
       23890
       23891
       23892
       23896
       23898
       23899
       23905
       23909
       23910
       23912
       23919
       23928
       23931
       23932
       23940
       23942
       23943
       23948
       23950
       23953
       23955
       23958
       23960
       23961
       23962
       23979
       23981
       23987
       23993
       23998
       23999
       24002
       24004
       24005
       24008
       24014
       24016
       24019
       24022
       24023
       24028
       24029
       24034
       24035
       24039
       24060
       24065
       24066
       24072
       24074
       24078
       24079
       24080
       24084
       24085
       24091
       24097
       24098
       24099
       24100
       24116
       24118
       24119
       24128
       24131
       24134
       24135
       24137
       24150
       24151
       24156
       24159
       24166
       24171
       24172
       24174
       24185
       24186
       24187
       24188
       24193
       24195
       24208
       24215
       24219
       24232
       24233
       24237
       24247
       24253
       24258
       24259
       24264
       24268
       24271
       24274
       24284
       24291
       24294
       24298
       24301
       24312
       24317
       24323
       24344
       24347
       24348
       24355
       24357
       24359
       24362
       24367
       24373
       24375
       24379
       24383
       24387
       24390
       24394
       24399
       24401
       24405
       24419
       24431
       24438
       24441
       24446
       24448
       24450
       24454
       24457
       24460
       24468
       24474
       24479
       24481
       24488
       24498
       24499
       24503
       24506
       24509
       24510
       24531
       24532
       24540
       24541
       24549
       24553
       24555
       24557
       24559
       24560
       24563
       24573
       24578
       24583
       24587
       24599
       24600
       24603
       24610
       24616
       24624
       24650
       24652
       24653
       24654
       24658
       24665
       24672
       24674
       24676
       24677
       24682
       24684
       24687
       24688
       24690
       24692
       24693
       24698
       24701
       24702
       24710
       24717
       24722
       24732
       24733
       24737
       24740
       24741
       24749
       24757
       24765
       24768
       24769
       24771
       24776
       24780
       24781
       24794
       24795
       24798
       24803
       24820
       24825
       24830
       24835
       24837
       24842
       24843
       24844
       24848
       24854
       24858
       24859
       24861
       24863
       24864
       24872
       24876
       24883
       24900
       24904
       24907
       24913
       24914
       24918
       24920
       24923
       24925
       24926
       24928
       24931
       24934
       24936
       24940
       24942
       24945
       24948
       24949
       24951
       24955
       24963
       24964
       24967
       24969
       24972
       24973
       24974
       24978
       24986
       24991
       24992
       24995
       25005
       25007
       25010
       25019
       25020
       25021
       25023
       25027
       25029
       25031
       25040
       25043
       25045
       25047
       25049
       25050
       25051
       25053
       25057
       25058
       25060
       25065
       25067
       25068
       25076
       25077
       25078
       25080
       25083
       25086
       25094
       25096
       25098
       25099
       25101
       25110
       25111
       25112
       25114
       25115
       25116
       25124
       25125
       25131
       25132
       25136
       25138
       25139
       25141
       25145
       25150
       25151
       25156
       25164
       25171
       25173
       25175
       25176
       25177
       25181
       25184
       25187
       25189
       25192
       25194
       25198
       25200
       25202
       25205
       25207
       25210
       25216
       25219
       25220
       25221
       25224
       25225
       25230
       25231
       25235
       25239
       25245
       25247
       25248
       25252
       25255
       25256
       25257
       25259
       25263
       25264
       25268
       25271
       25273
       25275
       25276
       25277
       25279
       25281
       25284
       25286
       25288
       25289
       25293
       25296
       25299
       25300
       25302
       25308
       25309
       25312
       25315
       25319
       25322
       25327
       25329
       25330
       25334
       25336
       25339
       25340
       25341
       25344
       25345
       25347
       25354
       25355
       25361
       25362
       25365
       25367
       25370
       25371
       25373
       25374
       25378
       25379
       25385
       25387
       25388
       25389
       25394
       25395
       25401
       25404
       25405
       25413
       25417
       25420
       25425
       25426
       25427
       25428
       25430
       25434
       25437
       25439
       25440
       25443
       25447
       25448
       25449
       25451
       25454
       25460
       25465
       25471
       25472
       25473
       25474
       25477
       25482
       25484
       25487
       25488
       25489
       25493
       25495
       25498
       25499
       25500
       25501
       25505
       25506
       25507
       25509
       25516
       25518
       25519
       25521
       25524
       25525
       25526
       25531
       25532
       25533
       25536
       25538
       25544
       25545
       25549
       25550
       25551
       25552
       25554
       25558
       25559
       25560
       25565
       25566
       25567
       25568
       25570
       25571
       25574
       25577
       25578
       25579
       25583
       25584
       25585
       25586
       25587
       25589
       25592
       25602
       25603
       25604
       25607
       25618
       25619
       25631
       25633
       25634
       25638
       25639
       25640
       25643
       25647
       25652
       25654
       25657
       25662
       25665
       25671
       25672
       25673
       25677
       25678
       25679
       25680
       25682
       25683
       25685
       25686
       25693
       25695
       25697
       25698
       25700
       25701
       25702
       25703
       25705
       25707
       25708
       25714
       25715
       25718
       25721
       25726
       25729
       25730
       25734
       25736
       25737
       25739
       25741
       25744
       25745
       25748
       25750
       25752
       25753
       25758
       25760
       25767
       25769
       25770
       25773
       25774
       25780
       25783
       25784
       25785
       25792
       25793
       25796
       25799
       25800
       25803
       25806
       25814
       25815
       25816
       25820
       25821
       25822
       25823
       25824
       25825
       25826
       25831
       25833
       25836
       25837
       25838
       25840
       25841
       25843
       25849
       25851
       25852
       25853
       25854
       25856
       25862
       25864
       25869
       25872
       25874
       25876
       25877
       25879
       25880
       25881
       25890
       25894
       25895
       25903
       25905
       25908
       25909
       25910
       25912
       25914
       25915
       25916
       25918
       25925
       25931
       25933
       25934
       25940
       25945
       25946
       25949
       25952
       25956
       25958
       25960
       25963
       25969
       25973
       25977
       25978
       25979
       25984
       25985
       25986
       25987
       25988
       25992
       25997
       25998
       25999
       26003
       26004
       26008
       26010
       26011
       26013
       26017
       26021
       26023
       26026
       26029
       26037
       26039
       26043
       26045
       26046
       26050
       26051
       26053
       26056
       26057
       26059
       26060
       26071
       26074
       26076
       26081
       26083
       26084
       26086
       26088
       26096
       26097
       26101
       26102
       26103
       26104
       26106
       26110
       26115
       26117
       26120
       26122
       26124
       26125
       26129
       26130
       26132
       26133
       26136
       26141
       26145
       26146
       26150
       26153
       26155
       26165
       26167
       26168
       26169
       26170
       26171
       26175
       26181
       26183
       26185
       26190
       26193
       26202
       26205
       26213
       26214
       26216
       26217
       26218
       26221
       26223
       26224
       26225
       26232
       26233
       26235
       26237
       26241
       26253
       26254
       26260
       26261
       26262
       26264
       26267
       26273
       26274
       26275
       26276
       26278
       26282
       26285
       26286
       26288
       26289
       26297
       26301
       26303
       26304
       26307
       26308
       26311
       26312
       26321
       26322
       26323
       26328
       26341
       26343
       26346
       26349
       26351
       26352
       26353
       26357
       26365
       26366
       26371
       26374
       26376
       26379
       26387
       26391
       26392
       26394
       26396
       26397
       26398
       26404
       26415
       26417
       26418
       26421
       26429
       26432
       26434
       26436
       26439
       26442
       26451
       26453
       26464
       26465
       26466
       26472
       26474
       26475
       26478
       26480
       26482
       26485
       26487
       26493
       26495
       26503
       26510
       26516
       26518
       26521
       26523
       26524
       26526
       26528
       26531
       26534
       26542
       26547
       26550
       26559
       26564
       26565
       26566
       26573
       26580
       26581
       26586
       26588
       26589
       26591
       26592
       26594
       26598
       26600
       26609
       26613
       26615
       26618
       26621
       26627
       26629
       26632
       26634
       26637
       26638
       26642
       26645
       26646
       26648
       26654
       26657
       26658
       26668
       26670
       26674
       26676
       26679
       26681
       26690
       26691
       26692
       26703
       26704
       26706
       26708
       26709
       26722
       26724
       26725
       26727
       26729
       26732
       26735
       26746
       26749
       26755
       26756
       26758
       26760
       26764
       26768
       26769
       26773
       26776
       26789
       26793
       26795
       26796
       26799
       26802
       26807
       26808
       26809
       26813
       26816
       26821
       26822
       26826
       26835
       26839
       26841
       26847
       26856
       26857
       26861
       26868
       26871
       26872
       26877
       26882
       26884
       26889
       26890
       26900
       26909
       26916
       26917
       26919
       26923
       26936
       26940
       26941
       26942
       26943
       26958
       26960
       26968
       26969
       26981
       26987
       27000
       27003
       27009
       27010
       27016
       27019
       27022
       27024
       27031
       27035
       27038
       27046
       27048
       27055
       27058
       27065
       27076
       27079
       27086
       27089
       27093
      -27094
       27103
       27110
       27112
       27115
       27120
       27129
       27136
       27146
       27149
       27151
       27156
       27157
       27164
       27166
       27169
       27181
       27184
       27190
       27199
       27201
       27207
      -27210
       27211
       27214
       27225
       27242
       27243
       27248
       27251
       27260
       27267
       27268
       27277
       27279
       27284
       27288
       27290
       27301
       27311
       27313
       27333
       27335
       27338
       27340
       27344
       27348
       27349
       27362
       27364
       27365
       27368
       27373
       27378
       27380
       27385
       27392
       27394
       27395
       27399
       27404
       27412
       27416
       27417
       27427
      -27431
       27433
       27434
       27444
       27445
       27447
       27453
       27466
       27468
       27477
       27482
       27483
       27489
       27492
       27503
       27504
       27507
       27511
       27512
      -27515
       27517
       27522
       27524
       27534
       27540
       27545
       27546
       27550
       27552
       27558
       27576
       27577
       27579
       27582
       27583
       27590
       27596
       27598
       27600
       27617
       27619
       27620
       27623
       27626
       27632
       27633
       27634
       27635
       27638
       27640
       27644
       27648
       27653
       27654
       27658
       27661
       27662
       27664
       27670
       27673
       27678
       27689
       27694
       27695
       27700
       27704
       27712
       27715
       27716
       27718
       27719
      -27722
       27724
       27728
       27736
       27737
       27738
       27739
       27747
       27748
       27749
       27753
       27764
       27767
       27769
       27779
       27782
       27784
       27787
       27793
       27800
       27801
       27804
       27807
       27808
      -27811
       27812
       27815
       27816
       27819
       27820
       27822
       27825
       27831
       27843
       27845
       27846
       27847
       27851
       27854
       27858
       27859
       27861
       27870
       27875
       27879
       27880
       27882
       27887
       27889
       27890
       27896
       27905
       27906
       27909
       27911
       27913
       27916
       27923
       27924
       27926
       27928
       27935
       27940
       27943
       27945
      -27946
       27948
       27952
       27961
       27962
       27963
       27965
       27968
       27969
       27971
       27973
       27976
       27977
       27979
       27980
       27988
       27990
       27996
       27997
       27999
       28000
       28007
       28013
       28014
       28017
       28020
       28021
       28025
       28027
      -28030
       28034
       28035
       28040
       28045
       28047
       28048
       28050
       28052
       28053
       28057
       28063
       28065
       28067
       28070
       28072
       28073
       28075
       28076
       28077
       28084
       28090
       28094
       28095
       28098
       28107
       28108
       28110
       28111
       28120
       28123
       28125
       28127
       28129
       28131
       28136
       28137
       28139
       28142
       28148
       28152
       28156
       28159
       28160
       28161
       28164
       28165
       28166
       28170
       28172
       28173
       28176
       28177
       28180
       28182
       28187
       28191
       28198
       28199
       28202
       28206
       28207
       28209
       28211
       28213
       28215
       28216
       28218
       28220
       28221
       28227
       28230
       28232
       28234
       28235
      -28241
       28244
       28246
       28247
       28252
       28255
       28256
       28257
       28258
       28260
       28268
       28274
       28277
       28281
       28282
       28288
       28289
       28292
       28294
       28295
       28297
       28298
       28299
       28305
       28307
       28309
       28313
       28314
       28320
       28322
       28326
       28329
       28330
       28332
       28337
       28338
       28342
       28344
       28346
       28347
       28353
       28354
       28355
       28358
       28360
       28361
       28363
      -28364
       28366
       28368
       28374
       28376
       28379
       28380
       28382
       28383
       28390
       28393
       28396
       28401
       28402
       28405
       28406
       28407
       28408
       28412
       28414
       28417
       28421
       28427
       28430
       28433
       28437
       28441
       28442
       28445
       28447
       28450
       28456
       28458
       28459
      -28470
       28477
       28479
       28481
       28486
       28487
       28491
       28495
       28498
       28499
       28502
       28506
       28509
      -28510
       28512
       28515
       28516
       28520
       28522
       28523
       28537
       28539
       28540
       28542
       28545
       28546
       28552
       28554
       28557
       28564
       28571
       28572
       28575
       28580
       28581
       28582
       28584
       28586
       28587
       28589
       28599
       28605
      -28606
       28607
       28610
       28613
       28621
       28622
       28623
       28625
       28626
       28629
       28633
       28635
       28638
       28643
       28645
       28648
       28651
       28655
      -28657
       28660
       28661
       28666
       28668
       28676
       28678
       28683
       28685
       28686
       28687
       28688
       28692
       28695
       28699
       28702
       28709
       28710
       28711
       28713
       28722
       28727
       28728
       28734
       28735
       28740
       28743
       28744
       28745
      -28746
       28749
       28751
       28754
       28757
       28759
       28760
       28766
       28772
       28773
       28774
       28778
       28779
       28786
       28787
      -28796
       28799
       28800
       28808
       28809
       28810
       28811
       28813
       28815
       28817
       28818
       28819
       28820
       28824
       28826
       28830
       28834
       28839
       28846
       28852
       28856
       28857
       28865
       28866
       28867
       28868
       28870
       28872
       28873
       28874
       28875
       28877
       28887
       28890
       28893
       28894
       28898
       28899
       28902
       28910
       28911
       28920
       28923
       28924
       28932
       28935
       28936
       28937
       28938
       28942
       28944
       28956
       28957
       28959
       28969
       28977
       28982
       28983
       28985
       28988
       28989
       29002
       29004
       29008
       29009
       29010
       29011
       29012
       29013
       29020
       29026
       29030
       29032
       29039
       29048
       29054
       29056
       29058
       29060
       29061
       29063
       29064
       29067
       29069
       29070
       29077
       29086
       29088
       29095
       29108
       29119
       29126
       29127
       29131
       29132
       29133
       29134
       29135
       29137
       29139
       29140
       29145
       29157
      -29162
       29169
       29177
       29179
       29182
       29184
       29186
       29189
       29190
       29195
       29198
       29199
       29202
       29206
       29212
       29225
       29231
       29245
       29247
       29249
       29252
       29253
       29255
       29256
       29257
       29263
       29266
       29272
       29276
       29277
       29285
       29286
      -29293
       29294
       29295
       29300
       29301
       29303
       29306
       29314
       29317
       29323
       29337
       29339
       29341
       29345
       29350
       29352
       29355
       29357
       29359
       29367
      -29368
       29369
       29370
       29372
       29375
      -29387
       29391
       29392
       29403
       29404
       29408
       29409
       29412
       29413
       29414
       29417
       29419
       29430
       29431
       29433
       29436
       29437
       29443
      -29450
       29454
       29456
       29457
       29458
       29462
       29463
       29472
       29475
       29478
       29481
       29485
       29492
       29494
       29499
       29503
      -29508
       29513
       29517
       29519
       29521
       29523
       29529
       29533
      -29541
       29543
       29545
       29552
       29555
       29557
       29561
       29563
       29572
       29574
       29578
       29580
       29585
       29586
       29588
       29591
       29604
       29605
       29608
       29616
       29617
      -29624
       29631
      -29632
       29636
       29638
       29639
       29642
       29649
       29650
       29657
       29662
       29663
       29668
       29669
       29672
       29689
       29702
       29703
       29709
       29714
       29715
       29722
       29724
       29732
       29737
       29738
      -29742
       29746
       29751
       29760
       29762
       29763
       29767
       29773
       29779
      -29783
       29787
       29793
       29803
       29813
       29814
       29820
       29826
       29828
       29835
       29840
       29844
       29851
       29852
      -29864
       29868
       29880
       29887
       29888
       29893
      -29897
       29902
       29904
       29926
       29945
       29948
      -29950
       29959
      -29975
       29976
       29987
       29992
      -29994
       29998
      -30006
      -30040
      -30041
      -30056
       30060
      -30078
      -30082
      -30089
      -30118
NNODG          31435        1437        1383
       -1530
       -1531
       -1636
       -1637
        1638
        1639
        1640
        1641
       -1642
       -1744
        1745
        1746
        1747
        1748
        1749
        1750
        1751
       -1752
       -1859
        1860
        1861
        1862
        1863
        1864
        1865
        1866
        1867
        1868
        1869
       -1870
       -1871
       -1986
        1987
        1988
        1989
        1990
        1991
        1992
        1993
        1994
        1995
        1996
        1997
        1998
        1999
        2000
        2001
       -2002
       -2113
       -2115
        2116
        2117
        2118
        2119
        2120
        2121
        2122
        2123
        2124
        2125
        2126
        2127
        2128
        2129
        2130
        2131
        2132
        2133
       -2134
       -2259
        2260
        2261
        2262
        2263
        2264
        2265
        2266
        2267
        2268
        2269
        2270
        2271
        2272
        2273
        2274
        2275
        2276
        2277
        2278
        2279
        2280
       -2281
       -2417
        2418
        2419
        2420
        2421
        2422
        2423
        2424
        2425
        2426
        2427
        2428
        2429
        2430
        2431
        2432
        2433
        2434
        2435
        2436
        2437
        2438
        2439
       -2440
       -2564
        2565
        2566
        2567
        2568
        2569
        2570
        2571
        2572
        2573
        2574
        2575
        2576
        2577
        2578
        2579
        2580
        2581
        2582
        2583
        2584
        2585
        2586
        2587
        2588
        2589
        2590
        2591
        2592
        2593
       -2594
       -2725
        2726
        2727
        2728
        2729
        2730
        2731
        2732
        2733
        2734
        2735
        2736
        2737
        2738
        2739
        2740
        2741
        2742
        2743
        2744
        2745
        2746
        2747
        2748
        2749
        2750
        2751
        2752
        2753
        2754
        2755
        2756
        2757
       -2758
       -2904
        2905
        2906
        2907
        2908
        2909
        2910
        2911
        2912
        2913
        2914
        2915
        2916
        2917
        2918
        2919
        2920
        2921
        2922
        2923
        2924
        2925
        2926
        2927
        2928
        2929
        2930
        2931
        2932
        2933
        2934
        2935
        2936
        2937
        2938
        2939
        2940
       -2941
       -3099
        3100
        3101
        3102
        3103
        3104
        3105
        3106
        3107
        3108
        3109
        3110
        3111
        3112
        3113
        3114
        3115
        3116
        3117
        3118
        3119
        3120
        3121
        3122
        3123
        3124
        3125
        3126
        3127
        3128
        3129
        3130
        3131
        3132
        3133
        3134
        3135
        3136
        3137
       -3138
       -3139
        3297
        3298
        3299
        3300
        3301
        3302
        3303
        3304
        3305
        3306
        3307
        3308
        3309
        3310
        3311
        3312
        3313
        3314
        3315
        3316
        3317
        3318
        3319
        3320
        3321
        3322
        3323
        3324
        3325
        3326
        3327
        3328
        3329
        3330
        3331
        3332
        3333
        3334
        3335
       -3336
        3485
        3486
        3487
        3488
        3489
        3490
        3491
        3492
        3493
        3494
        3495
        3496
        3497
        3498
        3499
        3500
        3501
        3502
        3503
        3504
        3505
        3506
        3507
        3508
        3509
        3510
        3511
        3512
        3513
        3514
        3515
        3516
        3517
        3518
        3519
        3520
        3521
        3522
        3523
        3524
        3525
        3526
        3527
        3528
        3529
        3530
       -3531
        3677
        3678
        3679
        3680
        3681
        3682
        3683
        3684
        3685
        3686
        3687
        3688
        3689
        3690
        3691
        3692
        3693
        3694
        3695
        3696
        3697
        3698
        3699
        3700
        3701
        3702
        3703
        3704
        3705
        3706
        3707
        3708
        3709
        3710
        3711
        3712
        3713
        3714
        3715
        3716
        3717
        3718
        3719
        3720
        3721
        3722
        3723
        3724
        3725
        3726
        3727
       -3728
        3867
        3868
        3869
        3870
        3871
        3872
        3873
        3874
        3875
        3876
        3877
        3878
        3879
        3880
        3881
        3882
        3883
        3884
        3885
        3886
        3887
        3888
        3889
        3890
        3891
        3892
        3893
        3894
        3895
        3896
        3897
        3898
        3899
        3900
        3901
        3902
        3903
        3904
        3905
        3906
        3907
        3908
        3909
        3910
        3911
        3912
        3913
        3914
        3915
        3916
        3917
        3918
        3919
        3920
        3921
        3922
       -3923
        4039
        4040
        4041
        4042
        4043
        4044
        4045
        4046
        4047
        4048
        4049
        4050
        4051
        4052
        4053
        4054
        4055
        4056
        4057
        4058
        4059
        4060
        4061
        4062
        4063
        4064
        4065
        4066
        4067
        4068
        4069
        4070
        4071
        4072
        4073
        4074
        4075
        4076
        4077
        4078
        4079
        4080
        4081
        4082
        4083
        4084
        4085
        4086
        4087
        4088
        4089
        4090
        4091
        4092
        4093
        4094
        4095
        4096
        4097
       -4098
        4218
        4219
        4220
        4221
        4222
        4223
        4224
        4225
        4226
        4227
        4228
        4229
        4230
        4231
        4232
        4233
        4234
        4235
        4236
        4237
        4238
        4239
        4240
        4241
        4242
        4243
        4244
        4245
        4246
        4247
        4248
        4249
        4250
        4251
        4252
        4253
        4254
        4255
        4256
        4257
        4258
        4259
        4260
        4261
        4262
        4263
        4264
        4265
        4266
        4267
        4268
        4269
        4270
        4271
        4272
        4273
        4274
        4275
        4276
        4277
        4278
        4279
        4280
        4281
        4282
       -4283
        4424
        4425
        4426
        4427
        4428
        4429
        4430
        4431
        4432
        4433
        4434
        4435
        4436
        4437
        4438
        4439
        4440
        4441
        4442
        4443
        4444
        4445
        4446
        4447
        4448
        4449
        4450
        4451
        4452
        4453
        4454
        4455
        4456
        4457
        4458
        4459
        4460
        4461
        4462
        4463
        4464
        4465
        4466
        4467
        4468
        4469
        4470
        4471
        4472
        4473
        4474
        4475
        4476
        4477
        4478
        4479
        4480
        4481
        4482
        4483
        4484
        4485
        4486
       -4487
       -4488
        4641
        4642
        4643
        4644
        4645
        4646
        4647
        4648
        4649
        4650
        4651
        4652
        4653
        4654
        4655
        4656
        4657
        4658
        4659
        4660
        4661
        4662
        4663
        4664
        4665
        4666
        4667
        4668
        4669
        4670
        4671
        4672
        4673
        4674
        4675
        4676
        4677
        4678
        4679
        4680
        4681
        4682
        4683
        4684
        4685
        4686
        4687
        4688
        4689
        4690
        4691
        4692
        4693
        4694
        4695
        4696
        4697
        4698
        4699
        4700
        4701
        4702
        4703
        4704
        4705
        4706
        4707
        4708
        4709
        4710
        4711
       -4712
        4891
        4892
        4893
        4894
        4895
        4896
        4897
        4898
        4899
        4900
        4901
        4902
        4903
        4904
        4905
        4906
        4907
        4908
        4909
        4910
        4911
        4912
        4913
        4914
        4915
        4916
        4917
        4918
        4919
        4920
        4921
        4922
        4923
        4924
        4925
        4926
        4927
        4928
        4929
        4930
        4931
        4932
        4933
        4934
        4935
        4936
        4937
        4938
        4939
        4940
        4941
        4942
        4943
        4944
        4945
        4946
        4947
        4948
        4949
        4950
        4951
        4952
        4953
        4954
        4955
        4956
        4957
        4958
        4959
        4960
       -4961
        5167
        5168
        5169
        5170
        5171
        5172
        5173
        5174
        5175
        5176
        5177
        5178
        5179
        5180
        5181
        5182
        5183
        5184
        5185
        5186
        5187
        5188
        5189
        5190
        5191
        5192
        5193
        5194
        5195
        5196
        5197
        5198
        5199
        5200
        5201
        5202
        5203
        5204
        5205
        5206
        5207
        5208
        5209
        5210
        5211
        5212
        5213
        5214
        5215
        5216
        5217
        5218
        5219
        5220
        5221
        5222
        5223
        5224
        5225
        5226
        5227
        5228
        5229
        5230
        5231
        5232
        5233
        5234
        5235
        5236
        5237
        5238
        5239
        5240
        5241
       -5242
        5485
        5486
        5487
        5488
        5489
        5490
        5491
        5492
        5493
        5494
        5495
        5496
        5497
        5498
        5499
        5500
        5501
        5502
        5503
       -5504
        5505
        5506
        5507
        5508
        5509
        5510
        5511
        5512
        5513
        5514
        5515
        5516
        5517
        5518
        5519
        5520
        5521
        5522
        5523
        5524
        5525
        5526
        5527
        5528
        5529
        5530
        5531
        5532
        5533
        5534
        5535
        5536
        5537
        5538
        5539
        5540
        5541
        5542
        5543
        5544
        5545
        5546
        5547
        5548
        5549
        5550
        5551
        5552
        5553
        5554
        5555
        5556
        5557
        5558
        5559
        5560
        5561
        5562
        5563
       -5564
        5846
        5847
        5848
        5849
        5850
        5851
        5852
        5853
        5854
        5855
        5856
        5857
        5858
        5859
        5860
        5861
        5862
        5863
        5864
        5865
        5866
        5867
       -5868
        5869
       -5871
        5873
        5874
        5875
        5876
        5877
        5878
        5879
        5880
        5881
        5882
        5883
        5884
        5885
        5886
        5887
        5888
        5889
        5890
        5891
        5892
        5893
        5894
        5895
        5896
        5897
        5898
        5899
        5900
        5901
        5902
        5903
        5904
        5905
        5906
        5907
        5908
        5909
        5910
        5911
        5912
        5913
        5914
        5915
        5916
        5917
        5918
        5919
        5920
        5921
        5922
        5923
        5924
        5925
        5926
        6255
        6256
        6257
        6258
        6259
        6260
        6261
        6262
        6263
        6264
        6265
        6266
        6267
        6268
        6269
        6270
        6271
        6272
        6273
       -6274
       -6275
       -6276
        6277
       -6281
        6286
        6287
        6288
        6289
        6290
        6291
        6292
        6293
        6294
        6295
        6296
        6297
        6298
        6299
        6300
        6301
        6302
        6303
        6304
        6305
        6306
        6307
        6308
        6309
        6310
        6311
        6312
        6313
        6314
        6315
        6316
        6317
        6318
        6319
        6320
        6321
        6322
        6323
        6324
        6325
        6326
        6327
        6328
        6329
        6330
        6331
        6332
        6333
        6334
        6335
        6336
        6337
        6338
        6676
        6677
        6678
        6679
        6680
        6681
        6682
        6683
        6684
        6685
        6686
        6687
        6688
        6689
        6690
       -6691
       -6692
        6695
        6696
       -6700
       -6702
        6707
        6708
        6709
        6710
        6711
        6712
        6713
        6714
        6715
        6716
        6717
        6718
        6719
        6720
        6721
        6722
        6723
        6724
        6725
        6726
        6727
        6728
        6729
        6730
        6731
        6732
        6733
        6734
        6735
        6736
        6737
        6738
        6739
        6740
        6741
        6742
        6743
        6744
        6745
        6746
        6747
        6748
        6749
        6750
        6751
        6752
        6753
        6754
        7087
        7088
        7089
        7090
        7091
        7092
        7093
        7094
        7095
        7096
        7097
        7098
        7099
        7100
        7101
       -7102
       -7103
        7109
        7110
       -7118
        7125
        7126
        7127
        7128
        7129
        7130
        7131
        7132
        7133
        7134
        7135
        7136
        7137
        7138
        7139
        7140
        7141
        7142
        7143
        7144
        7145
        7146
        7147
        7148
        7149
        7150
        7151
        7152
        7153
        7154
        7155
        7156
        7157
        7158
        7462
        7463
        7464
        7465
        7466
        7467
        7468
        7469
        7470
        7471
        7472
        7473
        7474
        7475
        7476
       -7477
        7490
        7491
       -7502
        7511
        7512
        7513
        7514
        7515
        7516
        7517
        7518
        7519
        7520
        7521
        7522
        7523
        7524
        7525
        7526
        7527
        7528
        7529
        7530
        7838
        7839
        7840
        7841
        7842
        7843
        7844
        7845
        7846
        7847
       -7848
        7865
        7866
       -7878
        7888
        7889
        7890
        7891
        7892
        7893
        7894
        7895
        7896
        7897
        7898
        7899
        7900
        8218
        8219
        8220
        8221
        8222
        8223
        8224
        8225
       -8226
        8248
        8249
       -8268
        8277
        8278
        8279
        8280
        8281
        8282
        8283
        8284
        8624
        8625
        8626
        8627
        8628
        8629
        8630
        8631
        8632
       -8633
        8654
        8655
        8683
        8684
        8685
        8686
        9031
        9032
        9033
        9034
        9035
        9036
        9037
       -9038
       -9039
        9064
        9065
        9066
        9090
        9432
        9433
        9434
        9435
        9436
        9437
        9438
       -9439
        9465
        9495
        9832
        9833
        9834
        9835
        9836
        9837
       10168
       10169
       10170
       10171
       10455
       10456
       10457
       10698
       10699
       10700
       10924
       10925
       10926
       11146
       11147
       11148
       11369
       11370
       11371
       11594
       11595
       11818
       11819
       12034
       12035
       12235
       12236
NFLUXF             0
NETA             103          37           0
NSTAE              0           0           0
NSTAV              0           0           0
NSTAM              0           0           0
NSTAC              0           0           0
RES NODE           2        1319
                   5           6           7           8          11          12
                  13          14          15          16          17          20
                  21          22          23          24          25          26
                  27          28          29          33          34          35
                  36          37          38          39          40          41
                  42          43          44          45          46          47
                  51          52          53          54          55          56
                  57          58          59          60          61          62
                  63          64          65          66          67          68
                  71          72          73          74          75          76
                  77          78          79          80          81          82
                  83          84          85          86          87          88
                  89          90          91          94          95          96
                  97          98          99         100         101         102
                 103         104         105         106         107         108
                 109         110         111         112         113         114
                 115         118         119         120         121         122
                 123         124         125         126         127         128
                 129         130         131         132         133         134
                 135         136         137         138         139         140
                 141         142         143         144         145         146
                 149         150         151         152         153         154
                 155         156         157         158         159         160
                 161         162         163         164         165         166
                 167         168         169         170         171         172
                 173         174         175         176         177         178
                 179         180         183         184         185         186
                 187         188         189         190         191         192
                 193         194         195         196         197         198
                 199         200         201         202         203         204
                 205         206         207         208         209         210
                 211         212         213         214         215         216
                 217         218         221         222         223         224
                 225         226         227         228         229         230
                 231         232         233         234         235         236
                 237         238         239         240         241         242
                 243         244         245         246         247         248
                 249         250         251         252         253         254
                 255         256         257         258         261         262
                 263         264         265         266         267         268
                 269         270         271         272         273         274
                 275         276         277         278         279         280
                 281         282         283         284         285         286
                 287         288         289         290         291         292
                 293         294         295         296         297         298
                 299         301         302         303         304         305
                 306         307         308         309         310         311
                 312         313         314         315         316         317
                 318         319         320         321         322         323
                 324         325         326         327         328         329
                 330         331         332         333         334         335
                 336         337         338         339         340         341
                 342         343         344         345         346         348
                 349         350         351         352         353         354
                 355         356         357         358         359         360
                 361         362         363         364         365         366
                 367         368         369         370         371         372
                 373         374         375         376         377         378
                 379         380         381         382         383         384
                 385         386         387         388         389         390
                 391         392         393         394         395         396
                 397         398         400         401         402         403
                 404         405         406         407         408         409
                 410         411         412         413         414         415
                 416         417         418         419         420         421
                 422         423         424         425         426         427
                 428         429         430         431         432         433
                 434         435         436         437         438         439
                 440         441         442         443         444         445
                 446         447         448         449         450         451
                 452         453         454         455         457         458
                 459         460         461         462         463         464
                 465         466         467         468         469         470
                 471         472         473         474         475         476
                 477         478         479         480         481         482
                 483         484         485         486         487         488
                 489         490         491         492         493         494
                 495         496         497         498         499         500
                 501         502         503         504         505         506
                 507         508         509         510         511         512
                 513         514         515         517         518         519
                 520         521         522         523         524         525
                 526         527         528         529         530         531
                 532         533         534         535         536         537
                 538         539         540         541         542         543
                 544         545         546         547         548         549
                 550         551         552         553         554         555
                 556         557         558         559         560         561
                 562         563         564         565         566         567
                 568         569         570         571         572         573
                 574         575         576         577         578         579
                 580         581         583         584         585         586
                 587         588         589         590         591         592
                 593         594         595         596         597         598
                 599         600         601         602         603         604
                 605         606         607         608         609         610
                 611         612         613         614         615         616
                 617         618         619         620         621         622
                 623         624         625         626         627         628
                 629         630         631         632         633         634
                 635         636         637         638         639         640
                 641         642         643         644         645         648
                 649         650         651         652         653         654
                 655         656         657         658         659         660
                 661         662         663         664         665         666
                 667         668         669         670         671         672
                 673         674         675         676         677         678
                 679         680         681         682         683         684
                 685         686         687         688         689         690
                 691         692         693         694         695         696
                 697         698         699         700         701         702
                 703         704         705         706         707         708
                 709         710         711         712         713         714
                 715         716         717         718         720         721
                 722         723         724         725         726         727
                 728         729         730         731         732         733
                 734         735         736         737         738         739
                 740         741         742         743         744         745
                 746         747         748         749         750         751
                 752         753         754         755         756         757
                 758         759         760         761         762         763
                 764         765         766         767         768         769
                 770         771         772         773         774         775
                 776         777         778         779         780         781
                 782         783         784         785         786         787
                 788         789         791         792         793         794
                 795         796         797         798         799         800
                 801         802         803         804         805         806
                 807         808         809         810         811         812
                 813         814         815         816         817         818
                 819         820         821         822         823         824
                 825         826         827         828         829         830
                 831         832         833         834         835         836
                 837         838         839         840         841         842
                 843         844         845         846         847         848
                 849         850         851         852         853         854
                 855         856         857         858         859         860
                 861         862         863         864         865         867
                 868         869         870         871         872         873
                 874         875         876         877         878         879
                 880         881         882         883         884         885
                 887         888         889         890         891         892
                 893         894         895         896         897         898
                 899         900         901         902         903         904
                 905         906         907         908         909         910
                 911         912         913         914         915         916
                 917         918         919         920         921         922
                 923         924         925         926         927         928
                 929         930         931         932         933         934
                 935         936         937         938         939         940
                 941         942         943         944         945         947
                 948         949         950         951         952         953
                 954         955         956         957         958         959
                 960         961         962         963         964         965
                 966         967         968         970         972         973
                 974         975         976         977         978         979
                 980         981         982         983         984         985
                 986         987         988         989         990         991
                 992         993         994         995         996         997
                 998         999        1000        1001        1002        1003
                1004        1005        1006        1007        1008        1009
                1010        1011        1012        1013        1014        1015
                1016        1017        1018        1019        1020        1021
                1022        1023        1024        1025        1026        1027
                1028        1029        1030        1031        1032        1033
                1034        1035        1036        1037        1038        1039
                1040        1041        1042        1043        1044        1048
                1050        1051        1052        1053        1054        1055
                1056        1057        1058        1059        1060        1061
                1062        1063        1064        1065        1066        1067
                1068        1069        1070        1071        1072        1073
                1074        1075        1076        1077        1078        1079
                1080        1081        1082        1083        1084        1085
                1086        1087        1088        1089        1090        1091
                1092        1093        1094        1095        1096        1097
                1098        1099        1100        1101        1102        1103
                1104        1105        1106        1107        1108        1109
                1110        1111        1112        1113        1114        1115
                1116        1117        1120        1121        1124        1125
                1126        1127        1128        1129        1130        1131
                1132        1133        1134        1135        1136        1137
                1138        1139        1140        1141        1142        1143
                1144        1145        1146        1147        1148        1149
                1150        1151        1152        1153        1154        1155
                1156        1157        1158        1159        1160        1161
                1162        1163        1164        1165        1166        1167
                1168        1169        1170        1171        1172        1173
                1174        1175        1176        1177        1178        1179
                1180        1181        1182        1183        1184        1185
                1186        1189        1190        1192        1193        1194
                1195        1196        1197        1198        1199        1200
                1201        1202        1203        1204        1205        1206
                1207        1208        1209        1210        1211        1212
                1213        1214        1215        1216        1217        1218
                1219        1220        1221        1222        1223        1224
                1225        1226        1227        1228        1229        1230
                1231        1232        1233        1234        1235        1236
                1237        1238        1239        1240        1242        1243
                1245        1246        1247        1248        1249        1250
                1251        1252        1253        1254        1255        1256
                1257        1258        1259        1260        1261        1262
                1263        1264        1265        1266        1267        1268
                1269        1270        1271        1272        1273        1274
                1276        1277        1279        1280        1281        1282
                1283        1284        1285        1286        1287        1288
                1289        1290        1291        1292        1293        1294
                1295        1296        1297        1298        1299        1301
                1302        1304        1305        1306        1307        1308
                1309        1310        1311        1312        1313        1314
                1315        1316        1317        1318        1319        1320
                1322        1323        1324        1325        1326        1327
                1328        1329        1330        1331        1332        1333
                1334        1337        1338        1339        1340        1341
                1342        1343        1344        1345        1346        1347
                1349        1350        1351        1352        1353        1354
                1355        1356        1357        1358        1359        1360
                1361        1362        1363        1364        1365        1366
                1367        1368        1369        1370        1371        1372
                1373        1374        1375        1376        1377        1378
                1379        1380        1381        1382        1383
COMM PE            5
RECV PE            1          21
                  48          69          92         116         147         181
                 219         259         260         300         347         399
                 456         516         582         646         647         719
                 790         866         946
RECV PE            4           6
                   1           2           9          18          30          31
RECV PE            5           6
                   3           4          10          19          32          49
RECV PE           11           7
                  50          70          93         117         148         182
                 220
RECV PE           23          24
                 886         969         971        1045        1046        1047
                1049        1118        1119        1122        1123        1187
                1188        1191        1241        1244        1275        1278
                1300        1303        1321        1335        1336        1348
SEND PE            1          20
                  47          68          91         115         146         180
                 218         258         298         299         346         398
                 455         515         581         645         718         789
                 865         945
SEND PE            4           8
                   5           6           7           8          17          29
                  46          47
SEND PE            5           5
                   5          11          20          21          33
SEND PE           11           9
                  33          51          71          72          94         118
                 149         183         221
SEND PE           23          23
                 809         884         887         967         968         972
                1043        1044        1048        1117        1121        1186
                1189        1190        1240        1243        1274        1277
                1299        1302        1320        1334        1347
