eastcoast_95d_ll_select.grd nodal attributes                                    
        1346
           2
primitive_weighting_in_continuity_equation                                      
unitless                                                                        
           1
  0.500000000E-02
mannings_n_at_sea_floor                                                         
unitless                                                                        
           1
  0.250000000E-01
primitive_weighting_in_continuity_equation                                      
          80
      3451    0.20000000E-01
      3641    0.20000000E-01
      4879    0.20000000E-01
      5834    0.20000000E-01
      5837    0.20000000E-01
      5839    0.20000000E-01
      6246    0.20000000E-01
      6254    0.20000000E-01
      6670    0.20000000E-01
      6671    0.20000000E-01
      7079    0.20000000E-01
      7080    0.20000000E-01
      7374    0.20000000E-01
      7375    0.20000000E-01
      7376    0.20000000E-01
      7736    0.20000000E-01
      8452    0.20000000E-01
      8838    0.20000000E-01
      8840    0.20000000E-01
      9236    0.20000000E-01
      9237    0.20000000E-01
      9238    0.20000000E-01
      9276    0.20000000E-01
      9278    0.20000000E-01
      9279    0.20000000E-01
      9283    0.20000000E-01
      9284    0.20000000E-01
      9287    0.20000000E-01
      9290    0.20000000E-01
      9632    0.20000000E-01
      9633    0.20000000E-01
      9634    0.20000000E-01
      9635    0.20000000E-01
      9668    0.20000000E-01
      9670    0.20000000E-01
      9671    0.20000000E-01
      9672    0.20000000E-01
      9673    0.20000000E-01
      9676    0.20000000E-01
      9677    0.20000000E-01
      9678    0.20000000E-01
      9679    0.20000000E-01
      9680    0.20000000E-01
      9682    0.20000000E-01
      9683    0.20000000E-01
      9684    0.20000000E-01
      9996    0.20000000E-01
      9997    0.20000000E-01
      9998    0.20000000E-01
     10031    0.20000000E-01
     10033    0.20000000E-01
     10035    0.20000000E-01
     10036    0.20000000E-01
     10037    0.20000000E-01
     10038    0.20000000E-01
     10039    0.20000000E-01
     10040    0.20000000E-01
     10311    0.20000000E-01
     10312    0.20000000E-01
     10315    0.20000000E-01
     10316    0.20000000E-01
     10317    0.20000000E-01
     10331    0.20000000E-01
     10344    0.20000000E-01
     10345    0.20000000E-01
     10585    0.20000000E-01
     10586    0.20000000E-01
     10587    0.20000000E-01
     10590    0.20000000E-01
     10600    0.20000000E-01
     10830    0.20000000E-01
     11054    0.20000000E-01
     11275    0.20000000E-01
     11277    0.20000000E-01
     11489    0.20000000E-01
     11491    0.20000000E-01
     11492    0.20000000E-01
     11714    0.20000000E-01
     11716    0.20000000E-01
     11717    0.20000000E-01
mannings_n_at_sea_floor                                                         
           0
