FileFmt      1050624           0           0
NELG           58369        2590        2453
        8247
        8275
        8301
        8320
        8321
        8322
        8327
        8329
        8333
        8334
        8341
        8351
        8353
        8355
        8358
        8360
        8361
        8369
        8371
        8376
        8381
        8382
        8385
        8389
        8390
        8391
        8397
        8401
        8403
        8405
        8406
        8413
        8414
        8418
        8422
        8427
        8428
        8433
        8435
        8437
        8439
        8440
        8441
        8444
        8445
        8448
        8451
        8456
        8468
        8474
        8477
        8478
        8480
        8481
        8482
        8485
        8493
        8500
        8504
        8505
        8506
        8509
        8512
        8513
        8514
        8516
        8519
        8521
        8522
        8525
        8526
        8527
        8530
        8531
        8533
        8534
        8535
        8537
        8540
        8549
        8552
        8553
        8554
        8556
        8559
        8561
        8563
        8564
        8565
        8566
        8572
        8573
        8574
        8579
        8580
        8581
        8582
        8585
        8586
        8588
        8589
        8590
        8595
       -8596
        8597
        8598
        8600
        8603
        8606
        8607
        8611
        8615
        8619
        8621
        8623
        8627
        8628
        8630
        8631
        8634
        8636
        8637
        8638
        8644
        8646
        8649
        8650
       -8651
        8653
        8654
        8657
        8662
        8663
        8667
        8668
        8669
        8671
        8673
        8674
        8675
        8679
        8680
        8681
        8682
        8683
       -8686
        8687
        8688
        8689
        8690
        8696
        8697
        8700
        8701
        8703
        8704
        8710
        8711
        8712
        8713
        8715
        8716
        8719
        8720
        8724
        8726
        8730
        8731
        8733
        8737
        8740
        8742
        8743
        8744
        8745
        8746
        8748
        8750
        8751
        8755
        8758
        8759
        8760
        8762
        8764
        8766
        8767
        8769
       -8770
        8773
        8779
        8783
        8787
        8788
        8790
        8791
        8792
        8793
        8794
        8798
        8799
        8800
        8802
        8803
        8804
        8805
        8806
        8807
        8808
        8812
        8814
        8819
        8820
        8825
        8827
        8831
        8833
        8834
        8835
        8836
       -8840
        8841
        8842
        8843
        8844
        8845
        8849
        8850
        8851
        8854
        8855
        8856
        8857
        8858
        8860
        8861
        8866
        8867
        8871
        8874
        8880
        8881
        8882
        8887
        8888
        8891
        8893
        8895
        8896
        8897
        8898
        8899
        8901
        8903
        8905
        8907
        8909
        8910
        8911
        8913
        8914
        8915
        8919
        8920
        8922
        8923
        8926
        8927
        8928
        8931
       -8933
        8935
        8936
        8938
        8939
        8940
        8943
        8946
        8947
        8952
        8958
        8959
        8960
        8961
        8962
        8963
        8967
        8968
        8969
        8970
        8971
        8972
        8974
        8977
        8978
        8982
        8986
        8987
       -8989
        8993
        8997
        8999
        9001
        9002
        9003
        9007
        9008
        9009
        9010
        9013
        9014
        9015
        9020
        9021
        9022
       -9023
        9024
        9026
        9029
        9031
        9033
        9036
        9039
        9041
        9042
        9045
        9046
        9047
        9048
        9049
        9050
        9056
        9060
        9061
        9063
        9064
        9065
        9067
        9069
        9071
        9075
        9076
        9078
        9080
        9081
        9082
        9083
        9086
        9088
        9096
       -9097
        9098
        9099
        9100
        9102
        9103
        9104
        9105
        9106
        9109
       -9110
        9111
        9112
        9113
        9115
        9116
        9118
        9120
        9121
        9122
        9124
        9125
        9127
        9129
        9131
        9133
       -9136
        9137
        9139
        9141
        9143
        9146
        9147
        9152
        9153
        9157
        9159
        9160
        9161
        9162
        9163
       -9164
        9165
        9170
        9171
        9172
        9173
        9176
        9178
        9180
        9181
        9182
        9184
        9185
        9188
        9191
        9192
        9193
        9194
        9195
        9196
        9199
        9200
        9201
        9202
        9203
        9205
        9208
        9209
        9213
        9214
        9218
        9219
        9220
        9224
        9225
        9228
        9229
        9230
        9234
        9235
        9237
       -9239
        9240
        9241
        9242
        9243
       -9244
        9245
        9246
        9247
        9248
        9249
        9250
        9252
        9256
        9257
        9262
        9267
        9268
        9269
        9270
        9271
        9272
        9273
        9277
        9278
        9279
        9284
        9285
        9289
        9290
        9294
        9295
        9296
        9297
        9298
        9300
        9301
        9302
        9304
        9306
        9309
        9311
        9312
       -9313
        9314
        9315
        9316
        9318
        9319
        9321
        9322
        9325
        9330
        9331
        9332
        9335
        9337
        9339
        9340
        9341
        9342
        9344
        9348
        9350
        9352
        9353
        9354
        9357
        9358
        9360
        9362
        9363
        9364
        9366
        9367
        9368
        9369
        9370
        9371
        9375
        9376
        9378
        9379
       -9381
        9382
        9383
        9384
        9386
        9388
        9393
        9396
        9397
        9398
        9402
        9405
        9406
        9407
        9408
        9410
        9413
        9416
        9420
        9422
        9423
        9425
        9426
        9431
        9433
        9434
        9435
        9437
        9440
        9441
        9443
        9444
        9445
        9448
        9449
        9450
        9451
        9452
        9454
        9455
        9457
        9459
        9465
        9467
        9468
        9475
        9476
        9481
        9482
        9485
       -9486
        9487
        9489
        9490
        9491
        9494
        9496
        9497
        9499
        9500
        9503
        9505
        9512
        9514
        9521
        9523
        9528
        9529
        9539
        9541
        9543
        9544
        9545
        9548
        9549
       -9551
        9554
        9557
        9558
        9559
        9561
        9564
        9565
        9566
        9570
        9574
        9575
        9577
        9579
        9582
        9584
        9587
        9591
        9593
        9594
        9597
        9599
        9604
        9608
        9614
        9615
        9616
        9620
        9626
        9627
       -9629
        9631
        9632
        9638
        9639
        9647
        9648
        9650
        9653
        9654
        9655
        9659
        9664
        9667
        9668
        9671
        9673
        9674
        9675
        9677
        9680
        9683
        9686
        9689
        9692
        9696
        9700
        9703
        9704
        9713
        9716
        9720
        9721
        9723
        9725
        9726
        9728
        9729
        9731
        9732
        9733
        9734
        9746
        9751
       -9753
        9755
        9759
        9761
        9763
        9768
        9770
        9771
        9772
        9773
        9778
        9783
        9792
        9793
        9795
        9800
        9803
        9804
        9807
        9808
        9813
        9814
        9816
        9823
        9825
        9828
        9829
        9832
        9838
        9839
        9843
        9844
        9846
        9861
        9862
        9864
        9865
        9869
        9870
        9874
        9877
        9879
        9880
        9885
        9887
        9899
        9908
        9923
        9930
        9931
        9933
       -9937
        9938
        9939
        9943
        9945
        9946
        9947
        9948
        9949
        9950
        9960
        9965
        9966
        9972
        9974
        9976
        9978
        9980
        9984
        9990
        9995
       10004
       10008
       10012
       10020
       10021
       10024
       10036
       10038
       10041
       10045
      -10049
       10052
       10053
       10057
       10058
       10059
       10060
       10062
       10071
       10084
       10087
       10088
       10089
       10090
       10099
       10101
       10109
       10110
       10120
       10127
       10135
       10137
       10139
       10142
       10145
       10146
       10152
       10155
       10165
      -10172
       10174
       10184
       10191
       10193
       10194
       10196
       10200
       10201
       10203
       10205
       10214
       10217
       10219
       10220
       10232
       10239
       10244
       10247
       10253
       10255
       10262
       10275
       10282
       10286
       10292
       10295
       10296
       10302
       10307
       10309
       10316
       10322
       10333
       10334
      -10340
       10343
       10344
       10347
       10349
       10359
       10361
       10363
       10365
       10376
       10381
       10383
       10384
       10385
       10398
       10401
       10405
       10406
       10407
       10414
       10416
       10428
       10431
       10433
       10441
       10444
       10450
       10456
       10467
       10470
       10476
       10491
       10493
       10494
       10505
      -10516
       10517
       10524
       10528
       10534
       10535
       10536
       10537
       10543
       10544
       10552
       10559
       10562
       10570
       10578
       10585
       10589
       10591
      -10598
       10601
       10602
       10612
       10613
       10615
       10618
       10619
       10621
       10639
       10642
       10653
       10658
       10667
       10671
      -10682
       10683
       10684
       10685
       10687
       10700
       10711
       10720
      -10721
       10723
       10726
       10732
       10738
       10740
       10750
       10752
      -10758
       10767
       10769
       10774
       10775
       10784
       10795
       10796
       10797
       10805
       10816
       10827
       10832
       10837
       10839
       10841
       10846
       10847
       10867
       10874
       10875
       10876
       10889
       10896
       10900
      -10908
       10917
       10929
       10930
       10935
       10940
      -10944
       10954
       10962
       10966
       10969
       10995
       11005
       11006
       11016
       11028
      -11031
       11036
       11038
       11039
       11041
       11043
       11050
       11072
       11091
       11095
       11118
       11121
       11126
       11128
       11152
       11153
       11172
       11176
       11178
       11180
      -11184
       11197
       11209
       11220
       11236
       11238
       11240
       11241
       11266
       11271
       11272
       11273
       11280
       11283
       11288
       11325
       11329
       11330
       11338
       11358
       11366
       11372
       11384
       11390
       11391
       11392
       11393
       11397
       11424
       11438
       11439
       11451
       11452
       11482
       11493
      -11496
       11502
       11508
       11511
       11516
       11535
       11544
       11553
       11565
       11571
       11576
       11579
       11598
       11601
       11603
       11635
       11646
       11647
       11660
       11679
       11686
       11697
       11712
       11715
       11718
       11731
       11733
       11744
       11747
       11752
       11777
       11780
       11788
       11797
       11808
       11864
       11868
       11872
       11883
       11886
       11896
       11897
       11903
       11920
       11926
       11936
      -11940
       11956
       11969
       11990
       11991
       11995
       11999
       12005
       12016
       12020
       12033
       12036
       12040
       12048
       12053
       12098
       12115
       12122
       12128
       12132
       12139
       12142
       12145
       12147
       12149
       12168
       12178
       12195
       12201
       12210
       12213
       12235
       12245
       12246
       12277
       12278
       12300
       12309
       12319
       12325
       12327
       12337
       12338
       12363
       12364
       12368
       12377
      -12382
       12393
       12394
       12406
       12407
       12412
       12432
       12441
       12444
       12446
       12476
       12485
       12496
       12500
       12502
       12542
       12544
       12553
       12554
       12556
       12561
       12587
       12615
       12617
       12622
       12651
       12661
       12662
       12673
       12681
       12685
       12690
       12694
       12701
       12702
       12705
       12711
       12725
       12745
       12756
       12780
       12790
       12793
       12797
       12802
       12803
       12818
       12821
       12823
      -12857
       12875
       12880
       12882
       12883
       12900
       12919
       12925
       12934
       12943
       12945
       12958
       12962
       12965
       12967
       12976
       12979
       12981
       13001
       13003
       13021
       13022
       13025
       13033
       13040
       13048
       13064
       13069
       13077
       13091
       13092
       13100
       13102
       13107
       13112
       13129
       13145
       13147
       13151
       13159
       13166
       13177
       13179
       13180
       13196
       13205
       13217
       13227
       13237
       13240
       13248
      -13250
       13254
       13255
       13261
       13279
       13302
       13305
       13306
       13311
       13323
       13330
       13341
       13350
       13368
       13374
       13399
       13403
       13411
       13437
       13463
       13469
       13477
       13496
       13520
       13547
       13549
       13550
       13555
       13573
       13576
       13582
       13583
       13595
       13597
       13606
       13619
       13624
       13625
       13643
       13679
       13696
       13705
       13711
       13716
       13721
       13723
       13746
       13749
       13758
       13759
       13799
      -13801
       13807
       13816
       13817
       13828
       13848
       13867
       13872
       13874
       13886
       13889
       13891
       13916
       13921
       13922
       13951
       13952
       13959
       13961
       13979
       13987
       14000
       14008
       14017
       14028
       14035
       14057
       14062
       14067
       14086
       14089
       14094
       14096
       14106
       14141
       14148
       14150
       14151
       14161
       14167
       14193
       14194
       14216
      -14223
       14224
       14237
       14239
       14273
       14276
       14290
       14291
       14310
       14327
       14333
       14345
       14350
      -14354
       14365
       14367
       14372
       14376
       14421
       14428
       14434
       14438
       14441
       14447
       14451
       14458
       14478
       14487
       14502
       14520
       14540
       14542
       14543
       14545
       14547
       14548
       14556
       14571
       14591
       14597
       14600
       14601
      -14617
       14621
       14627
       14651
       14656
       14660
       14670
       14682
       14701
       14702
       14705
       14710
       14711
       14735
       14746
       14749
       14754
       14766
       14775
      -14776
       14777
       14779
       14810
       14818
       14821
      -14826
       14828
       14837
       14846
       14853
       14864
       14867
       14873
       14879
       14887
       14898
       14911
       14922
      -14936
       14939
       14943
       14955
       14956
       14959
       14962
       14965
       14987
       15000
       15007
       15010
       15015
       15021
       15047
       15050
       15051
       15054
       15066
       15068
       15071
       15072
       15073
       15086
       15087
       15092
       15101
      -15108
       15109
       15112
       15114
       15115
       15118
       15139
       15141
       15146
       15151
       15189
       15193
       15198
       15210
       15212
       15214
       15215
       15216
       15221
       15224
       15228
       15236
       15253
       15254
       15260
       15263
       15265
       15267
       15269
       15270
       15281
       15297
       15310
      -15316
       15327
       15335
       15337
       15342
       15346
       15355
       15367
       15379
       15390
       15392
       15398
       15410
       15412
       15416
       15417
       15426
       15428
       15452
       15455
       15467
       15469
       15472
       15480
       15481
       15497
       15501
       15515
       15527
       15535
       15536
       15538
       15539
       15541
       15555
       15557
       15582
       15593
       15598
       15604
       15617
      -15618
       15620
      -15629
       15635
       15640
       15641
       15645
       15659
       15665
       15678
       15680
       15682
       15683
       15687
       15690
       15691
       15696
       15701
       15723
       15725
       15731
       15734
       15743
       15744
       15747
       15749
       15760
       15765
       15767
       15772
       15773
       15775
       15784
       15789
       15804
       15819
       15821
       15827
       15830
       15833
       15846
       15848
       15850
       15857
       15876
       15886
       15887
       15888
       15890
       15894
       15896
       15899
       15902
       15904
       15917
       15926
       15927
       15932
       15950
       15961
       15966
       15987
       15991
       16007
       16008
       16009
       16013
       16015
       16022
       16032
       16034
       16048
       16053
       16061
       16067
       16076
      -16104
       16111
       16113
       16126
       16137
       16148
       16153
       16162
       16168
       16175
       16189
       16192
       16193
       16198
       16219
       16225
       16230
       16248
       16256
       16257
       16270
       16290
       16294
       16299
       16311
       16312
       16334
       16338
       16340
       16376
       16381
       16400
       16406
       16436
      -16441
       16444
       16448
       16453
       16454
       16457
       16462
       16473
       16481
       16521
       16523
       16536
       16537
       16545
       16553
       16559
       16560
       16562
       16565
       16576
       16600
       16607
       16612
       16615
       16623
       16625
       16629
       16634
       16660
       16663
       16664
       16679
       16681
       16698
       16700
       16703
       16713
       16717
       16730
       16738
       16742
       16761
       16765
       16767
      -16772
       16779
       16784
       16787
       16793
       16805
       16809
       16823
       16825
       16830
       16836
       16841
       16847
       16859
       16860
       16862
       16865
       16869
       16871
       16873
       16874
       16902
       16903
       16904
       16911
       16922
       16929
       16935
       16946
       16947
       16948
       16953
       16958
       16969
       16972
       16974
       16976
       16977
       16995
       17004
       17009
       17012
       17017
       17022
       17025
       17035
       17036
       17037
       17043
       17044
       17063
       17065
       17066
       17069
      -17076
       17082
       17083
       17095
       17097
       17100
       17107
       17116
       17129
       17135
       17138
       17144
       17153
       17155
       17156
       17161
       17165
       17180
       17187
       17188
       17189
       17201
       17202
       17205
       17209
       17215
       17219
       17220
       17223
       17227
       17236
       17238
       17253
       17258
       17270
       17271
       17275
       17286
       17292
       17298
       17301
       17304
       17305
       17322
       17327
       17338
       17339
       17344
      -17356
       17357
       17359
       17361
       17362
       17378
       17381
       17382
       17384
       17393
       17404
       17408
       17422
       17424
       17430
       17434
       17437
       17441
       17461
       17468
       17483
       17484
       17491
       17495
       17502
       17505
       17506
       17522
       17529
       17534
       17550
       17552
       17563
       17565
       17586
       17588
       17589
       17591
       17601
       17608
       17623
       17626
       17631
       17635
       17640
      -17645
       17652
       17658
       17671
       17677
       17682
       17688
       17690
       17691
       17692
       17708
       17727
       17734
       17739
       17743
       17752
       17757
       17760
       17774
       17778
       17780
       17794
       17797
       17808
       17821
       17826
      -17827
       17832
       17840
       17851
       17852
       17859
       17872
       17886
       17889
       17900
       17902
       17907
       17922
       17925
       17931
       17932
       17936
       17945
       17950
       17952
       17957
       17976
       17988
       17989
       17992
       17995
       18008
       18015
       18028
       18034
       18044
       18045
       18046
       18049
      -18057
       18062
       18079
       18082
       18085
       18089
       18092
       18096
       18103
       18106
       18117
       18118
       18126
       18137
       18139
       18142
       18143
       18148
       18149
       18152
       18155
       18170
       18175
       18177
       18183
       18193
       18197
       18203
       18214
       18224
       18227
       18232
       18244
       18248
       18250
       18252
       18263
       18264
       18266
       18279
       18284
       18286
       18288
       18299
       18302
       18309
       18319
       18320
       18330
       18332
       18341
       18349
       18350
       18352
       18353
       18365
      -18371
       18381
       18385
       18386
       18387
       18390
       18404
       18409
       18411
       18413
       18415
       18420
       18421
       18429
       18434
       18436
       18450
       18452
       18456
       18468
       18477
       18479
       18493
       18498
       18502
       18510
       18512
       18515
       18519
       18522
       18526
       18534
      -18541
       18545
       18555
       18559
       18567
       18574
       18578
       18579
       18589
       18590
       18591
       18599
       18617
       18622
       18629
       18631
       18632
       18634
       18638
       18642
       18648
       18650
       18651
       18665
       18675
       18676
       18677
       18679
       18687
      -18697
       18702
       18703
       18706
       18707
       18713
       18715
       18717
       18720
       18730
       18733
       18736
       18743
       18758
       18763
       18767
       18773
       18776
       18777
       18778
       18781
       18782
       18785
       18796
       18797
       18801
       18809
       18810
      -18811
       18812
       18819
       18820
       18824
       18827
       18828
       18829
       18830
       18839
       18858
       18861
       18862
       18869
       18870
       18873
       18878
       18898
       18900
       18902
       18903
       18909
       18912
       18913
       18917
       18921
       18922
       18923
       18925
       18928
       18942
       18946
       18949
       18961
       18968
       18969
       18971
       18974
       18975
       18976
       18985
       18988
       18993
       18995
       18996
       19002
       19006
      -19007
       19008
       19011
       19021
       19026
       19027
       19037
       19038
       19039
       19040
       19042
       19046
       19047
       19062
       19065
       19066
       19067
       19074
       19083
       19087
       19089
       19095
       19097
       19100
       19103
       19105
      -19112
       19116
       19120
       19121
       19122
       19123
       19132
      -19137
      -19138
       19146
       19156
       19157
       19160
      -19162
       19173
      -19175
       19178
       19181
       19183
       19185
      -19190
       19195
       19200
       19201
       19207
      -19214
      -19217
      -19221
       19224
       19226
       19233
       19235
       19236
       19237
       19244
       19248
      -19252
       19256
       19257
      -19263
       19269
       19274
       19275
       19276
       19279
       19292
       19296
      -19300
      -19309
       19310
       19324
      -19325
       19342
       19350
       19364
       19365
       19366
      -19378
       19379
       19380
      -19392
      -19395
       19398
       19413
       19415
       19422
       19424
       19425
       19427
       19440
       19442
       19443
       19452
       19465
       19484
       19485
       19496
       19498
       19501
      -19502
      -19514
       19523
       19525
       19536
       19546
       19551
       19558
       19575
       19583
       19586
       19594
       19605
       19608
       19614
      -19618
       19634
       19643
       19654
       19656
      -19665
       19669
       19673
       19677
      -19703
       19704
       19717
       19720
       19733
       19741
      -19745
       19762
       19777
       19780
       19785
       19801
       19833
       19837
       19847
       19856
       19862
       19870
       19874
       19877
       19880
       19891
      -19893
       19920
       19921
       19930
       19944
       19950
       19965
       19971
       19972
       19983
       19985
       19990
       19993
       19998
       20001
       20004
       20007
       20010
       20025
       20038
       20046
       20047
       20053
       20058
       20060
       20072
       20074
       20078
       20079
       20080
       20081
      -20088
       20103
       20106
       20107
       20108
       20110
       20111
       20115
       20120
       20124
       20130
       20136
       20157
       20167
       20170
       20171
      -20173
       20174
       20182
       20188
       20192
       20193
       20210
       20211
      -20214
       20215
       20219
       20225
       20234
       20244
       20246
       20252
       20260
       20264
       20267
       20271
       20277
       20280
       20299
       20302
       20303
       20309
       20310
       20311
       20318
       20320
       20322
       20327
       20328
       20329
       20331
       20332
       20334
       20335
       20339
       20341
       20344
       20358
       20359
       20361
       20371
       20377
       20388
       20391
       20397
       20402
       20405
       20415
       20419
       20422
       20424
       20427
       20428
       20437
       20438
       20439
       20443
       20444
       20448
       20452
       20458
       20462
      -20476
       20485
       20490
       20494
       20499
       20500
       20505
       20507
       20511
       20513
       20522
       20524
       20525
       20528
       20533
       20535
       20537
       20540
       20542
       20547
       20554
       20575
       20586
       20588
       20594
       20600
       20604
       20607
       20611
       20614
       20621
       20625
       20630
       20631
       20632
       20638
       20639
       20649
      -20652
       20660
       20665
       20671
       20677
       20681
       20684
       20692
       20700
       20703
       20709
       20710
       20714
       20716
       20720
       20724
       20728
       20732
       20741
       20743
       20754
       20757
       20768
       20779
       20782
       20789
       20794
       20797
       20803
       20806
       20818
       20822
       20830
       20832
       20833
       20839
       20841
       20850
       20853
       20858
       20862
       20872
       20874
      -20881
      -20896
       20899
       20901
       20908
      -20909
      -20923
       20926
       20927
       20931
       20933
       20936
       20945
       20962
       20969
       20971
       20978
       20991
       20992
       20993
       21005
       21010
      -21020
       21023
       21029
      -21035
       21037
       21040
      -21047
       21064
       21077
      -21086
      -21089
       21102
       21112
       21114
       21131
       21134
       21140
       21149
       21152
       21154
      -21159
      -21161
      -21164
       21170
      -21174
       21189
       21190
       21192
      -21195
       21208
       21211
       21213
      -21215
      -21241
      -21250
      -21251
       21252
       21256
       21258
       21260
       21263
      -21274
       21279
      -21291
       21293
       21301
       21319
       21337
       21341
       21344
       21347
       21353
       21358
      -21381
       21393
       21400
       21409
      -21410
       21420
       21432
       21437
       21438
      -21450
       21457
       21501
       21508
       21511
      -21548
       21569
      -21594
       21626
      -21678
      -21690
       58219
       58220
NNODG          31435        1437        1346
       -1987
       -2111
       -2113
        2115
       -2116
       -2253
        2254
        2255
        2257
        2258
        2259
       -2260
       -2261
       -2403
        2407
        2408
        2409
        2410
        2411
        2412
        2413
        2414
        2415
        2416
        2417
       -2418
       -2548
        2553
        2554
        2555
        2556
        2557
        2558
        2559
        2560
        2561
        2562
        2563
        2564
       -2565
       -2704
        2709
        2710
        2711
        2712
        2713
        2714
        2715
        2716
        2717
        2718
        2719
        2720
        2721
        2722
        2723
        2724
        2725
       -2726
       -2879
        2885
        2886
        2887
        2888
        2889
        2890
        2891
        2892
        2893
        2894
        2895
        2896
        2897
        2898
        2899
        2900
        2901
        2902
        2903
        2904
       -2905
        3076
       -3077
        3081
        3082
        3083
        3084
        3085
        3086
        3087
        3088
        3089
        3090
        3091
        3092
        3093
        3094
        3095
        3096
        3097
        3098
        3099
       -3100
        3268
       -3269
        3273
        3274
        3275
        3276
        3277
        3278
        3279
        3280
        3281
        3282
        3283
        3284
        3285
        3286
        3287
        3288
        3289
        3290
        3291
        3292
        3293
        3294
        3295
        3296
       -3451
        3454
       -3455
        3457
        3458
        3459
        3460
        3461
        3462
        3463
        3464
        3465
        3466
        3467
        3468
        3469
        3470
        3471
        3472
        3473
        3474
        3475
        3476
        3477
        3478
        3479
        3480
        3481
        3482
        3483
        3484
        3641
       -3642
       -3643
        3644
        3645
        3646
        3647
        3648
        3649
        3650
        3651
        3652
        3653
        3654
        3655
        3656
        3657
        3658
        3659
        3660
        3661
        3662
        3663
        3664
        3665
        3666
        3667
        3668
        3669
        3670
        3671
        3672
        3673
        3674
        3675
        3676
        3827
        3828
        3829
        3830
        3831
        3832
        3833
        3834
        3835
        3836
        3837
        3838
        3839
        3840
        3841
        3842
        3843
        3844
        3845
        3846
        3847
        3848
        3849
        3850
        3851
        3852
        3853
        3854
        3855
        3856
        3857
        3858
        3859
        3860
        3861
        3862
        3863
        3864
        3865
        3866
        4001
        4002
        4003
        4004
        4005
        4006
        4007
        4008
        4009
        4010
        4011
        4012
        4013
        4014
        4015
        4016
        4017
        4018
        4019
        4020
        4021
        4022
        4023
        4024
        4025
        4026
        4027
        4028
        4029
        4030
        4031
        4032
        4033
        4034
        4035
        4036
        4037
        4038
        4176
        4177
        4178
        4179
        4180
        4181
        4182
        4183
        4184
        4185
        4186
        4187
        4188
        4189
        4190
        4191
        4192
        4193
        4194
        4195
        4196
        4197
        4198
        4199
        4200
        4201
        4202
        4203
        4204
        4205
        4206
        4207
        4208
        4209
        4210
        4211
        4212
        4213
        4214
        4215
        4216
        4217
        4376
        4377
        4378
        4379
        4380
        4381
        4382
        4383
        4384
        4385
        4386
        4387
        4388
        4389
        4390
        4391
        4392
        4393
        4394
        4395
        4396
        4397
        4398
        4399
        4400
        4401
        4402
        4403
        4404
        4405
        4406
        4407
        4408
        4409
        4410
        4411
        4412
        4413
        4414
        4415
        4416
        4417
        4418
        4419
        4420
        4421
        4422
        4423
        4586
        4587
        4588
        4589
        4590
        4591
        4592
        4593
        4594
        4595
        4596
        4597
        4598
        4599
        4600
        4601
        4602
        4603
        4604
        4605
        4606
        4607
        4608
        4609
        4610
        4611
        4612
        4613
        4614
        4615
        4616
        4617
        4618
        4619
        4620
        4621
        4622
        4623
        4624
        4625
        4626
        4627
        4628
        4629
        4630
        4631
        4632
        4633
        4634
        4635
        4636
        4637
        4638
        4639
        4640
        4833
        4834
        4835
        4836
        4837
        4838
        4839
        4840
        4841
        4842
        4843
        4844
        4845
        4846
        4847
        4848
        4849
        4850
        4851
        4852
        4853
        4854
        4855
        4856
        4857
        4858
        4859
        4860
        4861
        4862
        4863
        4864
        4865
        4866
        4867
        4868
       -4869
       -4870
       -4871
       -4872
       -4873
        4874
        4875
        4876
        4877
        4878
        4879
        4880
        4881
        4882
        4883
        4884
        4885
        4886
        4887
        4888
        4889
        4890
        5105
        5106
        5107
        5108
        5109
        5110
        5111
        5112
        5113
        5114
        5115
        5116
        5117
        5118
        5119
        5120
        5121
        5122
        5123
        5124
        5125
        5126
        5127
        5128
        5129
        5130
        5131
        5132
        5133
        5134
        5135
        5136
        5137
        5138
        5139
       -5140
       -5141
        5142
        5143
        5144
       -5145
       -5152
        5153
        5154
        5155
        5156
        5157
        5158
        5159
        5160
        5161
        5162
        5163
        5164
        5165
        5166
        5411
        5412
        5413
        5414
        5415
        5416
        5417
        5418
        5419
        5420
        5421
        5422
        5423
        5424
        5425
        5426
        5427
        5428
        5429
        5430
        5431
        5432
        5433
        5434
        5435
        5436
        5437
        5438
        5439
        5440
        5441
        5442
        5443
        5444
        5445
        5446
        5447
        5448
        5449
       -5450
       -5453
        5454
        5455
       -5456
       -5457
       -5470
       -5472
       -5473
        5474
        5475
        5476
        5477
        5478
        5479
        5480
        5481
        5482
        5483
        5484
        5761
        5762
        5763
        5764
        5765
        5766
        5767
        5768
        5769
        5770
        5771
        5772
        5773
        5774
        5775
        5776
        5777
        5778
        5779
        5780
        5781
        5782
        5783
        5784
        5785
        5786
        5787
        5788
        5789
        5790
        5791
        5792
        5793
        5794
        5795
        5796
        5797
        5798
        5799
        5800
        5801
        5802
        5803
       -5804
       -5811
       -5834
        5835
        5836
       -5837
        5838
       -5839
        5840
        5841
        5842
        5843
        5844
        5845
        6163
        6164
        6165
        6166
        6167
        6168
        6169
        6170
        6171
        6172
        6173
        6174
        6175
        6176
        6177
        6178
        6179
        6180
        6181
        6182
        6183
        6184
        6185
        6186
        6187
        6188
        6189
        6190
        6191
        6192
        6193
        6194
        6195
        6196
        6197
        6198
        6199
        6200
        6201
        6202
        6203
        6204
       -6205
       -6206
       -6207
       -6208
       -6209
       -6210
       -6211
        6245
        6246
        6247
       -6249
        6251
        6252
        6253
        6254
        6578
        6579
        6580
        6581
        6582
        6583
        6584
        6585
        6586
        6587
        6588
        6589
        6590
        6591
        6592
        6593
        6594
        6595
        6596
        6597
        6598
        6599
        6600
        6601
        6602
        6603
        6604
        6605
        6606
        6607
        6608
        6609
        6610
        6611
        6612
        6613
        6614
        6615
        6616
        6617
        6618
        6619
        6620
       -6621
        6669
        6670
       -6671
        6977
        6978
        6979
        6980
        6981
        6982
        6983
        6984
        6985
        6986
        6987
        6988
        6989
        6990
        6991
        6992
        6993
        6994
        6995
        6996
        6997
        6998
        6999
        7000
        7001
        7002
        7003
        7004
        7005
        7006
        7007
        7008
        7009
        7010
        7011
        7012
        7013
        7014
        7015
        7016
        7017
        7018
        7019
        7020
        7021
        7022
       -7023
        7024
        7079
       -7080
        7338
        7339
        7340
        7341
        7342
        7343
        7344
        7345
        7346
        7347
        7348
        7349
        7350
        7351
        7352
        7353
        7354
        7355
        7356
        7357
        7358
        7359
        7360
        7361
        7362
        7363
        7364
        7365
        7366
        7367
        7368
        7369
        7370
        7371
        7372
        7373
        7374
        7375
        7376
        7377
        7378
        7379
        7380
        7381
        7382
        7383
        7384
        7385
        7386
        7387
        7388
       -7389
        7392
        7695
        7696
        7697
        7698
        7699
        7700
        7701
        7702
        7703
        7704
        7705
        7706
        7707
        7708
        7709
        7710
        7711
        7712
        7713
        7714
        7715
        7716
        7717
        7718
        7719
        7720
        7721
        7722
        7723
        7724
        7725
        7726
        7727
        7728
        7729
        7730
        7731
        7732
        7733
        7734
        7735
        7736
        7737
        7738
        7739
        7740
        7741
        7742
        7743
        7744
        7745
        7746
        7747
        7748
        7749
        7750
       -7751
       -7752
        7756
        8064
        8065
        8066
        8067
        8068
        8069
        8070
        8071
        8072
        8073
        8074
        8075
        8076
        8077
        8078
        8079
        8080
        8081
        8082
        8083
        8084
        8085
        8086
        8087
        8088
        8089
        8090
        8091
        8092
        8093
        8094
        8095
        8096
        8097
        8098
        8099
        8100
        8101
        8102
        8103
        8104
        8105
        8106
        8107
        8108
        8109
        8110
        8111
        8112
        8113
       -8114
        8115
       -8116
        8124
        8447
        8448
        8449
        8450
        8451
        8452
        8453
        8454
        8455
        8456
        8457
        8458
        8459
        8460
        8461
        8462
        8463
        8464
        8465
        8466
        8467
        8468
        8469
        8470
        8471
        8472
        8473
        8474
        8475
        8476
        8477
        8478
        8479
        8480
        8481
        8482
        8483
        8484
        8485
        8486
        8487
        8488
        8489
        8490
        8491
        8492
        8493
        8494
        8495
        8496
        8497
        8498
        8499
        8500
        8501
        8502
        8503
       -8505
        8837
        8838
        8839
        8840
        8841
        8842
        8843
        8844
        8845
        8846
        8847
        8848
        8849
        8850
        8851
        8852
        8853
        8854
        8855
        8856
        8857
        8858
        8859
        8860
        8861
        8862
        8863
        8864
        8865
        8866
        8867
        8868
        8869
        8870
        8871
        8872
        8873
        8874
        8875
        8876
        8877
        8878
        8879
        8880
        8881
        8882
        8883
        8884
        8885
        8886
        8887
        8888
        8889
        8890
        8891
        8892
        8893
        8894
        8895
        8896
        8897
       -8898
       -8900
        9236
        9237
        9238
        9239
        9240
        9241
        9242
        9243
        9244
        9245
        9246
        9247
        9248
        9249
        9250
        9251
        9252
        9253
        9254
        9255
        9256
        9257
        9258
        9259
        9260
        9261
        9262
        9263
        9264
        9265
        9266
        9267
        9268
        9269
        9270
        9271
        9272
        9273
        9274
        9275
        9276
        9277
        9278
        9279
        9280
        9281
        9282
        9283
        9284
        9285
        9286
        9287
        9288
        9289
        9290
        9291
        9292
        9293
        9294
        9295
        9296
        9297
       -9299
        9632
        9633
        9634
        9635
        9636
        9637
        9638
        9639
        9640
        9641
        9642
        9643
        9644
        9645
        9646
        9647
        9648
        9649
        9650
        9651
        9652
        9653
        9654
        9655
        9656
        9657
        9658
        9659
        9660
        9661
        9662
        9663
        9664
        9665
        9666
        9667
        9668
        9669
        9670
        9671
        9672
        9673
        9674
        9675
        9676
        9677
        9678
        9679
        9680
        9681
        9682
        9683
        9684
        9685
        9686
        9687
        9996
        9997
        9998
        9999
       10000
       10001
       10002
       10003
       10004
       10005
       10006
       10007
       10008
       10009
       10010
       10011
       10012
       10013
       10014
       10015
       10016
       10017
       10018
       10019
       10020
       10021
       10022
       10023
       10024
       10025
       10026
       10027
       10028
       10029
       10030
       10031
       10032
       10033
       10034
       10035
       10036
       10037
       10038
       10039
       10040
       10041
       10042
       10311
       10312
       10313
       10314
       10315
       10316
       10317
       10318
       10319
       10320
       10321
       10322
       10323
       10324
       10325
       10326
       10327
       10328
       10329
       10330
       10331
       10332
       10333
       10334
       10335
       10336
       10337
       10338
       10339
       10340
       10341
       10342
       10343
       10344
       10345
       10585
       10586
       10587
       10588
       10589
       10590
       10591
       10592
       10593
       10594
       10595
       10596
       10597
       10598
       10599
       10600
       10821
       10822
       10823
       10824
       10825
       10826
       10827
       10828
       10829
       10830
       11045
       11046
       11047
       11048
       11049
       11050
       11051
       11052
       11053
       11054
       11269
       11270
       11271
       11272
       11273
       11274
       11275
       11276
       11277
       11489
       11490
       11491
       11492
       11714
       11715
       11716
       11717
       11942
       11943
NFLUXF             0
NETA             103          37           0
NSTAE              0           0           0
NSTAV              0           0           0
NSTAM              0           0           0
NSTAC              0           0           0
RES NODE          11        1282
                   4           7           8           9          10          11
                  15          16          17          18          19          20
                  21          22          23          24          25          28
                  29          30          31          32          33          34
                  35          36          37          38          39          42
                  43          44          45          46          47          48
                  49          50          51          52          53          54
                  55          56          57          58          61          62
                  63          64          65          66          67          68
                  69          70          71          72          73          74
                  75          76          77          78          79          80
                  82          84          85          86          87          88
                  89          90          91          92          93          94
                  95          96          97          98          99         100
                 101         102         104         106         107         108
                 109         110         111         112         113         114
                 115         116         117         118         119         120
                 121         122         123         124         125         126
                 127         128         129         131         133         134
                 135         136         137         138         139         140
                 141         142         143         144         145         146
                 147         148         149         150         151         152
                 153         154         155         156         157         158
                 159         160         161         164         165         166
                 167         168         169         170         171         172
                 173         174         175         176         177         178
                 179         180         181         182         183         184
                 185         186         187         188         189         190
                 191         192         193         194         195         196
                 197         198         199         200         201         202
                 203         204         205         206         207         208
                 209         210         211         212         213         214
                 215         216         217         218         219         220
                 221         222         223         224         225         226
                 227         228         229         230         231         232
                 233         234         235         236         237         238
                 239         240         241         242         243         244
                 245         246         247         248         249         250
                 251         252         253         254         255         256
                 257         258         259         260         261         262
                 263         264         265         266         267         268
                 269         270         271         272         273         274
                 275         276         277         278         279         280
                 281         282         283         284         285         286
                 287         288         289         290         291         292
                 293         294         295         296         297         298
                 299         300         301         302         303         304
                 305         306         307         308         309         310
                 311         312         313         314         315         316
                 317         318         319         320         321         322
                 323         324         325         326         327         328
                 329         330         331         332         333         334
                 335         336         337         338         339         340
                 341         342         343         344         345         346
                 347         348         349         350         351         352
                 353         354         355         356         357         358
                 359         360         361         362         363         364
                 365         366         367         368         369         370
                 371         372         373         374         375         376
                 377         378         379         380         381         382
                 383         384         385         386         387         388
                 389         390         391         392         393         394
                 395         396         397         398         399         400
                 401         402         403         404         405         406
                 407         408         409         410         411         412
                 413         414         415         416         417         418
                 419         420         421         422         423         424
                 425         426         427         428         429         430
                 431         432         433         434         435         436
                 437         438         439         440         441         442
                 443         444         445         446         447         448
                 449         450         451         452         453         454
                 455         461         462         463         464         465
                 466         467         468         469         470         471
                 472         473         474         475         476         477
                 478         479         480         481         482         483
                 484         485         486         487         488         489
                 490         491         492         493         494         495
                 496         497         498         499         500         501
                 502         503         504         505         506         507
                 508         509         510         511         512         515
                 516         517         520         521         522         523
                 524         525         526         527         528         529
                 530         531         532         533         534         535
                 536         537         538         539         540         541
                 542         543         544         545         546         547
                 548         549         550         551         552         553
                 554         555         556         557         558         559
                 560         561         562         563         564         565
                 566         567         568         569         570         571
                 572         575         576         582         583         584
                 585         586         587         588         589         590
                 591         592         593         594         595         596
                 597         598         599         600         601         602
                 603         604         605         606         607         608
                 609         610         611         612         613         614
                 615         616         617         618         619         620
                 621         622         623         624         625         626
                 627         628         629         630         631         632
                 633         634         635         639         640         642
                 644         645         646         647         648         649
                 650         651         652         653         654         655
                 656         657         658         659         660         661
                 662         663         664         665         666         667
                 668         669         670         671         672         673
                 674         675         676         677         678         679
                 680         681         682         683         684         685
                 686         687         688         689         690         691
                 699         700         701         703         704         705
                 706         707         708         709         710         711
                 712         713         714         715         716         717
                 718         719         720         721         722         723
                 724         725         726         727         728         729
                 730         731         732         733         734         735
                 736         737         738         739         740         741
                 742         743         744         745         746         747
                 748         749         751         752         754         755
                 756         757         758         759         760         761
                 762         763         764         765         766         767
                 768         769         770         771         772         773
                 774         775         776         777         778         779
                 780         781         782         783         784         785
                 786         787         788         789         790         791
                 792         793         794         795         796         797
                 798         799         801         802         804         805
                 806         807         808         809         810         811
                 812         813         814         815         816         817
                 818         819         820         821         822         823
                 824         825         826         827         828         829
                 830         831         832         833         834         835
                 836         837         838         839         840         841
                 842         843         844         845         846         847
                 848         849         850         851         852         853
                 854         856         857         858         859         860
                 861         862         863         864         865         866
                 867         868         869         870         871         872
                 873         874         875         876         877         878
                 879         880         881         882         883         884
                 885         886         887         888         889         890
                 891         892         893         894         895         896
                 897         898         899         900         901         902
                 903         904         905         906         907         908
                 909         910         911         912         915         916
                 917         918         919         920         921         922
                 923         924         925         926         927         928
                 929         930         931         932         933         934
                 935         936         937         938         939         940
                 941         942         943         944         945         946
                 947         948         949         950         951         952
                 953         954         955         956         957         958
                 959         960         961         962         963         964
                 965         967         969         970         971         972
                 973         974         975         976         977         978
                 979         980         981         982         983         984
                 985         986         987         988         989         990
                 991         992         993         994         995         996
                 997         998         999        1000        1001        1002
                1003        1004        1005        1006        1007        1008
                1009        1010        1011        1012        1013        1014
                1015        1016        1017        1018        1019        1020
                1021        1022        1023        1024        1025        1026
                1028        1029        1030        1031        1032        1033
                1034        1035        1036        1037        1038        1039
                1040        1041        1042        1043        1044        1045
                1046        1047        1048        1049        1050        1051
                1052        1053        1054        1055        1056        1057
                1058        1059        1060        1061        1062        1063
                1064        1065        1066        1067        1068        1069
                1070        1071        1072        1073        1074        1075
                1076        1077        1078        1079        1080        1081
                1082        1083        1084        1085        1086        1087
                1088        1091        1092        1093        1094        1095
                1096        1097        1098        1099        1100        1101
                1102        1103        1104        1105        1106        1107
                1108        1109        1110        1111        1112        1113
                1114        1115        1116        1117        1118        1119
                1120        1121        1122        1123        1124        1125
                1126        1127        1128        1129        1130        1131
                1132        1133        1134        1135        1136        1137
                1138        1139        1140        1141        1142        1143
                1144        1145        1146        1147        1148        1149
                1150        1151        1152        1154        1155        1156
                1157        1158        1159        1160        1161        1162
                1163        1164        1165        1166        1167        1168
                1169        1170        1171        1172        1173        1174
                1175        1176        1177        1178        1179        1180
                1181        1182        1183        1184        1185        1186
                1187        1188        1189        1190        1191        1192
                1193        1194        1195        1196        1197        1198
                1199        1200        1201        1202        1203        1204
                1205        1206        1207        1208        1209        1210
                1211        1212        1213        1214        1215        1216
                1217        1218        1219        1220        1221        1222
                1223        1224        1225        1226        1227        1228
                1229        1230        1231        1232        1233        1234
                1235        1236        1237        1238        1239        1240
                1241        1242        1243        1244        1245        1246
                1247        1248        1249        1250        1251        1252
                1253        1254        1255        1256        1257        1258
                1259        1260        1261        1262        1263        1264
                1265        1266        1267        1268        1269        1270
                1271        1272        1273        1274        1275        1276
                1277        1278        1279        1280        1281        1282
                1283        1284        1285        1286        1287        1288
                1289        1290        1291        1292        1293        1294
                1295        1296        1297        1298        1299        1300
                1301        1302        1303        1304        1305        1306
                1307        1308        1309        1310        1311        1312
                1313        1314        1315        1316        1317        1318
                1319        1320        1321        1322        1323        1324
                1325        1326        1327        1328        1329        1330
                1331        1332        1333        1334        1335        1336
                1337        1338        1339        1340        1341        1342
                1343        1344        1345        1346
COMM PE            4
RECV PE            2           9
                   1           5          12          13          26          40
                  59          81         103
RECV PE            5          13
                   2           3           6          14          27          41
                  60          83         105         130         132         162
                 163
RECV PE            9          25
                 513         514         573         574         577         636
                 637         692         693         694         695         696
                 697         698         750         800         855         913
                 914         966         968        1027        1089        1090
                1153
RECV PE           10          17
                 456         457         458         459         460         518
                 519         578         579         580         581         638
                 641         643         702         753         803
SEND PE            2           7
                   4          11          25          39          58          80
                 102
SEND PE            5          14
                   4           7           8          15          28          43
                  61          82         104         122         131         161
                 164         199
SEND PE            9          25
                 451         452         512         515         517         572
                 575         576         629         630         632         633
                 634         635         690         748         799         854
                 911         912         967        1013        1076        1143
                1144
SEND PE           10          16
                 398         399         400         401         455         461
                 517         520         522         523         582         584
                 642         700         752         802
