FileFmt      1050624           0           0
NELG           58369        2590        2539
       37089
       38126
       38421
       39765
       39769
       39772
       39957
       39963
       40021
       40025
       40131
       40172
       40274
       40306
       40311
       40329
       40353
       40404
       40439
       40478
       40488
       40515
       40592
       40627
       40644
       40663
       40701
       40760
       40791
       40793
       40907
       40948
       41109
       41127
       41130
       41149
       41205
       41218
       41243
       41258
       41331
       41383
       41407
       41416
       41466
       41491
       41500
       41575
       41594
       41623
       41634
       41670
       41694
       41697
       41709
       41718
       41742
       41751
       41772
       41799
       41848
       41856
       41902
       41909
       41940
       41949
       41971
       41976
       41990
       42004
       42031
       42058
       42065
       42068
       42083
       42084
       42094
       42108
       42150
       42157
       42169
       42189
       42205
       42206
       42214
       42234
       42254
       42257
       42259
       42283
       42293
       42321
       42327
       42333
       42335
       42340
       42350
       42393
       42410
       42412
       42415
       42446
       42457
       42464
       42480
       42484
       42506
       42507
       42509
       42539
       42551
       42558
       42564
       42570
       42573
       42574
       42575
       42583
       42598
       42607
       42622
       42626
       42637
       42642
       42643
       42645
       42659
       42664
       42667
       42673
       42677
       42679
       42688
       42692
       42701
       42702
       42704
       42706
       42707
       42708
       42709
       42717
       42723
       42724
       42726
       42727
       42732
       42734
       42739
       42741
       42742
       42747
       42754
       42758
       42761
       42764
       42766
       42768
       42774
       42776
       42779
       42781
       42786
       42788
       42792
       42793
       42794
       42800
       42802
       42807
       42808
       42809
       42810
       42817
       42822
       42825
       42828
       42833
       42836
       42837
       42838
       42839
       42842
       42844
       42846
       42847
       42850
       42865
       42868
       42873
       42876
       42878
       42884
       42888
       42890
       42895
       42907
       42908
       42909
       42910
       42912
       42917
       42921
       42928
       42930
       42931
       42933
       42940
       42948
       42951
       42954
       42959
       42960
       42963
       42965
       42967
       42971
       42976
       42985
       42986
       42987
       42993
       42994
       42998
       43000
       43003
       43007
       43008
       43015
       43018
       43019
       43025
       43036
       43047
       43048
       43049
       43050
       43052
       43054
       43055
       43072
       43074
       43075
       43080
       43081
       43082
       43084
       43085
       43086
       43088
       43095
       43096
       43099
       43105
       43106
       43118
       43121
       43127
       43129
       43132
       43133
       43136
       43141
       43142
       43144
       43145
       43149
       43150
       43151
       43153
       43155
       43157
       43159
       43160
       43165
       43166
       43171
       43178
       43179
       43184
       43186
       43187
       43189
       43190
       43192
       43200
       43201
       43202
       43204
       43208
       43210
       43212
       43216
       43217
       43218
       43219
       43221
       43222
       43225
       43228
       43231
       43233
       43234
       43235
       43238
       43242
       43244
       43245
       43251
       43257
       43258
       43259
       43260
       43261
       43262
       43263
       43265
       43268
       43270
       43271
       43275
       43276
       43277
       43278
       43279
       43281
       43285
       43286
       43287
       43291
       43293
       43294
       43295
       43296
       43298
       43299
       43301
       43302
       43303
       43304
       43305
       43309
       43311
       43314
       43315
       43317
       43318
       43320
       43322
       43325
       43326
       43327
       43328
       43330
       43331
       43334
       43336
       43338
       43339
       43341
       43342
       43344
       43345
       43346
       43347
       43348
       43350
       43351
       43352
       43353
       43356
       43357
       43358
       43359
       43361
       43364
       43365
       43367
       43370
       43371
       43372
       43374
       43375
       43377
       43378
       43379
       43380
       43383
       43386
       43387
       43389
       43391
       43392
       43393
       43394
       43396
       43397
       43398
       43399
       43400
       43401
       43403
       43406
       43410
       43411
       43413
       43415
       43416
       43417
       43419
       43423
       43424
       43425
       43426
       43427
       43430
       43433
       43434
       43435
       43436
       43437
       43439
       43441
       43442
       43443
       43444
       43445
       43446
       43447
       43449
       43451
       43454
       43455
       43456
       43459
       43460
       43461
       43462
       43463
       43464
       43465
       43466
       43471
       43472
       43475
       43476
       43478
       43479
       43480
       43481
       43482
       43483
       43484
       43485
       43487
       43490
       43491
       43493
       43494
       43495
       43496
       43497
       43498
       43499
       43503
       43504
       43505
       43509
       43510
       43514
       43515
       43516
       43519
       43520
       43521
       43522
       43523
       43524
       43525
       43526
       43527
       43529
       43531
       43532
       43535
       43537
       43538
       43541
       43542
       43543
       43544
       43545
       43547
       43549
       43550
       43552
       43553
       43555
       43556
       43558
       43559
       43560
       43563
       43566
       43567
       43568
       43569
       43570
       43571
       43572
       43573
       43575
       43576
       43578
       43581
       43582
       43583
       43585
       43586
       43588
       43589
       43590
       43591
       43593
       43594
       43596
       43597
       43598
       43601
       43603
       43606
       43607
       43609
       43610
       43611
       43613
       43614
       43615
       43616
       43618
       43620
       43621
       43622
       43623
       43625
       43626
       43627
       43629
       43630
       43631
       43632
       43633
       43635
       43636
       43637
       43638
       43639
       43640
       43641
       43643
       43645
       43646
       43647
       43648
       43649
       43652
       43653
       43655
       43657
       43658
       43659
       43661
       43662
       43663
       43664
       43665
       43666
       43667
       43669
       43670
       43671
       43672
       43673
       43674
       43675
       43676
       43677
       43678
       43680
       43681
       43682
       43683
       43684
       43685
       43686
       43687
       43688
       43690
       43692
       43693
       43694
       43695
       43696
       43697
       43698
       43699
       43700
       43703
       43704
       43705
       43706
       43707
       43708
       43709
       43710
       43711
       43712
       43713
       43714
       43715
       43716
       43717
       43718
       43719
       43720
       43721
       43722
       43723
       43724
       43725
       43726
       43727
       43728
       43729
       43730
       43731
       43732
       43733
       43734
       43735
       43737
       43738
       43739
       43740
       43741
       43742
       43743
       43744
       43745
       43747
       43748
       43749
       43750
       43751
       43752
       43753
       43754
       43755
       43756
       43757
       43758
       43759
       43760
       43761
       43762
       43763
       43764
       43765
       43766
       43767
       43768
       43769
       43770
       43771
       43772
       43773
       43774
       43775
       43776
       43777
       43778
       43779
       43780
       43781
       43782
       43783
       43784
       43785
       43786
       43787
       43788
       43789
       43790
       43791
       43792
       43793
       43794
       43795
       43796
       43797
       43798
       43799
       43800
       43801
       43802
       43803
       43804
       43805
       43806
       43807
       43808
       43809
       43810
       43811
       43812
       43813
       43815
       43816
       43817
       43818
       43819
       43820
       43822
       43823
       43824
       43825
       43826
       43827
       43828
       43829
       43830
       43832
       43833
       43834
       43835
       43836
       43837
       43838
       43839
       43840
       43841
       43842
       43843
       43844
       43845
       43846
       43847
       43848
       43849
       43850
       43851
       43852
       43853
       43854
       43856
       43857
       43858
       43860
       43861
       43862
       43863
       43864
       43865
       43866
       43867
       43868
       43869
       43870
       43871
       43872
       43873
       43874
       43875
       43876
       43877
       43878
       43879
       43880
       43881
       43882
       43883
       43884
       43885
       43886
       43887
       43888
       43889
       43890
       43891
       43892
       43893
       43894
       43895
       43896
       43897
       43898
       43899
       43900
       43901
       43902
       43903
       43904
       43905
       43906
       43907
       43908
       43909
       43910
       43911
       43912
       43914
       43915
       43916
       43917
       43918
       43919
       43920
       43922
       43923
       43924
       43925
       43926
       43927
       43928
       43929
       43930
       43931
       43932
       43933
       43935
       43936
       43937
       43938
       43939
       43940
       43941
       43942
       43943
       43944
       43945
       43946
       43947
       43948
       43949
       43950
       43951
       43952
       43953
       43954
       43955
       43956
       43957
       43958
       43959
       43960
       43961
       43962
       43963
       43964
       43965
       43966
       43967
       43968
       43969
       43970
       43971
       43972
       43973
       43974
       43975
       43976
       43977
       43978
       43979
       43980
       43981
       43982
       43983
       43984
       43985
       43986
       43987
       43988
       43989
       43990
       43991
       43992
       43993
       43994
       43995
       43996
       43997
       43998
       43999
       44000
       44001
       44002
       44003
       44004
       44005
       44006
       44008
       44009
       44010
       44011
       44012
       44013
       44014
       44015
       44016
       44017
       44018
       44019
       44020
       44021
       44022
       44023
       44024
       44025
       44026
       44027
       44028
       44029
       44030
       44031
       44032
       44033
       44034
       44035
       44037
       44038
       44039
       44040
       44041
       44042
       44043
       44044
       44045
       44046
       44047
       44048
       44049
       44050
       44051
       44052
       44053
       44054
       44055
       44056
       44057
       44058
       44059
       44060
       44061
       44063
       44064
       44065
       44066
       44067
       44068
       44069
       44070
       44071
       44072
       44073
       44074
       44075
       44076
       44077
       44078
       44079
       44080
       44081
       44082
       44083
       44084
       44085
       44086
       44087
       44088
       44089
       44090
       44091
       44092
       44093
       44094
       44095
       44096
       44097
       44098
       44099
       44100
       44101
       44102
       44103
       44104
       44105
       44106
       44107
       44108
       44109
       44110
       44111
       44112
       44113
       44114
       44115
       44116
       44117
       44118
       44119
       44120
       44121
       44122
       44123
       44124
       44125
       44126
       44128
       44129
       44130
       44131
       44132
       44133
       44134
       44135
       44136
       44137
       44138
       44139
       44140
       44141
       44142
       44143
       44144
       44145
       44146
       44147
       44148
       44149
       44150
       44151
       44152
       44153
       44154
       44155
       44156
       44157
       44158
       44159
       44160
       44161
       44162
       44163
       44165
       44166
       44167
       44168
       44169
       44170
       44171
       44172
       44173
       44174
       44175
       44176
       44177
       44178
       44179
       44180
       44181
       44182
       44183
       44184
       44185
       44186
       44187
       44188
       44189
       44190
       44191
       44192
       44193
       44194
       44195
       44196
       44197
       44198
       44199
       44200
       44201
       44202
       44203
       44204
       44205
       44206
       44207
       44208
       44209
       44210
       44211
       44212
       44213
       44214
       44215
       44216
       44217
       44218
       44219
       44220
       44221
       44222
       44223
       44224
       44225
       44226
       44227
       44228
       44229
       44230
       44231
       44232
       44233
       44234
       44235
       44236
       44237
       44238
       44239
       44240
       44241
       44242
       44243
       44244
       44245
       44246
       44247
       44248
       44249
       44250
       44251
       44252
       44253
       44254
       44255
       44256
       44257
       44258
       44259
       44260
       44261
       44262
       44263
       44264
       44265
       44266
       44267
       44268
       44269
       44270
       44271
       44272
       44273
       44274
       44275
       44276
       44278
       44279
       44280
       44281
       44283
       44284
       44285
       44286
       44287
       44288
       44289
       44290
       44291
       44292
       44293
       44294
       44295
       44296
       44297
       44298
       44299
       44300
       44302
       44303
       44304
       44305
       44306
       44307
       44309
       44310
       44311
       44312
       44313
       44314
       44315
       44316
       44317
       44318
       44319
       44320
       44321
       44322
       44323
       44324
       44325
       44326
       44327
       44328
       44329
       44330
       44331
       44332
       44333
       44334
       44335
       44337
       44338
       44339
       44340
       44341
       44342
       44343
       44344
       44345
       44346
       44347
       44348
       44349
       44350
       44351
       44352
       44353
       44354
       44355
       44356
       44357
       44358
       44359
       44360
       44361
       44362
       44363
       44364
       44365
       44366
       44367
       44368
       44369
       44370
       44371
       44372
       44373
       44374
       44375
       44376
       44377
       44378
       44379
       44380
       44381
       44382
       44383
       44384
       44386
       44387
       44388
       44389
       44391
       44392
       44393
       44394
       44395
       44396
       44397
       44398
       44399
       44400
       44401
       44402
       44403
       44404
       44405
       44406
       44407
       44408
       44409
       44410
       44412
       44413
       44414
       44415
       44416
       44417
       44418
       44419
       44420
       44421
       44422
       44423
       44424
       44425
       44426
       44427
       44428
       44429
       44430
       44431
       44432
       44433
       44434
       44435
       44436
       44437
       44438
       44439
       44441
       44442
       44443
       44444
       44445
       44446
       44447
       44449
       44450
       44451
       44452
       44453
       44454
       44455
       44456
       44457
       44458
       44459
       44460
       44461
       44463
       44464
       44465
       44466
       44467
       44469
       44470
       44471
       44473
       44474
       44475
       44476
       44477
       44478
       44479
       44480
       44481
       44482
       44483
       44484
       44485
       44486
       44487
       44488
       44489
       44490
       44491
       44492
       44493
       44494
       44495
       44496
       44497
       44498
       44499
       44500
       44501
       44502
       44503
       44504
       44505
       44506
       44507
       44508
       44509
       44510
       44511
       44512
       44513
       44514
       44515
       44516
       44517
       44518
       44519
       44520
       44521
       44522
       44523
       44524
       44525
       44526
       44527
       44528
       44529
       44530
       44531
       44532
       44533
       44534
       44535
       44536
       44537
       44538
       44539
       44540
       44541
       44542
       44543
       44544
       44545
       44546
       44547
       44548
       44549
       44550
       44551
       44552
       44553
       44554
       44555
       44556
       44557
       44558
       44559
       44560
       44561
       44562
       44563
       44564
       44565
       44566
       44567
       44568
       44569
       44570
       44571
       44572
       44573
       44574
       44575
       44576
       44577
       44578
       44579
       44580
       44581
       44582
       44583
       44584
       44585
       44586
       44587
       44588
       44589
       44590
       44591
       44592
       44593
       44594
       44595
       44596
       44597
       44598
       44599
       44601
       44602
       44603
       44604
       44605
       44606
       44607
       44608
       44609
       44610
       44611
       44613
       44614
       44615
       44616
       44617
       44618
       44619
       44620
       44621
       44622
       44623
       44624
       44625
       44626
       44627
       44628
       44629
       44630
       44631
       44632
       44633
       44634
       44635
       44636
       44637
       44638
       44640
       44641
       44642
       44643
       44644
       44645
       44646
       44647
       44648
       44649
       44650
       44651
       44652
       44653
       44654
       44655
       44656
       44657
       44658
       44659
       44660
       44663
       44664
       44665
       44666
       44667
       44668
       44669
       44670
       44671
       44672
       44673
       44674
       44676
       44677
       44678
       44679
       44681
       44682
       44684
       44685
       44686
       44687
       44688
       44689
       44690
       44691
       44692
       44693
       44694
       44695
       44696
       44697
       44698
       44699
       44700
       44701
       44702
       44703
       44704
       44705
       44706
       44707
       44708
       44709
       44712
       44714
       44715
       44716
       44718
       44719
       44720
       44721
       44722
       44723
       44724
       44725
       44727
       44728
       44729
       44730
       44731
       44732
       44733
       44734
       44735
       44736
       44737
       44739
       44740
       44741
       44742
       44743
       44744
       44745
       44746
       44747
       44748
       44749
       44750
       44751
       44752
       44753
       44754
       44755
       44756
       44757
       44758
       44759
       44760
       44761
       44762
       44763
       44764
       44765
       44766
       44767
       44768
       44769
       44770
       44771
       44772
       44773
       44774
       44775
       44776
       44777
       44778
       44779
       44780
       44781
       44782
       44783
       44786
       44787
       44788
       44789
       44790
       44791
       44792
       44793
       44795
       44796
       44800
       44802
       44803
       44804
       44805
       44807
       44809
       44810
       44811
       44816
       44817
       44819
       44820
       44821
       44824
       44825
       44828
       44833
       44834
       44835
       44845
       44849
       44850
       44851
       44853
       44857
       44860
       44862
       44865
       44867
       44875
       44880
       44881
       44885
       44890
       44894
       44897
       44898
       44900
       44904
       44905
       44912
       44916
       44920
       44921
       44923
       44926
       44932
       44934
       44935
       44944
       44947
       44948
       44949
       44951
       44955
       44957
       44958
       44964
       44966
       44967
       44969
       44973
       44977
       44979
       44980
       44983
       44984
       44991
       44992
       44996
       44999
       45000
       45001
       45003
       45004
       45009
       45013
       45016
       45017
       45022
       45026
       45028
       45031
       45032
       45034
       45041
       45043
       45045
       45051
       45058
       45064
       45066
       45075
       45078
       45080
       45081
       45082
       45083
       45086
       45091
       45095
       45102
       45103
       45106
       45113
       45115
       45116
       45122
       45126
       45128
       45131
       45142
       45148
       45154
       45166
       45173
       45180
       45186
       45188
       45189
       45192
       45194
       45201
       45205
       45211
       45212
       45222
       45226
       45227
       45232
       45243
       45244
       45254
       45269
       45279
       45281
       45284
       45288
       45294
       45298
       45308
       45311
       45315
       45318
       45325
       45327
       45339
       45348
       45349
       45352
       45378
       45384
       45385
       45389
       45417
       45436
       45440
       45443
       45462
       45475
       45511
       45514
       45527
       45548
       45557
       45591
       45594
       45625
       45668
       45774
       45794
       45838
       45900
       45923
       45937
       45943
       46059
       46076
       46085
       46109
       46117
       46119
       46122
       46133
       46136
       46137
       46142
       46148
       46156
       46159
       46162
       46168
       46175
       46179
       46183
       46184
       46192
       46195
       46196
       46198
       46199
       46207
       46212
       46215
       46216
       46219
       46223
       46227
       46228
       46232
       46235
       46237
       46242
       46249
       46252
       46254
       46261
       46263
       46266
       46267
       46273
       46274
       46278
       46280
       46289
       46292
       46293
       46304
       46305
       46307
       46308
       46312
       46319
       46320
       46321
       46322
       46324
       46326
       46327
       46334
       46340
       46344
       46350
       46352
       46354
       46355
       46357
       46358
       46360
       46361
       46365
       46367
       46369
       46371
       46382
       46387
       46389
       46390
       46391
       46394
       46398
       46400
       46403
       46404
       46408
       46409
       46411
       46413
       46414
       46418
       46427
       46429
       46432
       46435
       46436
       46438
       46439
       46440
       46441
       46448
       46453
       46454
       46456
       46459
       46463
       46466
       46468
       46470
       46473
       46474
       46475
       46479
       46484
       46490
       46492
       46496
       46498
       46500
       46501
       46504
       46508
       46510
       46513
       46514
       46515
       46518
       46520
       46523
       46527
       46532
       46533
       46537
       46541
       46542
       46545
       46547
       46548
       46552
       46558
       46561
       46564
       46565
       46567
       46570
       46571
       46573
       46577
       46579
       46581
       46583
       46585
       46586
       46587
       46588
       46589
       46590
       46595
       46599
       46604
       46606
       46609
       46611
       46613
       46616
       46617
       46618
       46619
       46622
       46624
       46625
       46635
       46636
       46637
       46641
       46643
       46645
       46648
       46650
       46654
       46655
       46657
       46661
       46663
       46665
       46667
       46669
       46670
       46673
       46674
       46680
       46684
       46685
       46688
       46689
       46693
       46698
       46700
       46702
       46703
       46704
       46705
       46707
       46709
       46710
       46712
       46715
       46717
       46719
       46720
       46721
       46724
       46730
       46731
       46733
       46734
       46735
       46738
       46739
       46741
       46746
       46748
       46750
       46753
       46758
       46760
       46762
       46766
       46767
       46769
       46771
       46773
       46774
       46776
       46783
       46785
       46789
       46793
       46795
       46799
       46800
       46801
       46802
       46807
       46809
       46810
       46811
       46812
       46815
       46818
       46819
       46823
       46824
       46825
       46828
       46832
       46834
       46835
       46837
       46839
       46840
       46842
       46844
       46845
       46849
       46853
       46855
       46857
       46858
       46859
       46860
       46862
       46865
       46869
       46871
       46876
       46877
       46878
       46880
       46889
       46892
       46894
       46895
       46896
       46898
       46899
       46900
       46902
       46909
       46914
       46915
       46917
       46918
       46919
       46920
       46923
       46927
       46929
       46931
       46938
       46941
       46942
       46943
       46945
       46947
       46948
       46951
       46953
       46955
       46957
       46961
       46963
       46964
       46967
       46968
       46970
       46973
       46976
       46979
       46980
       46981
       46983
       46985
       46986
       46989
       46990
       46991
       46994
       46995
       46996
       46999
       47001
       47002
       47003
       47005
       47006
       47009
       47012
       47014
       47017
       47018
       47019
       47020
       47023
       47026
       47028
       47029
       47032
       47037
       47040
       47042
       47044
       47046
       47048
       47050
       47052
       47053
       47059
       47060
       47063
       47064
       47066
       47071
       47072
       47073
       47076
       47077
       47078
       47079
       47082
       47085
       47086
       47089
       47092
       47093
       47095
       47102
       47105
       47106
       47110
       47118
       47119
       47121
       47123
       47124
       47128
       47134
       47136
       47142
       47147
       47151
       47152
       47153
       47155
       47159
       47163
       47164
       47168
       47174
       47182
       47186
       47187
       47188
       47193
       47194
       47195
       47198
       47207
       47216
       47222
       47223
       47227
       47229
       47231
       47235
       47238
       47240
       47243
       47244
       47252
       47254
       47257
       47261
       47264
       47266
       47267
       47270
       47274
       47275
       47277
       47278
       47279
       47282
       47283
       47289
       47293
       47295
       47296
       47300
       47305
       47306
       47307
       47310
       47313
       47314
       47316
       47318
       47320
       47325
       47327
       47329
       47330
       47336
       47342
       47345
       47346
       47348
       47349
       47350
       47354
       47356
       47358
       47359
       47362
       47363
       47364
       47365
       47366
       47367
       47372
       47373
       47376
       47384
       47387
       47390
       47393
       47394
       47398
       47399
       47400
       47401
       47403
       47404
       47405
       47409
       47410
       47412
       47414
       47415
       47416
       47417
       47418
       47430
       47433
       47441
       47442
       47443
       47444
       47446
       47447
       47450
       47452
       47455
       47457
       47467
       47470
       47471
       47476
       47482
       47484
       47487
       47488
       47489
       47490
       47493
       47495
       47496
       47497
       47498
       47504
       47506
       47511
       47514
       47517
       47518
       47520
       47521
       47524
       47533
       47534
       47536
       47541
       47542
       47544
       47554
       47556
       47559
       47560
       47561
       47562
       47568
       47573
       47574
       47581
       47582
       47585
       47586
       47588
       47591
       47592
       47593
       47594
       47596
       47598
       47601
       47602
       47606
       47612
       47613
       47614
       47621
       47623
       47625
       47628
       47629
       47635
       47637
       47638
       47643
       47646
       47647
       47648
       47651
       47654
       47655
       47660
       47661
       47668
       47675
       47683
       47686
       47687
       47690
       47694
       47695
       47697
       47699
       47700
       47704
       47707
       47708
       47709
       47712
       47717
       47732
       47734
       47738
       47743
       47744
       47745
       47747
       47753
       47754
       47760
       47762
       47767
       47784
       47787
       47788
       47803
       47806
       47813
       47817
       47822
       47823
       47830
       47834
       47835
       47839
       47842
       47849
       47855
       47862
       47871
       47873
       47877
       47879
       47910
       47918
       47919
       47923
       47928
       47935
       47937
       47952
       47956
       47962
       47964
       47974
       47977
       47979
       47981
       48009
       48011
       48013
       48015
       48019
       48025
       48030
       48035
       48056
       48058
       48062
       48066
       48072
       48073
       48075
       48094
       48100
       48102
       48106
       48117
       48118
       48121
       48122
       48147
       48158
       48163
       48164
       48166
       48175
       48187
       48198
       48209
       48210
       48227
       48229
       48232
       48240
       48248
       48249
       48250
       48251
       48264
       48265
       48275
       48284
       48289
       48292
       48294
       48299
       48304
       48314
       58230
       58231
       58232
       58233
       58234
       58235
       58236
       58237
       58238
       58239
NNODG          31435        1437        1411
      -16034
      -16035
      -16378
       16379
      -16380
      -16672
       16673
      -16674
       16675
      -16680
      -16931
       16932
       16933
       16934
       16935
      -16937
      -16938
       16942
       16943
      -17161
       17162
       17163
       17164
       17165
      -17167
       17168
       17173
       17174
      -17367
       17368
       17369
       17370
       17371
       17372
       17373
      -17376
      -17383
       17384
       17385
      -17569
       17570
       17571
       17572
       17573
       17574
       17575
       17576
       17577
       17578
       17579
      -17590
      -17591
      -17773
       17774
       17775
       17776
       17777
       17778
       17779
       17780
       17781
       17782
       17783
       17784
       17785
      -17801
      -17975
       17976
       17977
       17978
       17979
       17980
       17981
       17982
       17983
       17984
       17985
       17986
       17987
       17988
       17989
       17990
      -18009
      -18184
       18185
       18186
       18187
       18188
       18189
       18190
       18191
       18192
       18193
       18194
       18195
       18196
       18197
       18198
       18199
       18200
       18201
       18202
       18203
       18204
      -18227
      -18413
       18414
       18415
       18416
       18417
       18418
       18419
       18420
       18421
       18422
       18423
       18424
       18425
       18426
       18427
       18428
       18429
       18430
       18431
       18432
       18433
       18434
       18435
       18436
       18437
      -18462
      -18675
       18676
       18677
       18678
       18679
       18680
       18681
       18682
       18683
       18684
       18685
       18686
       18687
       18688
       18689
       18690
       18691
       18692
       18693
       18694
       18695
       18696
       18697
       18698
       18699
       18700
       18701
       18702
      -18728
      -18971
       18972
       18973
       18974
       18975
       18976
       18977
       18978
       18979
       18980
       18981
       18982
       18983
       18984
       18985
       18986
       18987
       18988
       18989
       18990
       18991
       18992
       18993
       18994
       18995
       18996
       18997
       18998
       18999
       19000
       19001
       19002
       19003
      -19030
       19031
      -19293
       19294
       19295
       19296
       19297
       19298
       19299
       19300
       19301
       19302
       19303
       19304
       19305
       19306
       19307
       19308
       19309
       19310
       19311
      -19312
      -19313
      -19314
      -19315
       19316
       19317
       19318
       19319
       19320
       19321
       19322
       19323
       19324
       19325
       19326
       19327
       19328
       19329
       19330
       19331
       19332
       19333
      -19362
       19363
      -19641
       19643
       19644
       19645
       19646
       19647
       19648
       19649
       19650
       19651
       19652
       19653
       19654
       19655
       19656
       19657
       19658
       19659
       19660
       19661
       19662
       19663
      -19664
      -19671
       19672
       19673
       19674
       19675
       19676
       19677
       19678
       19679
       19680
       19681
       19682
       19683
       19684
       19685
       19686
       19687
       19688
       19689
       19690
       19691
       19692
       19693
      -19726
       19727
      -20004
      -20005
       20006
       20007
       20008
       20009
       20010
       20011
      -20012
       20013
       20014
       20015
       20016
       20017
       20018
       20019
       20020
       20021
       20022
      -20023
       20024
       20025
       20026
      -20027
      -20028
       20029
       20040
       20041
       20042
       20043
       20044
       20045
       20046
       20047
       20048
       20049
       20050
       20051
       20052
       20053
       20054
       20055
       20056
       20057
       20058
       20059
       20060
       20061
       20062
      -20100
       20101
       20387
       20388
       20389
       20390
       20391
       20392
       20393
      -20394
       20396
       20397
       20398
       20399
       20400
       20401
       20402
       20403
       20404
      -20405
      -20406
       20408
       20409
       20410
      -20411
      -20414
       20415
       20426
       20427
       20428
       20429
       20430
       20431
       20432
       20433
       20434
       20435
       20436
       20437
       20438
       20439
       20440
       20441
       20442
       20443
       20444
       20445
       20446
       20447
       20448
       20449
       20450
       20451
       20452
      -20495
       20790
       20791
       20792
       20793
       20794
      -20795
      -20796
       20798
       20799
       20800
       20801
       20802
       20803
       20804
       20805
       20806
       20810
      -20811
      -20819
       20820
      -20831
       20832
       20833
       20834
       20835
       20836
       20837
       20838
       20839
       20840
       20841
       20842
       20843
       20844
       20845
       20846
       20847
       20848
       20849
       20850
       20851
       20852
       20853
       20854
       20855
       20856
       20857
       20858
       20859
       20860
       20861
       20862
       20863
       21191
       21192
       21193
       21194
       21195
      -21196
      -21197
       21202
       21203
       21204
       21205
       21206
       21207
       21208
       21209
       21210
      -21214
      -21215
      -21222
      -21224
      -21236
       21237
       21238
       21239
       21240
       21241
       21242
       21243
       21244
       21245
       21246
       21247
       21248
       21249
       21250
       21251
       21252
       21253
       21254
       21255
       21256
       21257
       21258
       21259
       21260
       21261
       21262
       21263
       21264
       21265
       21266
       21267
       21268
       21269
       21270
       21271
       21272
       21273
       21274
       21275
      -21331
       21594
       21595
       21596
      -21597
      -21598
       21606
       21607
       21608
       21609
       21610
      -21611
       21612
      -21613
      -21614
      -21615
      -21630
       21643
       21644
       21645
       21646
       21647
       21648
       21649
       21650
       21651
       21652
       21653
       21654
       21655
       21656
       21657
       21658
       21659
       21660
       21661
       21662
       21663
       21664
       21665
       21666
       21667
       21668
       21669
       21670
       21671
       21672
       21673
       21674
       21675
       21676
       21677
       21678
       21679
       21680
       21681
       21682
       21683
       21684
       21685
       21686
       21687
      -21745
       22007
       22008
      -22009
       22020
       22021
       22022
       22023
      -22024
      -22025
      -22047
      -22060
       22061
       22062
       22063
       22064
       22065
       22066
       22067
       22068
       22069
       22070
       22071
       22072
       22073
       22074
       22075
       22076
       22077
       22078
       22079
       22080
       22081
       22082
       22083
       22084
       22085
       22086
       22087
       22088
       22089
       22090
       22091
       22092
       22093
       22094
       22095
       22096
       22097
       22098
       22099
       22100
       22101
       22102
       22103
       22104
       22105
       22106
       22107
       22108
      -22413
       22427
       22428
       22429
      -22430
      -22431
      -22470
       22471
       22472
       22473
       22474
       22475
       22476
       22477
       22478
       22479
       22480
       22481
       22482
       22483
       22484
       22485
       22486
       22487
       22488
       22489
       22490
       22491
       22492
       22493
       22494
       22495
       22496
       22497
       22498
       22499
       22500
       22501
       22502
       22503
       22504
       22505
       22506
       22507
       22508
       22509
       22510
       22511
       22512
       22513
       22514
       22515
       22516
       22837
       22838
       22839
       22840
      -22841
      -22888
       22889
       22890
       22891
       22892
       22893
       22894
       22895
       22896
       22897
       22898
       22899
       22900
       22901
       22902
       22903
       22904
       22905
       22906
       22907
       22908
       22909
       22910
       22911
       22912
       22913
       22914
       22915
       22916
       22917
       22918
       22919
       22920
       22921
       22922
       22923
       22924
       22925
       22926
       22927
       22928
       22929
       22930
       22931
       22932
       22933
       22934
       22935
      -23009
       23259
       23260
       23261
       23262
      -23263
       23315
       23316
       23317
       23318
       23319
       23320
       23321
       23322
       23323
       23324
       23325
       23326
       23327
       23328
       23329
       23330
       23331
       23332
       23333
       23334
       23335
       23336
       23337
       23338
       23339
       23340
       23341
       23342
       23343
       23344
       23345
       23346
       23347
       23348
       23349
       23350
       23351
       23352
       23353
       23354
       23355
       23356
       23357
       23358
      -23442
      -23443
       23692
       23693
       23694
       23695
      -23696
       23753
       23754
       23755
       23756
       23757
       23758
       23759
       23760
       23761
       23762
       23763
       23764
       23765
       23766
       23767
       23768
       23769
       23770
       23771
       23772
       23773
       23774
       23775
       23776
       23777
       23778
       23779
       23780
       23781
       23782
       23783
       23784
       23785
       23786
       23787
       23788
       23789
       23790
       23791
       23792
       23793
       23794
      -23888
       24128
       24129
       24130
       24131
       24132
      -24133
       24192
       24193
       24194
       24195
       24196
       24197
       24198
       24199
       24200
       24201
       24202
       24203
       24204
       24205
       24206
       24207
       24208
       24209
       24210
       24211
       24212
       24213
       24214
       24215
       24216
       24217
       24218
       24219
       24220
       24221
       24222
       24223
       24224
       24225
       24226
       24227
       24228
       24229
       24230
       24231
       24232
      -24326
       24531
       24532
       24533
       24534
       24535
      -24536
       24602
       24603
       24604
       24605
       24606
       24607
       24608
       24609
       24610
       24611
       24612
       24613
       24614
       24615
       24616
       24617
       24618
       24619
       24620
       24621
       24622
       24623
       24624
       24625
       24626
       24627
       24628
       24629
       24630
       24631
       24632
       24633
       24634
       24635
       24636
       24637
       24638
       24639
       24640
       24641
      -24713
       24899
       24900
       24901
       24902
       24903
      -24904
       24974
       24975
       24976
       24977
       24978
       24979
       24980
       24981
       24982
       24983
       24984
       24985
       24986
       24987
       24988
       24989
       24990
       24991
       24992
       24993
       24994
       24995
       24996
       24997
       24998
       24999
       25000
       25001
       25002
       25003
       25004
       25005
       25006
       25007
       25008
       25009
       25010
       25011
       25012
       25249
       25250
       25251
       25252
       25253
       25254
      -25255
       25331
       25332
       25333
       25334
       25335
       25336
       25337
       25338
       25339
       25340
       25341
       25342
       25343
       25344
       25345
       25346
       25347
       25348
       25349
       25350
       25351
       25352
       25353
       25354
       25355
       25356
       25557
       25558
      -25559
       25635
       25636
       25637
       25638
       25639
       25640
       25641
       25642
       25643
       25644
       25645
       25646
       25647
       25648
       25649
       25650
       25651
       25652
       25909
       25910
       25911
       25912
       25913
       25914
       25915
       25916
       25917
       25918
       25919
       25920
       25921
       25922
       25923
       26178
       26179
       26180
       26181
       26182
       26183
       26184
       26185
       26186
       26187
       26188
       26189
       26190
       26451
       26452
       26453
       26454
       26455
      -29099
      -29293
      -29294
      -29295
       29296
      -29479
       29483
       29484
       29485
       29486
       29487
       29670
       29674
       29675
       29676
       29677
       29678
       29679
       29680
       29854
       29858
       29859
       29860
       29861
       29862
       29863
       29864
       30001
       30002
       30006
       30007
       30008
       30009
       30010
       30116
       30117
       30121
       30122
       30123
       30124
       30125
       30126
       30232
       30233
       30237
       30238
       30239
       30240
       30241
       30242
       30243
       30244
       30335
       30337
       30338
       30339
       30340
       30341
       30342
       30343
       30344
       30428
       30429
       30430
       30431
       30432
       30433
       30434
       30435
       30436
       30437
       30508
       30509
       30510
       30511
       30512
       30513
       30514
       30515
       30516
       30517
       30518
       30588
       30589
       30590
       30591
       30592
       30593
       30594
       30595
       30596
       30662
       30663
       30664
       30665
       30666
       30667
       30668
       30669
       30670
       30671
       30672
       30673
       30740
       30741
       30742
       30743
       30744
       30745
       30746
       30747
       30748
       30749
       30750
       30751
       30752
       30753
       30754
       30810
       30811
       30812
       30813
       30814
       30815
       30816
       30817
       30818
       30819
       30820
       30821
       30822
       30823
       30864
       30865
       30866
       30867
       30868
       30869
       30870
       30871
       30872
       30873
       30874
       30875
       30876
       30913
       30914
       30915
       30916
       30917
       30918
       30919
       30920
       30921
       30922
       30923
       30924
       30925
       30956
       30957
       30958
       30959
       30960
       30961
       30962
       30963
       30964
       30965
       30966
       30967
       30968
       30987
       30988
       30989
       30990
       30991
       30992
       30993
       30994
       30995
       30996
       30997
       30998
       30999
       31000
       31001
       31013
       31014
       31015
       31016
       31017
       31018
       31019
       31020
       31021
       31022
       31023
       31024
       31025
       31037
       31038
       31039
       31040
       31041
       31042
       31043
       31055
       31056
       31057
       31058
       31059
       31060
       31061
       31062
       31074
       31075
       31076
       31077
       31078
       31079
       31080
       31092
       31093
       31094
       31095
       31096
       31097
       31098
       31110
       31111
       31112
       31113
       31114
       31115
       31116
       31117
       31118
       31130
       31131
       31132
       31133
       31134
       31135
       31136
       31137
       31138
       31139
       31140
       31152
       31153
       31154
       31155
       31156
       31157
       31158
       31159
       31160
       31172
       31173
       31174
       31175
       31176
       31177
       31189
       31190
       31191
       31192
       31193
       31206
       31207
       31208
       31209
       31210
       31211
       31224
       31225
       31226
       31227
       31228
       31229
       31239
       31240
       31241
       31242
       31243
       31244
       31245
       31246
       31247
       31258
       31259
       31260
       31261
       31262
       31263
       31264
       31265
       31266
       31277
       31278
       31279
       31280
       31281
       31282
       31293
       31294
       31295
       31296
       31297
       31306
       31307
       31308
       31309
       31310
       31311
       31319
       31320
       31321
       31322
       31323
       31330
       31331
       31332
       31333
       31334
       31345
       31346
       31347
       31348
       31359
       31360
       31361
       31373
       31374
       31385
       31386
       31387
       31398
       31399
       31400
       31401
       31402
       31407
       31408
       31409
       31410
       31414
       31415
       31416
       31417
       31421
       31422
       31423
NFLUXF             0
NETA             103          37           0
NSTAE              0           0           0
NSTAV              0           0           0
NSTAM              0           0           0
NSTAC              0           0           0
RES NODE          12        1308
                   4           7           9          12          13          14
                  15          18          19          21          22          23
                  24          26          27          28          30          31
                  32          33          34          35          38          39
                  41          42          43          44          45          46
                  47          48          49          50          54          55
                  56          57          58          59          60          61
                  62          63          64          65          68          69
                  70          71          72          73          74          75
                  76          77          78          79          80          81
                  82          85          86          87          88          89
                  90          91          92          93          94          95
                  96          97          98          99         100         101
                 102         103         104         107         108         109
                 110         111         112         113         114         115
                 116         117         118         119         120         121
                 122         123         124         125         126         127
                 128         129         130         133         134         135
                 136         137         138         139         140         141
                 142         143         144         145         146         147
                 148         149         150         151         152         153
                 154         155         156         157         158         159
                 162         163         164         165         166         167
                 168         169         170         171         172         173
                 174         175         176         177         178         179
                 180         181         182         183         184         185
                 186         187         188         189         190         191
                 192         193         195         197         198         199
                 200         201         202         203         204         205
                 206         207         208         209         210         211
                 212         213         214         219         220         221
                 222         223         224         225         226         227
                 228         229         230         231         232         233
                 234         235         236         238         240         241
                 242         243         244         245         246         247
                 248         249         250         251         252         253
                 254         255         256         257         258         259
                 260         263         264         265         266         267
                 268         269         270         271         272         273
                 274         275         276         277         278         279
                 280         281         282         283         284         286
                 289         290         291         292         293         294
                 296         297         298         299         300         301
                 302         303         304         305         307         308
                 309         312         313         314         315         316
                 317         318         319         320         321         322
                 323         324         325         326         327         328
                 329         330         331         332         333         334
                 335         337         338         339         340         341
                 342         343         344         346         347         348
                 349         350         351         352         353         354
                 357         358         359         362         363         364
                 365         366         367         368         369         370
                 371         372         373         374         375         376
                 377         378         379         380         381         382
                 383         384         385         386         387         388
                 389         391         392         393         394         395
                 398         399         400         401         402         403
                 404         405         406         407         410         412
                 413         414         415         416         417         418
                 419         420         421         422         423         424
                 425         426         427         428         429         430
                 431         432         433         434         435         436
                 437         438         439         440         441         442
                 443         444         445         446         447         448
                 451         452         453         454         455         456
                 457         458         459         465         466         467
                 468         469         470         471         472         473
                 474         475         476         477         478         479
                 480         481         482         483         484         485
                 486         487         488         489         490         491
                 492         493         494         495         496         497
                 498         499         500         501         502         503
                 505         506         507         510         511         512
                 513         514         516         521         522         523
                 524         525         526         527         528         529
                 530         531         532         533         534         535
                 536         537         538         539         540         541
                 542         543         544         545         546         547
                 548         549         550         551         552         553
                 554         555         556         557         558         559
                 560         561         562         563         564         565
                 567         568         570         571         572         573
                 578         579         580         581         582         583
                 584         585         586         587         588         589
                 590         591         592         593         594         595
                 596         597         598         599         600         601
                 602         603         604         605         606         607
                 608         609         610         611         612         613
                 614         615         616         617         618         619
                 620         621         622         623         624         625
                 627         628         629         633         634         635
                 636         637         638         639         640         641
                 642         643         644         645         646         647
                 648         649         650         651         652         653
                 654         655         656         657         658         659
                 660         661         662         663         664         665
                 666         667         668         669         670         671
                 672         673         674         675         676         677
                 678         679         680         681         682         685
                 686         687         688         689         690         691
                 692         693         694         695         696         697
                 698         699         700         701         702         703
                 704         705         706         707         708         709
                 710         711         712         713         714         715
                 716         717         718         719         720         721
                 722         723         724         725         726         727
                 728         729         730         731         733         734
                 735         736         738         739         740         741
                 742         743         744         745         746         747
                 748         749         750         751         752         753
                 754         755         756         757         758         759
                 760         761         762         763         764         765
                 766         767         768         769         770         771
                 772         773         774         775         776         777
                 778         779         780         781         784         785
                 786         787         789         790         791         792
                 793         794         795         796         797         798
                 799         800         801         802         803         804
                 805         806         807         808         809         810
                 811         812         813         814         815         816
                 817         818         819         820         821         822
                 823         824         825         826         827         828
                 829         830         832         833         834         835
                 836         838         839         840         841         842
                 843         844         845         846         847         848
                 849         850         851         852         853         854
                 855         856         857         858         859         860
                 861         862         863         864         865         866
                 867         868         869         870         871         872
                 873         874         875         876         877         878
                 880         881         882         883         884         886
                 887         888         889         890         891         892
                 893         894         895         896         897         898
                 899         900         901         902         903         904
                 905         906         907         908         909         910
                 911         912         913         914         915         916
                 917         918         919         920         921         922
                 923         924         925         927         928         929
                 930         931         933         934         935         936
                 937         938         939         940         941         942
                 943         944         945         946         947         948
                 949         950         951         952         953         954
                 955         956         957         958         959         960
                 961         962         963         964         965         966
                 967         968         969         970         971         972
                 973         974         975         976         977         979
                 980         981         982         983         984         985
                 986         987         988         989         990         991
                 992         993         994         995         996         997
                 998         999        1000        1001        1002        1003
                1004        1005        1006        1008        1009        1010
                1011        1012        1013        1014        1015        1016
                1017        1018        1019        1020        1021        1022
                1023        1024        1025        1026        1027        1028
                1029        1030        1031        1032        1033        1034
                1035        1036        1037        1038        1039        1040
                1041        1042        1043        1044        1045        1046
                1047        1048        1049        1050        1051        1052
                1053        1054        1055        1056        1057        1058
                1063        1065        1066        1067        1068        1069
                1070        1071        1072        1073        1074        1075
                1076        1077        1078        1079        1080        1081
                1082        1083        1084        1085        1086        1087
                1088        1089        1090        1091        1092        1093
                1094        1095        1096        1097        1098        1099
                1100        1101        1102        1103        1104        1105
                1106        1107        1108        1109        1110        1111
                1112        1113        1114        1115        1116        1117
                1118        1119        1120        1121        1122        1123
                1124        1125        1126        1127        1128        1129
                1130        1131        1132        1133        1134        1135
                1136        1137        1138        1139        1140        1141
                1142        1143        1144        1145        1146        1147
                1148        1149        1150        1151        1152        1153
                1154        1155        1156        1157        1158        1159
                1160        1161        1162        1163        1164        1165
                1166        1167        1168        1169        1170        1171
                1172        1173        1174        1175        1176        1177
                1178        1179        1180        1181        1182        1183
                1184        1185        1186        1187        1188        1189
                1190        1191        1192        1193        1194        1195
                1196        1197        1198        1199        1200        1201
                1202        1203        1204        1205        1206        1207
                1208        1209        1210        1211        1212        1213
                1214        1215        1216        1217        1218        1219
                1220        1221        1222        1223        1224        1225
                1226        1227        1228        1229        1230        1231
                1232        1233        1234        1235        1236        1237
                1238        1239        1240        1241        1242        1243
                1244        1245        1246        1247        1248        1249
                1250        1251        1252        1253        1254        1255
                1256        1257        1258        1259        1260        1261
                1262        1263        1264        1265        1266        1267
                1268        1269        1270        1271        1272        1273
                1274        1275        1276        1277        1278        1279
                1280        1281        1282        1283        1284        1285
                1286        1287        1288        1289        1290        1291
                1292        1293        1294        1295        1296        1297
                1298        1299        1300        1301        1302        1303
                1304        1305        1306        1307        1308        1309
                1310        1311        1312        1313        1314        1315
                1316        1317        1318        1319        1320        1321
                1322        1323        1324        1325        1326        1327
                1328        1329        1330        1331        1332        1333
                1334        1335        1336        1337        1338        1339
                1340        1341        1342        1343        1344        1345
                1346        1347        1348        1349        1350        1351
                1352        1353        1354        1355        1356        1357
                1358        1359        1360        1361        1362        1363
                1364        1365        1366        1367        1368        1369
                1370        1371        1372        1373        1374        1375
                1376        1377        1378        1379        1380        1381
                1382        1383        1384        1385        1386        1387
                1388        1389        1390        1391        1392        1393
                1394        1395        1396        1397        1398        1399
                1400        1401        1402        1403        1404        1405
                1406        1407        1408        1409        1410        1411
COMM PE            6
RECV PE           13          12
                 287         288         295         345         396         397
                 449         450         508         509         569         626
RECV PE           14          42
                 215         216         217         218         261         262
                 306         310         311         355         356         360
                 361         408         409         460         461         462
                 463         515         517         518         519         520
                 574         575         576         630         631         683
                 737         788         837         885         932         978
                1007        1059        1060        1061        1062        1064
RECV PE           18           1
                   1
RECV PE           19          14
                   3           6          11          20          29          40
                  53          67          84         106         132         161
                 196         239
RECV PE           21          28
                  25          36          37          51          52          66
                  83         105         131         160         194         237
                 285         336         390         411         464         504
                 566         577         632         684         732         782
                 783         831         879         926
RECV PE           23           6
                   2           5           8          10          16          17
SEND PE           13          11
                 240         245         294         344         394         395
                 447         448         505         567         568
SEND PE           14          42
                 177         178         179         211         214         254
                 258         259         305         309         312         358
                 359         362         407         410         445         456
                 458         459         506         514         516         568
                 572         573         629         682         736         787
                 836         883         884         931         977        1006
                1063        1065        1066        1067        1068        1070
SEND PE           18           1
                   4
SEND PE           19          14
                   4           7          12          21          30          41
                  54          68          85         107         133         163
                 199         240
SEND PE           21          28
                  26          27          39          46          59          75
                  96         121         148         180         195         238
                 286         337         363         412         413         465
                 521         578         633         685         738         789
                 790         838         886         933
SEND PE           23           6
                   4           9          14          18          19          26
