eastcoast_95d_ll_select.grd nodal attributes                                    
        1411
           2
primitive_weighting_in_continuity_equation                                      
unitless                                                                        
           1
  0.500000000E-02
mannings_n_at_sea_floor                                                         
unitless                                                                        
           1
  0.250000000E-01
primitive_weighting_in_continuity_equation                                      
         312
     23344    0.20000000E-01
     23783    0.20000000E-01
     24221    0.20000000E-01
     24222    0.20000000E-01
     24632    0.20000000E-01
     24633    0.20000000E-01
     25003    0.20000000E-01
     25004    0.20000000E-01
     25005    0.20000000E-01
     25347    0.20000000E-01
     25348    0.20000000E-01
     25917    0.20000000E-01
     25919    0.20000000E-01
     26179    0.20000000E-01
     26181    0.20000000E-01
     26182    0.20000000E-01
     26183    0.20000000E-01
     26186    0.20000000E-01
     26451    0.20000000E-01
     26452    0.20000000E-01
     29099    0.20000000E-01
     29293    0.20000000E-01
     29296    0.20000000E-01
     29479    0.20000000E-01
     29483    0.20000000E-01
     29486    0.20000000E-01
     29487    0.20000000E-01
     29670    0.20000000E-01
     29674    0.20000000E-01
     29675    0.20000000E-01
     29679    0.20000000E-01
     29680    0.20000000E-01
     29854    0.20000000E-01
     29858    0.20000000E-01
     29860    0.20000000E-01
     29863    0.20000000E-01
     29864    0.20000000E-01
     30001    0.20000000E-01
     30002    0.20000000E-01
     30006    0.20000000E-01
     30010    0.20000000E-01
     30116    0.20000000E-01
     30117    0.20000000E-01
     30121    0.20000000E-01
     30122    0.20000000E-01
     30124    0.20000000E-01
     30126    0.20000000E-01
     30232    0.20000000E-01
     30233    0.20000000E-01
     30237    0.20000000E-01
     30238    0.20000000E-01
     30241    0.20000000E-01
     30243    0.20000000E-01
     30335    0.20000000E-01
     30337    0.20000000E-01
     30338    0.20000000E-01
     30340    0.20000000E-01
     30342    0.20000000E-01
     30343    0.20000000E-01
     30428    0.20000000E-01
     30429    0.20000000E-01
     30430    0.20000000E-01
     30431    0.20000000E-01
     30432    0.20000000E-01
     30433    0.20000000E-01
     30434    0.20000000E-01
     30435    0.20000000E-01
     30437    0.20000000E-01
     30508    0.20000000E-01
     30509    0.20000000E-01
     30510    0.20000000E-01
     30511    0.20000000E-01
     30513    0.20000000E-01
     30514    0.20000000E-01
     30515    0.20000000E-01
     30517    0.20000000E-01
     30518    0.20000000E-01
     30588    0.20000000E-01
     30589    0.20000000E-01
     30590    0.20000000E-01
     30592    0.20000000E-01
     30593    0.20000000E-01
     30594    0.20000000E-01
     30595    0.20000000E-01
     30596    0.20000000E-01
     30662    0.20000000E-01
     30663    0.20000000E-01
     30664    0.20000000E-01
     30665    0.20000000E-01
     30666    0.20000000E-01
     30668    0.20000000E-01
     30669    0.20000000E-01
     30670    0.20000000E-01
     30672    0.20000000E-01
     30673    0.20000000E-01
     30740    0.20000000E-01
     30741    0.20000000E-01
     30742    0.20000000E-01
     30743    0.20000000E-01
     30744    0.20000000E-01
     30746    0.20000000E-01
     30747    0.20000000E-01
     30748    0.20000000E-01
     30749    0.20000000E-01
     30752    0.20000000E-01
     30753    0.20000000E-01
     30754    0.20000000E-01
     30810    0.20000000E-01
     30811    0.20000000E-01
     30812    0.20000000E-01
     30813    0.20000000E-01
     30814    0.20000000E-01
     30815    0.20000000E-01
     30816    0.20000000E-01
     30817    0.20000000E-01
     30818    0.20000000E-01
     30821    0.20000000E-01
     30822    0.20000000E-01
     30823    0.20000000E-01
     30864    0.20000000E-01
     30865    0.20000000E-01
     30866    0.20000000E-01
     30867    0.20000000E-01
     30868    0.20000000E-01
     30869    0.20000000E-01
     30870    0.20000000E-01
     30872    0.20000000E-01
     30874    0.20000000E-01
     30875    0.20000000E-01
     30913    0.20000000E-01
     30914    0.20000000E-01
     30915    0.20000000E-01
     30916    0.20000000E-01
     30917    0.20000000E-01
     30918    0.20000000E-01
     30919    0.20000000E-01
     30921    0.20000000E-01
     30922    0.20000000E-01
     30923    0.20000000E-01
     30924    0.20000000E-01
     30925    0.20000000E-01
     30956    0.20000000E-01
     30957    0.20000000E-01
     30958    0.20000000E-01
     30959    0.20000000E-01
     30960    0.20000000E-01
     30962    0.20000000E-01
     30963    0.20000000E-01
     30964    0.20000000E-01
     30965    0.20000000E-01
     30966    0.20000000E-01
     30967    0.20000000E-01
     30968    0.20000000E-01
     30987    0.20000000E-01
     30988    0.20000000E-01
     30989    0.20000000E-01
     30990    0.20000000E-01
     30991    0.20000000E-01
     30995    0.20000000E-01
     30996    0.20000000E-01
     30997    0.20000000E-01
     30998    0.20000000E-01
     30999    0.20000000E-01
     31000    0.20000000E-01
     31001    0.20000000E-01
     31013    0.20000000E-01
     31014    0.20000000E-01
     31015    0.20000000E-01
     31016    0.20000000E-01
     31018    0.20000000E-01
     31020    0.20000000E-01
     31021    0.20000000E-01
     31022    0.20000000E-01
     31023    0.20000000E-01
     31024    0.20000000E-01
     31025    0.20000000E-01
     31037    0.20000000E-01
     31039    0.20000000E-01
     31040    0.20000000E-01
     31041    0.20000000E-01
     31042    0.20000000E-01
     31043    0.20000000E-01
     31055    0.20000000E-01
     31059    0.20000000E-01
     31060    0.20000000E-01
     31061    0.20000000E-01
     31062    0.20000000E-01
     31074    0.20000000E-01
     31076    0.20000000E-01
     31077    0.20000000E-01
     31078    0.20000000E-01
     31079    0.20000000E-01
     31080    0.20000000E-01
     31092    0.20000000E-01
     31094    0.20000000E-01
     31095    0.20000000E-01
     31096    0.20000000E-01
     31097    0.20000000E-01
     31098    0.20000000E-01
     31110    0.20000000E-01
     31111    0.20000000E-01
     31112    0.20000000E-01
     31114    0.20000000E-01
     31115    0.20000000E-01
     31116    0.20000000E-01
     31117    0.20000000E-01
     31118    0.20000000E-01
     31130    0.20000000E-01
     31131    0.20000000E-01
     31132    0.20000000E-01
     31133    0.20000000E-01
     31135    0.20000000E-01
     31137    0.20000000E-01
     31138    0.20000000E-01
     31139    0.20000000E-01
     31140    0.20000000E-01
     31152    0.20000000E-01
     31153    0.20000000E-01
     31154    0.20000000E-01
     31155    0.20000000E-01
     31157    0.20000000E-01
     31158    0.20000000E-01
     31159    0.20000000E-01
     31160    0.20000000E-01
     31172    0.20000000E-01
     31173    0.20000000E-01
     31175    0.20000000E-01
     31176    0.20000000E-01
     31177    0.20000000E-01
     31189    0.20000000E-01
     31190    0.20000000E-01
     31191    0.20000000E-01
     31193    0.20000000E-01
     31206    0.20000000E-01
     31209    0.20000000E-01
     31210    0.20000000E-01
     31211    0.20000000E-01
     31226    0.20000000E-01
     31227    0.20000000E-01
     31228    0.20000000E-01
     31229    0.20000000E-01
     31240    0.20000000E-01
     31241    0.20000000E-01
     31242    0.20000000E-01
     31244    0.20000000E-01
     31245    0.20000000E-01
     31246    0.20000000E-01
     31247    0.20000000E-01
     31258    0.20000000E-01
     31259    0.20000000E-01
     31260    0.20000000E-01
     31261    0.20000000E-01
     31262    0.20000000E-01
     31263    0.20000000E-01
     31264    0.20000000E-01
     31265    0.20000000E-01
     31266    0.20000000E-01
     31277    0.20000000E-01
     31278    0.20000000E-01
     31279    0.20000000E-01
     31280    0.20000000E-01
     31281    0.20000000E-01
     31282    0.20000000E-01
     31293    0.20000000E-01
     31294    0.20000000E-01
     31295    0.20000000E-01
     31296    0.20000000E-01
     31297    0.20000000E-01
     31306    0.20000000E-01
     31307    0.20000000E-01
     31308    0.20000000E-01
     31309    0.20000000E-01
     31310    0.20000000E-01
     31311    0.20000000E-01
     31319    0.20000000E-01
     31320    0.20000000E-01
     31321    0.20000000E-01
     31322    0.20000000E-01
     31323    0.20000000E-01
     31330    0.20000000E-01
     31331    0.20000000E-01
     31332    0.20000000E-01
     31333    0.20000000E-01
     31334    0.20000000E-01
     31345    0.20000000E-01
     31346    0.20000000E-01
     31347    0.20000000E-01
     31348    0.20000000E-01
     31359    0.20000000E-01
     31360    0.20000000E-01
     31361    0.20000000E-01
     31373    0.20000000E-01
     31374    0.20000000E-01
     31385    0.20000000E-01
     31386    0.20000000E-01
     31387    0.20000000E-01
     31398    0.20000000E-01
     31399    0.20000000E-01
     31400    0.20000000E-01
     31401    0.20000000E-01
     31402    0.20000000E-01
     31407    0.20000000E-01
     31408    0.20000000E-01
     31409    0.20000000E-01
     31410    0.20000000E-01
     31414    0.20000000E-01
     31415    0.20000000E-01
     31416    0.20000000E-01
     31417    0.20000000E-01
     31421    0.20000000E-01
     31422    0.20000000E-01
     31423    0.20000000E-01
mannings_n_at_sea_floor                                                         
           0
