eastcoast_95d_ll_select.grd nodal attributes                                    
        1361
           2
primitive_weighting_in_continuity_equation                                      
unitless                                                                        
           1
  0.500000000E-02
mannings_n_at_sea_floor                                                         
unitless                                                                        
           1
  0.250000000E-01
primitive_weighting_in_continuity_equation                                      
         215
     27540    0.20000000E-01
     27541    0.20000000E-01
     27545    0.20000000E-01
     27546    0.20000000E-01
     27547    0.20000000E-01
     27550    0.20000000E-01
     27770    0.20000000E-01
     27771    0.20000000E-01
     27772    0.20000000E-01
     27773    0.20000000E-01
     27774    0.20000000E-01
     27779    0.20000000E-01
     27787    0.20000000E-01
     27998    0.20000000E-01
     28000    0.20000000E-01
     28008    0.20000000E-01
     28011    0.20000000E-01
     28012    0.20000000E-01
     28013    0.20000000E-01
     28014    0.20000000E-01
     28201    0.20000000E-01
     28202    0.20000000E-01
     28208    0.20000000E-01
     28209    0.20000000E-01
     28210    0.20000000E-01
     28211    0.20000000E-01
     28212    0.20000000E-01
     28213    0.20000000E-01
     28214    0.20000000E-01
     28271    0.20000000E-01
     28398    0.20000000E-01
     28399    0.20000000E-01
     28400    0.20000000E-01
     28460    0.20000000E-01
     29265    0.20000000E-01
     29797    0.20000000E-01
     29798    0.20000000E-01
     29799    0.20000000E-01
     29800    0.20000000E-01
     29801    0.20000000E-01
     29810    0.20000000E-01
     29812    0.20000000E-01
     29813    0.20000000E-01
     29814    0.20000000E-01
     29815    0.20000000E-01
     29816    0.20000000E-01
     29817    0.20000000E-01
     29818    0.20000000E-01
     29830    0.20000000E-01
     29831    0.20000000E-01
     29837    0.20000000E-01
     29973    0.20000000E-01
     29977    0.20000000E-01
     29986    0.20000000E-01
     30094    0.20000000E-01
     30105    0.20000000E-01
     30220    0.20000000E-01
     30303    0.20000000E-01
     30321    0.20000000E-01
     30322    0.20000000E-01
     30323    0.20000000E-01
     30395    0.20000000E-01
     30396    0.20000000E-01
     30414    0.20000000E-01
     30415    0.20000000E-01
     30416    0.20000000E-01
     30475    0.20000000E-01
     30495    0.20000000E-01
     30496    0.20000000E-01
     30497    0.20000000E-01
     30552    0.20000000E-01
     30575    0.20000000E-01
     30576    0.20000000E-01
     30624    0.20000000E-01
     30625    0.20000000E-01
     30628    0.20000000E-01
     30651    0.20000000E-01
     30698    0.20000000E-01
     30702    0.20000000E-01
     30718    0.20000000E-01
     30726    0.20000000E-01
     30729    0.20000000E-01
     30769    0.20000000E-01
     30770    0.20000000E-01
     30788    0.20000000E-01
     30791    0.20000000E-01
     30794    0.20000000E-01
     30800    0.20000000E-01
     30836    0.20000000E-01
     30851    0.20000000E-01
     30884    0.20000000E-01
     30885    0.20000000E-01
     30886    0.20000000E-01
     30888    0.20000000E-01
     30932    0.20000000E-01
     30933    0.20000000E-01
     30979    0.20000000E-01
     30982    0.20000000E-01
     30983    0.20000000E-01
     31088    0.20000000E-01
     31127    0.20000000E-01
     31149    0.20000000E-01
     31169    0.20000000E-01
     31186    0.20000000E-01
     31195    0.20000000E-01
     31201    0.20000000E-01
     31202    0.20000000E-01
     31212    0.20000000E-01
     31213    0.20000000E-01
     31218    0.20000000E-01
     31219    0.20000000E-01
     31221    0.20000000E-01
     31222    0.20000000E-01
     31223    0.20000000E-01
     31230    0.20000000E-01
     31234    0.20000000E-01
     31235    0.20000000E-01
     31238    0.20000000E-01
     31248    0.20000000E-01
     31252    0.20000000E-01
     31253    0.20000000E-01
     31257    0.20000000E-01
     31267    0.20000000E-01
     31271    0.20000000E-01
     31272    0.20000000E-01
     31276    0.20000000E-01
     31284    0.20000000E-01
     31287    0.20000000E-01
     31288    0.20000000E-01
     31292    0.20000000E-01
     31299    0.20000000E-01
     31300    0.20000000E-01
     31301    0.20000000E-01
     31302    0.20000000E-01
     31303    0.20000000E-01
     31305    0.20000000E-01
     31313    0.20000000E-01
     31314    0.20000000E-01
     31315    0.20000000E-01
     31316    0.20000000E-01
     31317    0.20000000E-01
     31318    0.20000000E-01
     31325    0.20000000E-01
     31326    0.20000000E-01
     31327    0.20000000E-01
     31328    0.20000000E-01
     31329    0.20000000E-01
     31337    0.20000000E-01
     31338    0.20000000E-01
     31339    0.20000000E-01
     31340    0.20000000E-01
     31341    0.20000000E-01
     31342    0.20000000E-01
     31343    0.20000000E-01
     31344    0.20000000E-01
     31351    0.20000000E-01
     31352    0.20000000E-01
     31353    0.20000000E-01
     31354    0.20000000E-01
     31355    0.20000000E-01
     31356    0.20000000E-01
     31357    0.20000000E-01
     31358    0.20000000E-01
     31363    0.20000000E-01
     31364    0.20000000E-01
     31365    0.20000000E-01
     31366    0.20000000E-01
     31367    0.20000000E-01
     31368    0.20000000E-01
     31369    0.20000000E-01
     31370    0.20000000E-01
     31371    0.20000000E-01
     31372    0.20000000E-01
     31375    0.20000000E-01
     31376    0.20000000E-01
     31377    0.20000000E-01
     31378    0.20000000E-01
     31379    0.20000000E-01
     31380    0.20000000E-01
     31381    0.20000000E-01
     31382    0.20000000E-01
     31383    0.20000000E-01
     31384    0.20000000E-01
     31388    0.20000000E-01
     31389    0.20000000E-01
     31390    0.20000000E-01
     31391    0.20000000E-01
     31392    0.20000000E-01
     31393    0.20000000E-01
     31394    0.20000000E-01
     31395    0.20000000E-01
     31396    0.20000000E-01
     31397    0.20000000E-01
     31403    0.20000000E-01
     31404    0.20000000E-01
     31405    0.20000000E-01
     31406    0.20000000E-01
     31411    0.20000000E-01
     31412    0.20000000E-01
     31413    0.20000000E-01
     31418    0.20000000E-01
     31419    0.20000000E-01
     31420    0.20000000E-01
     31424    0.20000000E-01
     31425    0.20000000E-01
     31426    0.20000000E-01
     31427    0.20000000E-01
     31428    0.20000000E-01
     31429    0.20000000E-01
     31430    0.20000000E-01
     31431    0.20000000E-01
     31432    0.20000000E-01
     31433    0.20000000E-01
     31434    0.20000000E-01
     31435    0.20000000E-01
mannings_n_at_sea_floor                                                         
           0
