OceanMesh2D
9115
1
primitive_weighting_in_continuity_equation
unitless
1
3.000000000e-02 
primitive_weighting_in_continuity_equation
60
2664 3.000000000e-02
2663 3.000000000e-02
2879 3.000000000e-02
3089 3.000000000e-02
3088 3.000000000e-02
2881 3.000000000e-02
3290 3.000000000e-02
2455 3.000000000e-02
2652 3.000000000e-02
2651 3.000000000e-02
2653 3.000000000e-02
2457 3.000000000e-02
2264 3.000000000e-02
2865 3.000000000e-02
2655 3.000000000e-02
2458 3.000000000e-02
2886 3.000000000e-02
2263 3.000000000e-02
2654 3.000000000e-02
2456 3.000000000e-02
2866 3.000000000e-02
2650 3.000000000e-02
2649 3.000000000e-02
2862 3.000000000e-02
2867 3.000000000e-02
3084 3.000000000e-02
2648 3.000000000e-02
2450 3.000000000e-02
2864 3.000000000e-02
2861 3.000000000e-02
3288 3.000000000e-02
3082 3.000000000e-02
2647 3.000000000e-02
3080 3.000000000e-02
2863 3.000000000e-02
2676 3.000000000e-02
3289 3.000000000e-02
3286 3.000000000e-02
4401 3.000000000e-02
4780 3.000000000e-02
3091 3.000000000e-02
3083 3.000000000e-02
3293 3.000000000e-02
3096 3.000000000e-02
3094 3.000000000e-02
3095 3.000000000e-02
3488 3.000000000e-02
3489 3.000000000e-02
3292 3.000000000e-02
4400 3.000000000e-02
4592 3.000000000e-02
4593 3.000000000e-02
4961 3.000000000e-02
4781 3.000000000e-02
2885 3.000000000e-02
2673 3.000000000e-02
2880 3.000000000e-02
3093 3.000000000e-02
3092 3.000000000e-02
2878 3.000000000e-02
