OceanMesh2D 
1557 849 
         1   -72.5963039247    19.3768298621  -4.0500000000e+01 
         2   -72.6015764945    19.3735667800  -3.8000000000e+01 
         3   -72.5976059967    19.3842842825  -3.4333332062e+01 
         4   -72.5966461185    19.3932941544  -3.2333332062e+01 
         5   -72.6070681454    19.3789863327  -5.2666667938e+01 
         6   -72.6039473833    19.3874674721  -2.8000000000e+01 
         7   -72.5947849678    19.4007671018  -3.4000000000e+01 
         8   -72.6033173177    19.4006799837  -2.5750000000e+01 
         9   -72.6071676649    19.3938774046  -2.4777778625e+01 
        10   -72.6113266055    19.3866704126  -9.2000000000e+01 
        11   -72.6001532046    19.4089239716  -3.3250000000e+01 
        12   -72.6001577650    19.4179796501  -3.4000000000e+01 
        13   -72.5956842999    19.4254437773  -4.7333332062e+01 
        14   -72.5969935779    19.4337418469  -3.9000000000e+01 
        15   -72.5971484828    19.4413710048  -3.8000000000e+01 
        16   -72.6197312088    19.4768887328  -5.1333332062e+01 
        17   -72.6107930415    19.4717861597  -8.7777778625e+01 
        18   -72.6097772885    19.4071096051  -1.7833333969e+01 
        19   -72.6128981812    19.3997578036  -1.7750000000e+01 
        20   -72.6171456095    19.3929473789  -9.8250000000e+01 
        21   -72.6081740831    19.4149190507  -2.0333333969e+01 
        22   -72.6059967551    19.4233562470  -1.8666666031e+01 
        23   -72.6042683881    19.4310824555  -1.9666666031e+01 
        24   -72.6330187658    19.4754506881  -3.5166667938e+01 
        25   -72.6047845428    19.4641729178  -7.2500000000e+01 
        26   -72.6006384660    19.4570239493  -3.7500000000e+01 
        27   -72.6038775888    19.4402212444  -1.7166666031e+01 
        28   -72.6000330480    19.4494656944  -5.0416667938e+01 
        29   -72.6268803696    19.4708900282  -3.2000000000e+01 
        30   -72.6195801085    19.4674018136  -2.8166666031e+01 
        31   -72.6128221901    19.4629720429  -2.5000000000e+01 
        32   -72.6109339388    19.4368208714  -1.2000000000e+01 
        33   -72.6570720273    19.4803797083  -3.6166667938e+01 
        34   -72.6657942037    19.4805154039  -3.6250000000e+01 
        35   -72.6175208841    19.4125183073  -1.1333333015e+01 
        36   -72.6177376066    19.4055377019  -1.5500000000e+01 
        37   -72.6224772869    19.4001929572  -7.9666664124e+01 
        38   -72.6411708102    19.4769767343  -3.5500000000e+01 
        39   -72.6486253444    19.4788929733  -3.4750000000e+01 
        40   -72.6155926389    19.4204632150  -1.1500000000e+01 
        41   -72.6132474038    19.4284139011  -1.1500000000e+01 
        42   -72.6362283609    19.4687571492  -3.0888889313e+01 
        43   -72.6096317536    19.4549187209  -2.1000000000e+01 
        44   -72.6096704255    19.4460235719  -1.4833333015e+01 
        45   -72.6283023474    19.4632779215  -2.7833333969e+01 
        46   -72.6197561298    19.4583676253  -2.3333333969e+01 
        47   -72.6185217258    19.4342026720  -1.1250000000e+01 
        48   -72.6163989146    19.4418623204  -1.3000000000e+01 
        49   -72.6542942981    19.4719888778  -2.8833333969e+01 
        50   -72.6628229155    19.4731745448  -2.5333333969e+01 
        51   -72.6715841227    19.4739055169  -5.0250000000e+01 
        52   -72.6250281819    19.4166024282  -8.0000000000e+00 
        53   -72.6265853928    19.4081393477  -3.5666667938e+01 
        54   -72.6453211764    19.4686048863  -2.9333333969e+01 
        55   -72.6229349498    19.4260276551  -9.4444446564e+00 
        56   -72.6377205878    19.4607836394  -2.4666666031e+01 
        57   -72.6256117722    19.4338378531  -1.0750000000e+01 
        58   -72.6195092449    19.4495781172  -1.8666666031e+01 
        59   -72.6288583990    19.4549386578  -2.2833333969e+01 
        60   -72.6237564334    19.4409610117  -1.3500000000e+01 
        61   -72.6524835987    19.4641433285  -2.4500000000e+01 
        62   -72.6604459033    19.4654394458  -2.2666666031e+01 
        63   -72.6690714938    19.4665650744  -1.9000000000e+01 
        64   -72.6788095586    19.4682396709  -9.7500000000e+01 
        65   -72.6879132612    19.4672880423  -6.2500000000e+01 
        66   -72.6962273065    19.4715319057  -4.6750000000e+01 
        67   -72.7042611874    19.4771319723  -4.3500000000e+01 
        68   -72.6317645515    19.4213501013  -9.5000000000e+00 
        69   -72.6346318023    19.4119929689  -9.2666664124e+01 
        70   -72.6465387837    19.4576131088  -2.2444444656e+01 
        71   -72.6312642344    19.4296896963  -1.0000000000e+01 
        72   -72.6378529059    19.4517918602  -2.0833333969e+01 
        73   -72.6315175198    19.4379576296  -1.3333333015e+01 
        74   -72.6295929154    19.4465023665  -1.8000000000e+01 
        75   -72.6565393709    19.4576867721  -2.2500000000e+01 
        76   -72.6652559029    19.4589120197  -1.4500000000e+01 
        77   -72.6822105078    19.4602378526  -1.2333333015e+01 
        78   -72.6738939356    19.4600160952  -1.2000000000e+01 
        79   -72.6897818950    19.4598224093  -4.5000000000e+00 
        80   -72.6961244085    19.4635267856  -7.7500000000e+00 
        81   -72.7030913525    19.4676065365  -1.2750000000e+01 
        82   -72.7100261938    19.4704189341  -2.0000000000e+01 
        83   -72.7148851260    19.4767389998  -3.6111110687e+01 
        84   -72.6869923844    19.4527749627  -5.7500000000e+00 
        85   -72.6530324827    19.4504735408  -1.9750000000e+01 
        86   -72.6376904703    19.4263289454  -1.1000000000e+01 
        87   -72.6403609815    19.4193113283  -9.9333335876e+01 
        88   -72.6454605967    19.4471962288  -1.8166666031e+01 
        89   -72.6382490054    19.4336178652  -1.2250000000e+01 
        90   -72.6381591707    19.4424616949  -1.7250000000e+01 
        91   -72.6616053772    19.4516845814  -1.6250000000e+01 
        92   -72.6697440455    19.4520601478  -1.1000000000e+01 
        93   -72.6782603892    19.4523331067  -7.8333334923e+00 
        94   -72.6955689152    19.4550024884  -2.7500000000e+00 
        95   -72.7028410301    19.4590940384  -2.5000000000e+00 
        96   -72.7101733900    19.4625478679  -9.0000000000e+00 
        97   -72.7172213264    19.4669539311  -1.4250000000e+01 
        98   -72.7236407755    19.4717791429  -4.5666667938e+01 
        99   -72.6935590902    19.4459636397  -5.1666665077e+00 
       100   -72.6831565315    19.4451184301  -7.2500000000e+00 
       101   -72.6582735801    19.4453405784  -1.6500000000e+01 
       102   -72.6520052947    19.4417058106  -1.5666666985e+01 
       103   -72.6453342304    19.4277469534  -3.2666667938e+01 
       104   -72.6452520234    19.4374201429  -1.4500000000e+01 
       105   -72.6531186385    19.4243065368  -6.2500000000e+01 
       106   -72.6654671317    19.4444729375  -1.3000000000e+01 
       107   -72.6736280344    19.4444554013  -9.1666669846e+00 
       108   -72.6976022167    19.4372013183  -2.1666667461e+00 
       109   -72.7001098041    19.4300163967  -2.0000000000e+00 
       110   -72.7026823621    19.4505946982   1.1666666269e+00 
       111   -72.7029132824    19.4429379337   6.0000000000e+00 
       112   -72.7103026776    19.4543568391  -5.1666665077e+00 
       113   -72.7181971707    19.4584454317  -8.8333330154e+00 
       114   -72.7265604285    19.4622740067  -6.6500000000e+01 
       115   -72.7060096091    19.4241898600   5.3333334923e+00 
       116   -72.6957025374    19.4230795855   6.6666668653e-01 
       117   -72.6912636100    19.4300742179  -1.7500000000e+00 
       118   -72.6876477324    19.4377342384  -4.2500000000e+00 
       119   -72.6776207881    19.4371576532  -7.8333334923e+00 
       120   -72.6594191215    19.4378612331  -1.6250000000e+01 
       121   -72.6524338321    19.4326982104  -2.4833333969e+01 
       122   -72.6678654650    19.4366047397  -1.0166666985e+01 
       123   -72.6996635412    19.4149505015   3.7777776718e+00 
       124   -72.7093380330    19.4355010058   1.0666666985e+01 
       125   -72.7111234828    19.4447864064   1.0666666985e+01 
       126   -72.7176980788    19.4500634571   4.0000000000e+00 
       127   -72.7258339807    19.4523828805  -1.6666667163e-01 
       128   -72.7315437848    19.4535155425  -2.2000000000e+01 
       129   -72.7114517407    19.4159896930   4.7777776718e+00 
       130   -72.7160788257    19.4279597820   4.5555553436e+00 
       131   -72.6908262091    19.4170199050   0.0000000000e+00 
       132   -72.6859421204    19.4227172412  -2.8888888359e+00 
       133   -72.6818316844    19.4298634253  -4.5000000000e+00 
       134   -72.6719061328    19.4291306500  -6.8333334923e+00 
       135   -72.6611885231    19.4284399538  -1.5111110687e+01 
       136   -72.7046786054    19.4067670513   4.3333334923e+00 
       137   -72.7072633994    19.3987718301   2.0000000000e+00 
       138   -72.6903417872    19.4100076217   1.3333333731e+00 
       139   -72.6964543610    19.4059146439   3.5000000000e+00 
       140   -72.7231364313    19.4401492028   1.5550000191e+01 
       141   -72.7357773995    19.4479127568  -2.2777778625e+01 
       142   -72.7141443799    19.4046545116  -3.1666667461e+00 
       143   -72.7215450594    19.4099537152  -2.1111111641e+00 
       144   -72.7267444125    19.4272780461   5.4444446564e+00 
       145   -72.7211759157    19.4194599682  -2.4444444180e+00 
       146   -72.6819511284    19.4142046529  -3.2222223282e+00 
       147   -72.6768397486    19.4217701072  -4.5000000000e+00 
       148   -72.6670226993    19.4216180844  -7.2500000000e+00 
       149   -72.6571097072    19.4184898244  -8.5000000000e+01 
       150   -72.6834452602    19.4066622863  -2.5000000000e+00 
       151   -72.7156853227    19.3932808336   8.3333335817e-02 
       152   -72.7047722776    19.3914165333  -2.0000000000e+00 
       153   -72.6982882129    19.3983652578   8.8888889551e-01 
       154   -72.6888355675    19.4010883882  -5.0000000000e-01 
       155   -72.6970852705    19.3905540062  -2.5000000000e+00 
       156   -72.7427273180    19.4457619261  -2.7250000000e+01 
       157   -72.7374818705    19.4336610088   1.8937500000e+01 
       158   -72.7262661801    19.4009965969   2.5000000000e-01 
       159   -72.7347259787    19.4153703637   1.2159999847e+01 
       160   -72.7268846028    19.3889206776   9.6666669846e+00 
       161   -72.6757187033    19.4070621803  -4.5000000000e+00 
       162   -72.6724650870    19.4138810652  -4.8888888359e+00 
       163   -72.6651542685    19.4146169354  -1.0000000000e+01 
       164   -72.6598085027    19.4111577258  -9.7750000000e+01 
       165   -72.7179993307    19.3821315942   3.2222223282e+00 
       166   -72.7275788975    19.3755750909   6.9166665077e+00 
       167   -72.6795467830    19.4006052781  -3.5000000000e+00 
       168   -72.7087429330    19.3844294359  -3.3333332539e+00 
       169   -72.6999438064    19.3839896283  -3.5000000000e+00 
       170   -72.6901130256    19.3928606474  -3.0000000000e+00 
       171   -72.6829801451    19.3946892146  -3.5000000000e+00 
       172   -72.6911957599    19.3849869806  -3.0000000000e+00 
       173   -72.7104404460    19.3768364261  -2.6666667461e+00 
       174   -72.7501039351    19.4444457600  -2.3600000381e+01 
       175   -72.7554160101    19.4479238824  -3.6222221375e+01 
       176   -72.7620607694    19.4521325114  -5.2277778625e+01 
       177   -72.7506044142    19.4262455106   2.5333333969e+01 
       178   -72.7380297128    19.3989529096   1.2750000000e+01 
       179   -72.7478421329    19.4089203691   2.7916666031e+01 
       180   -72.7382076226    19.3839573008   1.2000000000e+01 
       181   -72.7371015509    19.3711189396   9.7777776718e+00 
       182   -72.6711855598    19.3997928193  -4.0000000000e+00 
       183   -72.6663863795    19.4062999590  -6.0000000000e+00 
       184   -72.7166231809    19.3721278126  -2.5000000000e+00 
       185   -72.7301849073    19.3645992101   2.1111111641e+00 
       186   -72.7224353245    19.3662335825  -2.0000000000e+00 
       187   -72.6752893119    19.3932439606  -3.7500000000e+00 
       188   -72.7026940752    19.3768363384  -2.8333332539e+00 
       189   -72.6942532555    19.3775385472  -2.6666667461e+00 
       190   -72.6821309640    19.3870576270  -2.6666667461e+00 
       191   -72.6857301203    19.3788095419  -1.1666666269e+00 
       192   -72.7069857493    19.3685568470  -2.4444444180e+00 
       193   -72.7693782798    19.4331894108   2.7687500000e+01 
       194   -72.7950226635    19.4498693691   3.0864196777e+01 
       195   -72.7655667985    19.4095488008   2.9571428299e+01 
       196   -72.7532634298    19.3915597435   1.8733333588e+01 
       197   -72.7475216828    19.3763735682   9.7777776718e+00 
       198   -72.7442389939    19.3652479338   1.7777777910e+00 
       199   -72.7525258198    19.3677844595  -7.7777779102e-01 
       200   -72.7370294053    19.3606542043   1.1666666269e+00 
       201   -72.6659701162    19.3925227601  -4.0000000000e+00 
       202   -72.6632234255    19.3990986497  -5.7500000000e+00 
       203   -72.6567361326    19.4028074250  -1.1183333588e+02 
       204   -72.7302697251    19.3568199673  -2.2500000000e+00 
       205   -72.7147011340    19.3632299407  -3.0000000000e+00 
       206   -72.7222367432    19.3578602364  -2.5000000000e+00 
       207   -72.6620376050    19.3856834881  -5.1666665077e+00 
       208   -72.6720253262    19.3858737815  -2.6666667461e+00 
       209   -72.6976436516    19.3696781881  -2.3333332539e+00 
       210   -72.6891277848    19.3710245858  -3.5000000000e+00 
       211   -72.6770721778    19.3791739871  -1.0000000000e+00 
       212   -72.6810246063    19.3721028493  -2.5000000000e+00 
       213   -72.7000989672    19.3616704016  -3.7500000000e+00 
       214   -72.7075375760    19.3600735823  -3.2500000000e+00 
       215   -72.7924863226    19.4100716531   8.7500000000e+01 
       216   -72.7727523339    19.3875712679   2.0149999619e+01 
       217   -72.7605750367    19.3758070702   6.8000001907e+00 
       218   -72.7432595772    19.3561301516  -2.6666667461e+00 
       219   -72.7503771195    19.3595103489  -2.0000000000e+00 
       220   -72.7609597876    19.3623668962  -2.1111111641e+00 
       221   -72.7424862390    19.3491333346  -3.0000000000e+00 
       222   -72.7356805680    19.3513860702  -2.8888888359e+00 
       223   -72.6535199980    19.3848901933  -4.3333334923e+00 
       224   -72.6554846469    19.3935380133  -1.8111110687e+01 
       225   -72.7269314179    19.3499796074  -3.1666667461e+00 
       226   -72.7129480465    19.3546105650  -3.2500000000e+00 
       227   -72.7187352863    19.3490934847  -3.0000000000e+00 
       228   -72.6589330217    19.3774041399  -4.3333334923e+00 
       229   -72.6676869805    19.3783617892  -2.5000000000e+00 
       230   -72.6917351979    19.3632445775  -4.2500000000e+00 
       231   -72.6839363901    19.3645661036  -3.8333332539e+00 
       232   -72.6724579919    19.3717853173  -3.0000000000e+00 
       233   -72.6768662715    19.3661133727  -3.0000000000e+00 
       234   -72.6943574006    19.3559716491  -3.3333332539e+00 
       235   -72.7033270679    19.3527896400  -3.5000000000e+00 
       236   -72.6965344599    19.3493415138  -3.0000000000e+00 
       237   -72.7879444955    19.3747120656   2.0968750000e+01 
       238   -72.7740162964    19.3653798720   6.9600000381e+00 
       239   -72.7490023051    19.3508607924  -2.7500000000e+00 
       240   -72.7553658858    19.3539671040  -2.5000000000e+00 
       241   -72.7647630876    19.3534280048  -1.7777777910e+00 
       242   -72.7469412846    19.3437988389  -2.3333332539e+00 
       243   -72.7391916452    19.3432627442  -3.1666667461e+00 
       244   -72.7314613830    19.3432821130  -3.1666667461e+00 
       245   -72.6502531566    19.3761877423  -4.3333334923e+00 
       246   -72.6459260296    19.3829028830  -5.0000000000e+00 
       247   -72.6465733227    19.3918155041  -7.4500000000e+01 
       248   -72.7234500193    19.3421501771  -3.2500000000e+00 
       249   -72.7095863055    19.3462398234  -2.8333332539e+00 
       250   -72.7157903366    19.3416316067  -3.5000000000e+00 
       251   -72.6555442578    19.3691041208  -3.3333332539e+00 
       252   -72.6641899833    19.3698591920  -2.6666667461e+00 
       253   -72.6854684137    19.3570134773  -3.5000000000e+00 
       254   -72.6774102354    19.3588935196  -3.0000000000e+00 
       255   -72.6697315146    19.3635258158  -2.0000000000e+00 
       256   -72.6882130648    19.3499460902  -3.0000000000e+00 
       257   -72.7013179921    19.3432257351  -3.1111111641e+00 
       258   -72.6925285216    19.3443017263  -3.0000000000e+00 
       259   -72.7923219263    19.3549271239   2.0133333206e+01 
       260   -72.7755869212    19.3505364837   5.0000000000e+00 
       261   -72.7572542330    19.3446881065  -1.8888888359e+00 
       262   -72.7664621283    19.3420297025  -5.6250000000e-01 
       263   -72.7516112902    19.3375885198  -1.0000000000e+00 
       264   -72.7436272257    19.3363257764  -3.0000000000e+00 
       265   -72.7356950064    19.3354926959  -3.5555555820e+00 
       266   -72.7274348665    19.3352187208  -3.3333332539e+00 
       267   -72.6522172183    19.3622823708  -3.6666667461e+00 
       268   -72.6455892368    19.3681838296  -3.8333332539e+00 
       269   -72.6408711951    19.3765775791  -7.6666665077e+00 
       270   -72.6383149757    19.3861827089  -7.6500000000e+01 
       271   -72.7186609386    19.3345969440  -3.3333332539e+00 
       272   -72.7090399516    19.3365582396  -3.0000000000e+00 
       273   -72.7007572090    19.3355297522  -3.0000000000e+00 
       274   -72.6610176944    19.3606701997  -2.4444444180e+00 
       275   -72.6788621214    19.3500069695  -3.6666667461e+00 
       276   -72.6696919300    19.3549188556  -3.1666667461e+00 
       277   -72.6766637733    19.3423218444  -4.5000000000e+00 
       278   -72.6849616234    19.3419625508  -3.3333332539e+00 
       279   -72.6935222108    19.3378494537  -3.5000000000e+00 
       280   -72.7943698375    19.3391541459   3.8863246918e+01 
       281   -72.7771911120    19.3313250891   1.2680000305e+01 
       282   -72.7592192606    19.3317436045  -3.7500000000e-01 
       283   -72.7492837708    19.3297965628  -2.7500000000e+00 
       284   -72.7411991120    19.3274072625  -3.5555555820e+00 
       285   -72.7321789353    19.3272587991  -3.4444444180e+00 
       286   -72.7234419768    19.3276469917  -3.6666667461e+00 
       287   -72.8804103868    19.3074069361   9.7688171387e+02 
       288   -72.6531188246    19.3547000377  -4.5000000000e+00 
       289   -72.6452470203    19.3589917440  -4.5000000000e+00 
       290   -72.6390396829    19.3630886838  -4.2500000000e+00 
       291   -72.6360125003    19.3697200093  -5.5000000000e+00 
       292   -72.6314372373    19.3770230331  -7.5888885498e+01 
       293   -72.6952284525    19.3302938578  -2.2500000000e+00 
       294   -72.7131955448    19.3269170739  -3.3333332539e+00 
       295   -72.7040021471    19.3286641181  -3.2500000000e+00 
       296   -72.6611643491    19.3506990869  -4.1666665077e+00 
       297   -72.6693733543    19.3462226613  -4.0000000000e+00 
       298   -72.6701409422    19.3377644436  -5.0000000000e+00 
       299   -72.6788881228    19.3352087241  -4.6666665077e+00 
       300   -72.6869982792    19.3332747277  -3.0000000000e+00 
       301   -72.7864282725    19.3097204195   4.0492187500e+01 
       302   -72.7659695260    19.3200351736   1.6000000000e+01 
       303   -72.7514537347    19.3186455778   9.0000000000e+00 
       304   -72.7385718661    19.3187488827   6.6666668653e-01 
       305   -72.7286411361    19.3193483041  -2.3333332539e+00 
       306   -72.7204193550    19.3204142341  -3.2500000000e+00 
       307   -72.7134776284    19.3168049713  -4.3333334923e+00 
       308   -72.7765628012    19.2651256536  -3.0000000000e+00 
       309   -72.7743542744    19.2566250711  -2.8333332539e+00 
       310   -72.7751350283    19.2524529706  -2.8333332539e+00 
       311   -72.7749260609    19.2421933986  -3.5000000000e+00 
       312   -72.7775478732    19.2773078998   4.7427776337e+01 
       313   -72.6523396812    19.3464404883  -4.5000000000e+00 
       314   -72.6445303913    19.3507790959  -4.8333334923e+00 
       315   -72.6371567294    19.3559418172  -4.7500000000e+00 
       316   -72.6310952094    19.3622065418  -9.0000000000e+00 
       317   -72.6272711135    19.3693988859  -2.7500000000e+01 
       318   -72.6892177495    19.3251210481  -3.0000000000e+00 
       319   -72.6974279524    19.3227299415  -2.7777776718e+00 
       320   -72.7057051945    19.3207866065  -3.6666667461e+00 
       321   -72.6607997779    19.3408162647  -4.6666665077e+00 
       322   -72.6643452041    19.3321118233  -5.6666665077e+00 
       323   -72.6726377094    19.3298004563  -5.1666665077e+00 
       324   -72.6809578446    19.3275345766  -4.1666665077e+00 
       325   -72.7066460922    19.3132405179  -4.5000000000e+00 
       326   -72.7625413281    19.3019120984   3.0285715103e+01 
       327   -72.7558982412    19.2858859086   3.1333333969e+01 
       328   -72.7440761316    19.3067911126   1.6000000000e+01 
       329   -72.7326393187    19.3111547783   5.5555558205e-01 
       330   -72.7224132258    19.3105029472  -4.1111111641e+00 
       331   -72.7126715211    19.3073358417  -4.5000000000e+00 
       332   -72.7688882568    19.2650221898  -3.3333332539e+00 
       333   -72.7657835332    19.2555198116  -3.3333332539e+00 
       334   -72.7685451636    19.2488694307  -3.0000000000e+00 
       335   -72.7573297853    19.2721025972  -3.4000000954e+00 
       336   -72.7460382177    19.2768865143   4.5833334923e+00 
       337   -72.6357219800    19.3479937893  -5.1111111641e+00 
       338   -72.6516917342    19.3388910422  -5.0000000000e+00 
       339   -72.6433735894    19.3416056138  -5.0000000000e+00 
       340   -72.6262124836    19.3464071975  -6.1666665077e+00 
       341   -72.6284171558    19.3543541814  -7.3333334923e+00 
       342   -72.6213933954    19.3609509634  -8.3500000000e+01 
       343   -72.6831737964    19.3200414033  -3.2500000000e+00 
       344   -72.6910440280    19.3168250238  -3.0000000000e+00 
       345   -72.6990749129    19.3147484391  -3.3333332539e+00 
       346   -72.6558571577    19.3325860343  -5.5000000000e+00 
       347   -72.6594998901    19.3262773063  -5.0000000000e+00 
       348   -72.6668667249    19.3238298952  -5.7500000000e+00 
       349   -72.6747672354    19.3221249198  -4.7500000000e+00 
       350   -72.6773461032    19.3153689644  -3.2500000000e+00 
       351   -72.7029775648    19.3067982853  -4.0000000000e+00 
       352   -72.7431164814    19.2918797080   1.8399999619e+01 
       353   -72.7310207195    19.3010074935   1.2083333015e+01 
       354   -72.7196936140    19.2993718285   3.5555555820e+00 
       355   -72.7084248878    19.2987353824  -4.0000000000e+00 
       356   -72.7357741964    19.2799219989  -2.1111111641e+00 
       357   -72.7567189101    19.2592602662  -4.0000000000e+00 
       358   -72.7595158285    19.2487169223  -3.6666667461e+00 
       359   -72.7490774202    19.2649244270  -4.3333334923e+00 
       360   -72.7399193165    19.2696348016  -4.0000000000e+00 
       361   -72.7321697460    19.2718269235  -3.7500000000e+00 
       362   -72.6333619263    19.3399979329  -6.3333334923e+00 
       363   -72.6470724466    19.3326273004  -6.2500000000e+00 
       364   -72.6390936729    19.3341780459  -7.2500000000e+00 
       365   -72.6247315582    19.3382714128  -6.5000000000e+00 
       366   -72.6174038773    19.3446367129  -6.5000000000e+00 
       367   -72.6187880725    19.3526619690  -4.4777778625e+01 
       368   -72.6844799261    19.3118724052  -3.3333332539e+00 
       369   -72.6932323714    19.3080157229  -2.8333332539e+00 
       370   -72.6513541686    19.3244229339  -6.0000000000e+00 
       371   -72.6598732810    19.3190410886  -5.5000000000e+00 
       372   -72.6689522301    19.3151698311  -5.4444446564e+00 
       373   -72.6759086577    19.3081432489  -4.8333334923e+00 
       374   -72.6986564930    19.3005965286  -4.0000000000e+00 
       375   -72.7271669988    19.2888970201   1.2000000000e+01 
       376   -72.7153109450    19.2906913316  -4.4444446564e+00 
       377   -72.7011826835    19.2941081812  -4.0000000000e+00 
       378   -72.7070176128    19.2906307486  -4.0000000000e+00 
       379   -72.7257869562    19.2772574432  -3.5000000000e+00 
       380   -72.7256005654    19.2677053982  -4.0000000000e+00 
       381   -72.7474128815    19.2565786073  -6.0000000000e+00 
       382   -72.7504535043    19.2488124536  -4.1666665077e+00 
       383   -72.7406601783    19.2609509395  -5.0000000000e+00 
       384   -72.7330886521    19.2641657100  -5.5000000000e+00 
       385   -72.6313224506    19.3307883378  -7.0000000000e+00 
       386   -72.6407859901    19.3259210435  -6.6666665077e+00 
       387   -72.6454163896    19.3190445955  -6.2500000000e+00 
       388   -72.6220450137    19.3310633782  -7.0000000000e+00 
       389   -72.6157961503    19.3360574763  -6.1666665077e+00 
       390   -72.6096081202    19.3421252904  -8.5000000000e+00 
       391   -72.6098539337    19.3511040072  -9.5666664124e+01 
       392   -72.6845937857    19.3042715860  -3.6666667461e+00 
       393   -72.6910370851    19.3003562532  -3.2500000000e+00 
       394   -72.6783211492    19.3005370960  -4.2500000000e+00 
       395   -72.6524995723    19.3152999127  -5.5000000000e+00 
       396   -72.6604272094    19.3108664056  -5.0000000000e+00 
       397   -72.6676122764    19.3074771341  -5.2500000000e+00 
       398   -72.6707372857    19.3008507520  -4.5000000000e+00 
       399   -72.6939389107    19.2936597749  -3.6666667461e+00 
       400   -72.7176148890    19.2815334391  -4.0000000000e+00 
       401   -72.7085904877    19.2835083285  -4.0000000000e+00 
       402   -72.6994147638    19.2865697962  -3.7500000000e+00 
       403   -72.7183432993    19.2718432477  -3.5000000000e+00 
       404   -72.7192367744    19.2627341410  -4.5000000000e+00 
       405   -72.7267905600    19.2589385846  -5.5000000000e+00 
       406   -72.7408820584    19.2517975797  -5.2222223282e+00 
       407   -72.7345838380    19.2567074721  -6.5000000000e+00 
       408   -72.6243618683    19.3238014339  -7.0000000000e+00 
       409   -72.6325986647    19.3227340001  -7.3333334923e+00 
       410   -72.6449211985    19.3113153021  -5.2500000000e+00 
       411   -72.6377846910    19.3168512198  -7.0000000000e+00 
       412   -72.6145045075    19.3267177237  -6.8888888359e+00 
       413   -72.6077508539    19.3335820358  -8.7500000000e+00 
       414   -72.6023493390    19.3394997583  -1.1500000000e+01 
       415   -72.6030380408    19.3467627494  -4.2000000000e+01 
       416   -72.5884953466    19.3481103840  -5.0666667938e+01 
       417   -72.6849950020    19.2952114886  -3.6666667461e+00 
       418   -72.6757724732    19.2938174996  -4.0000000000e+00 
       419   -72.6528972635    19.3065579067  -5.2222223282e+00 
       420   -72.6613074980    19.3017083594  -5.0000000000e+00 
       421   -72.6668891785    19.2942127393  -4.0000000000e+00 
       422   -72.6898671065    19.2873477386  -3.1666667461e+00 
       423   -72.7104040290    19.2751945332  -3.3333332539e+00 
       424   -72.7025343964    19.2783714223  -3.5000000000e+00 
       425   -72.6942437022    19.2802358414  -4.0000000000e+00 
       426   -72.7115793272    19.2664563019  -4.5000000000e+00 
       427   -72.7126599556    19.2576669452  -5.5000000000e+00 
       428   -72.7204932369    19.2535537718  -5.5000000000e+00 
       429   -72.7290011095    19.2493163266  -5.5000000000e+00 
       430   -72.6441577687    19.3031829103  -5.8333334923e+00 
       431   -72.6184272305    19.3180258692  -7.1666665077e+00 
       432   -72.6280184256    19.3147265648  -7.5555553436e+00 
       433   -72.6361009410    19.3085923613  -5.8333334923e+00 
       434   -72.6127572039    19.3128723703  -7.7500000000e+00 
       435   -72.6089707006    19.3192002595  -8.0000000000e+00 
       436   -72.6043315036    19.3259577676  -1.0000000000e+01 
       437   -72.5985425866    19.3330899415  -1.5500000000e+01 
       438   -72.5941704086    19.3416656278  -3.8666667938e+01 
       439   -72.5844699454    19.3398405158  -3.3000000000e+01 
       440   -72.6809340036    19.2874758726  -3.8333332539e+00 
       441   -72.6717188308    19.2870392489  -4.0000000000e+00 
       442   -72.6521054798    19.2981311723  -5.7777776718e+00 
       443   -72.6589225607    19.2939599867  -4.7500000000e+00 
       444   -72.6624546445    19.2870555966  -4.7500000000e+00 
       445   -72.6858290118    19.2804342118  -5.2500000000e+00 
       446   -72.7039066598    19.2698744075  -4.0000000000e+00 
       447   -72.6974323004    19.2733228812  -4.5000000000e+00 
       448   -72.6903947735    19.2735690529  -5.0000000000e+00 
       449   -72.7042832586    19.2616357989  -5.5000000000e+00 
       450   -72.7061801776    19.2522177440  -7.5555553436e+00 
       451   -72.7135450658    19.2484340988  -7.8333334923e+00 
       452   -72.7213587599    19.2431225716  -6.5833334923e+00 
       453   -72.6440385645    19.2944505535  -6.5000000000e+00 
       454   -72.6360008955    19.2999786000  -5.5000000000e+00 
       455   -72.6199488000    19.3092071724  -6.7500000000e+00 
       456   -72.6276476571    19.3049779813  -5.5000000000e+00 
       457   -72.6119744185    19.3060433277  -7.7500000000e+00 
       458   -72.6048651674    19.3112462618  -9.5000000000e+00 
       459   -72.5996660551    19.3176421419  -9.7500000000e+00 
       460   -72.5954964309    19.3251212386  -1.5500000000e+01 
       461   -72.5899264886    19.3330784665  -2.1000000000e+01 
       462   -72.6769884468    19.2803309502  -4.3333334923e+00 
       463   -72.6677403640    19.2798373167  -4.2500000000e+00 
       464   -72.6523088699    19.2883682198  -5.4444446564e+00 
       465   -72.6579897643    19.2799491513  -6.7500000000e+00 
       466   -72.6821742511    19.2736113936  -5.0000000000e+00 
       467   -72.6953905325    19.2658983440  -5.0000000000e+00 
       468   -72.6873610558    19.2674272806  -5.5000000000e+00 
       469   -72.6972233583    19.2570924058  -7.6666665077e+00 
       470   -72.6994119731    19.2491292962  -7.2500000000e+00 
       471   -72.7063383332    19.2409493299  -5.7777776718e+00 
       472   -72.6424581062    19.2860385825  -6.6666665077e+00 
       473   -72.6356068366    19.2919253996  -6.1666665077e+00 
       474   -72.6277971753    19.2967245908  -4.8333334923e+00 
       475   -72.6283165929    19.2894669575  -5.5000000000e+00 
       476   -72.6189147971    19.3000223529  -6.0000000000e+00 
       477   -72.6102686562    19.2994676023  -8.5000000000e+00 
       478   -72.6034496994    19.3035969708  -9.0000000000e+00 
       479   -72.5951974064    19.3087171563  -9.6666669846e+00 
       480   -72.5907294466    19.3166256970  -1.3000000000e+01 
       481   -72.5874463441    19.3241780117  -1.9250000000e+01 
       482   -72.6736218864    19.2728947606  -4.6666665077e+00 
       483   -72.6639556317    19.2722501812  -5.1111111641e+00 
       484   -72.6487481289    19.2793259011  -6.6666665077e+00 
       485   -72.6547424451    19.2718021054  -6.5000000000e+00 
       486   -72.6797959253    19.2661222756  -5.7500000000e+00 
       487   -72.6874397619    19.2597971325  -7.8333334923e+00 
       488   -72.6915507360    19.2514090793  -8.6666669846e+00 
       489   -72.6957482154    19.2432199762  -7.1666665077e+00 
       490   -72.6391948940    19.2782006382  -6.5000000000e+00 
       491   -72.6332623037    19.2838232964  -6.2500000000e+00 
       492   -72.6207333333    19.2911957405  -5.2500000000e+00 
       493   -72.6241039038    19.2833570277  -6.2500000000e+00 
       494   -72.6127584354    19.2928319037  -6.5000000000e+00 
       495   -72.6043083404    19.2954390673  -7.2500000000e+00 
       496   -72.5965695257    19.2991883952  -7.7500000000e+00 
       497   -72.5894540097    19.3023901647  -9.7500000000e+00 
       498   -72.5842078364    19.3089616946  -1.0000000000e+01 
       499   -72.5816280280    19.3170249005  -2.2833333969e+01 
       500   -72.6703199191    19.2653412861  -5.0000000000e+00 
       501   -72.6602677396    19.2638642116  -5.2222223282e+00 
       502   -72.6453247045    19.2714081463  -6.5000000000e+00 
       503   -72.6502654532    19.2647436048  -5.8333334923e+00 
       504   -72.6773142016    19.2587520316  -6.6666665077e+00 
       505   -72.6830610140    19.2524655377  -9.2500000000e+00 
       506   -72.6881033688    19.2447442256  -8.2500000000e+00 
       507   -72.6371772513    19.2709529712  -7.2500000000e+00 
       508   -72.6294934129    19.2756733687  -7.0000000000e+00 
       509   -72.6146366687    19.2844168806  -6.6666665077e+00 
       510   -72.6199073146    19.2769568100  -6.8333334923e+00 
       511   -72.6125263516    19.2775247572  -6.5000000000e+00 
       512   -72.6060427681    19.2879971168  -7.0000000000e+00 
       513   -72.5978388632    19.2912619047  -7.8333334923e+00 
       514   -72.5821432172    19.2997512054  -1.0000000000e+01 
       515   -72.5888741721    19.2936282917  -8.8888893127e+00 
       516   -72.5754744566    19.3044610457  -9.0000000000e+00 
       517   -72.5742505944    19.3123797481  -6.6333335876e+01 
       518   -72.6679363480    19.2578955254  -5.5000000000e+00 
       519   -72.6606906750    19.2560645936  -5.0000000000e+00 
       520   -72.6536599332    19.2577432805  -5.2500000000e+00 
       521   -72.6404138429    19.2635914985  -7.3333334923e+00 
       522   -72.6463279595    19.2585010519  -6.5000000000e+00 
       523   -72.6733962678    19.2517063017  -8.5000000000e+00 
       524   -72.6787171867    19.2466372650  -9.0000000000e+00 
       525   -72.6309712321    19.2664124301  -7.3333334923e+00 
       526   -72.6225649066    19.2694483499  -7.0000000000e+00 
       527   -72.6062854350    19.2806737208  -7.3333334923e+00 
       528   -72.6142948531    19.2711420936  -6.5000000000e+00 
       529   -72.6069246729    19.2737052372  -6.5000000000e+00 
       530   -72.5988369953    19.2831907942  -7.5000000000e+00 
       531   -72.5922386548    19.2864047430  -7.7500000000e+00 
       532   -72.5750048840    19.2970546965  -9.7500000000e+00 
       533   -72.5797545566    19.2915089097  -1.0750000000e+01 
       534   -72.5848812083    19.2853193864  -9.0000000000e+00 
       535   -72.5678978116    19.2994350589  -8.8333330154e+00 
       536   -72.5668959404    19.3071562233  -4.9500000000e+01 
       537   -72.6325234912    19.2584507803  -8.0000000000e+00 
       538   -72.6650226530    19.2501629109  -7.2500000000e+00 
       539   -72.6563504392    19.2503852666  -6.0000000000e+00 
       540   -72.6482280169    19.2515116321  -6.8333334923e+00 
       541   -72.6400507168    19.2545068227  -7.6666665077e+00 
       542   -72.6768211450    19.2397976384  -8.3333330154e+00 
       543   -72.6698383507    19.2432268669  -9.7777776718e+00 
       544   -72.6239217555    19.2615020665  -8.1666669846e+00 
       545   -72.6157060138    19.2640944599  -7.7500000000e+00 
       546   -72.5992558764    19.2759775967  -7.0000000000e+00 
       547   -72.6079463683    19.2668175634  -6.5000000000e+00 
       548   -72.6015186433    19.2697033001  -7.0000000000e+00 
       549   -72.5909696091    19.2781891934  -7.5000000000e+00 
       550   -72.5703963993    19.2909745146  -1.0000000000e+01 
       551   -72.5760802188    19.2844297423  -1.1000000000e+01 
       552   -72.5816732677    19.2784060692  -1.0333333015e+01 
       553   -72.5620327656    19.2945556340  -9.0000000000e+00 
       554   -72.5579174770    19.3021752235  -5.5000000000e+01 
       555   -72.5631139131    19.2877918183  -8.5000000000e+00 
       556   -72.6332434445    19.2500323359  -7.7500000000e+00 
       557   -72.6250019414    19.2536695138  -8.5000000000e+00 
       558   -72.6603623343    19.2438466238  -7.8888888359e+00 
       559   -72.6512801974    19.2441870514  -7.3333334923e+00 
       560   -72.6417181971    19.2456487128  -7.7500000000e+00 
       561   -72.6704696989    19.2337497377  -9.5000000000e+00 
       562   -72.6636046535    19.2370202194  -9.0000000000e+00 
       563   -72.6720679777    19.2270321759  -9.6666669846e+00 
       564   -72.6166486389    19.2565742459  -7.5000000000e+00 
       565   -72.6084338062    19.2595982038  -7.2500000000e+00 
       566   -72.5937633944    19.2691087185  -7.5555553436e+00 
       567   -72.6004174254    19.2630651394  -7.0000000000e+00 
       568   -72.5854437605    19.2718477791  -9.0000000000e+00 
       569   -72.5679711407    19.2826682275  -9.5000000000e+00 
       570   -72.5730362404    19.2770012774  -1.1000000000e+01 
       571   -72.5781120442    19.2723008836  -1.1250000000e+01 
       572   -72.5547945698    19.2896504307  -7.2000000000e+01 
       573   -72.5588655667    19.2817550366  -9.7500000000e+00 
       574   -72.6330448544    19.2425228847  -8.5000000000e+00 
       575   -72.6254874896    19.2460370309  -9.2500000000e+00 
       576   -72.6175926203    19.2489283097  -8.7500000000e+00 
       577   -72.6557205992    19.2363244210  -9.1666669846e+00 
       578   -72.6466409358    19.2376170426  -1.0000000000e+01 
       579   -72.6390670929    19.2383635689  -9.2500000000e+00 
       580   -72.6328461573    19.2350735023  -9.5000000000e+00 
       581   -72.6615469980    19.2279572940  -1.0444444656e+01 
       582   -72.6665223664    19.2211090721  -1.0250000000e+01 
       583   -72.6093194218    19.2519272777  -9.5000000000e+00 
       584   -72.6009989386    19.2554271651  -8.5000000000e+00 
       585   -72.5871290557    19.2651734214  -8.2500000000e+00 
       586   -72.5925017280    19.2596590837  -8.1111106873e+00 
       587   -72.5797279738    19.2659663211  -1.1000000000e+01 
       588   -72.5648914155    19.2752605188  -9.1666669846e+00 
       589   -72.5711420063    19.2685733941  -1.1500000000e+01 
       590   -72.5491746283    19.2814110446  -5.5666667938e+01 
       591   -72.5556748189    19.2746345620  -8.8333330154e+00 
       592   -72.6258680611    19.2388682179  -9.5000000000e+00 
       593   -72.6184857577    19.2413407792  -9.5000000000e+00 
       594   -72.6105973931    19.2441132935  -9.8333330154e+00 
       595   -72.6263077039    19.2324148613  -9.7500000000e+00 
       596   -72.6507642521    19.2298902606  -1.1750000000e+01 
       597   -72.6406156754    19.2305878529  -1.1777777672e+01 
       598   -72.6316176606    19.2282959899  -1.1666666985e+01 
       599   -72.6536449271    19.2228514140  -1.1500000000e+01 
       600   -72.6593931444    19.2176391831  -9.7500000000e+00 
       601   -72.6024908237    19.2472608179  -1.0000000000e+01 
       602   -72.5943194901    19.2506910384  -9.8333330154e+00 
       603   -72.5831981101    19.2593812605  -1.0000000000e+01 
       604   -72.5865449529    19.2528020968  -9.7500000000e+00 
       605   -72.5746657240    19.2605526130  -1.1666666985e+01 
       606   -72.5617166647    19.2679056124  -9.0000000000e+00 
       607   -72.5666730318    19.2612270506  -1.0250000000e+01 
       608   -72.5469346548    19.2744517009  -2.7500000000e+01 
       609   -72.5526517370    19.2673563156  -8.5000000000e+00 
       610   -72.6194766804    19.2339489088  -9.5000000000e+00 
       611   -72.6117845509    19.2362709165  -1.0250000000e+01 
       612   -72.6039665041    19.2391397002  -1.1000000000e+01 
       613   -72.6227264883    19.2263920991  -1.1333333015e+01 
       614   -72.6287884308    19.2223824625  -1.2000000000e+01 
       615   -72.6452179982    19.2229540746  -1.1166666985e+01 
       616   -72.6367816178    19.2226124589  -1.2166666985e+01 
       617   -72.6500173723    19.2159060214  -9.5000000000e+00 
       618   -72.5959184685    19.2422555346  -1.0000000000e+01 
       619   -72.5879885090    19.2446199695  -1.0500000000e+01 
       620   -72.5780535504    19.2536568704  -1.0750000000e+01 
       621   -72.5811229522    19.2473224116  -1.1750000000e+01 
       622   -72.5702119371    19.2535414949  -1.1500000000e+01 
       623   -72.5581048997    19.2605658780  -8.6666669846e+00 
       624   -72.5629105810    19.2547905127  -9.2500000000e+00 
       625   -72.5399084660    19.2725496235  -4.3500000000e+01 
       626   -72.5334488401    19.2698146106  -7.3500000000e+01 
       627   -72.5447454217    19.2660134226  -8.7500000000e+00 
       628   -72.5500463632    19.2588441353  -9.0000000000e+00 
       629   -72.6138502507    19.2284951569  -1.0666666985e+01 
       630   -72.6050457457    19.2307538808  -1.1000000000e+01 
       631   -72.5974537878    19.2341268201  -1.1333333015e+01 
       632   -72.6156738544    19.2209480581  -1.3500000000e+01 
       633   -72.6231197402    19.2180397377  -1.3333333015e+01 
       634   -72.6314996773    19.2160579894  -1.2666666985e+01 
       635   -72.6410323824    19.2149423230  -1.1444444656e+01 
       636   -72.5890229334    19.2371127367  -1.1166666985e+01 
       637   -72.5911832084    19.2302056999  -1.0750000000e+01 
       638   -72.5799309947    19.2395467818  -1.1777777672e+01 
       639   -72.5735004213    19.2464041747  -1.2250000000e+01 
       640   -72.5639192366    19.2467066191  -9.5555553436e+00 
       641   -72.5558047824    19.2521330601  -9.3333330154e+00 
       642   -72.5370955414    19.2645868433  -9.0000000000e+00 
       643   -72.5280407415    19.2650826397  -3.6166667938e+01 
       644   -72.5419112049    19.2577336410  -8.2500000000e+00 
       645   -72.5471891770    19.2501218764  -1.0000000000e+01 
       646   -72.6068126657    19.2229235771  -1.1555555344e+01 
       647   -72.5974615895    19.2251144899  -1.1333333015e+01 
       648   -72.6092630995    19.2153120574  -1.2500000000e+01 
       649   -72.6171609697    19.2128989320  -1.3750000000e+01 
       650   -72.6246995315    19.2099061603  -1.2833333015e+01 
       651   -72.6330131640    19.2085895430  -1.1500000000e+01 
       652   -72.5879862592    19.2239335569  -1.1000000000e+01 
       653   -72.5834052219    19.2312133069  -1.2166666985e+01 
       654   -72.5748761631    19.2317254674  -1.1000000000e+01 
       655   -72.5699256043    19.2390179897  -1.0500000000e+01 
       656   -72.5608979990    19.2378769678  -1.1166666985e+01 
       657   -72.5546236354    19.2441702137  -1.1666666985e+01 
       658   -72.5333517364    19.2578747047  -9.0000000000e+00 
       659   -72.5255023242    19.2572677914  -1.4000000000e+01 
       660   -72.5471882370    19.2413050666  -1.0000000000e+01 
       661   -72.5380976023    19.2509591981  -9.5000000000e+00 
       662   -72.5413661355    19.2449627246  -9.2500000000e+00 
       663   -72.6009112495    19.2167541273  -1.1000000000e+01 
       664   -72.5924398897    19.2175843628  -1.0500000000e+01 
       665   -72.6039857661    19.2086665345  -1.4500000000e+01 
       666   -72.6114624251    19.2082254660  -1.5000000000e+01 
       667   -72.6180110048    19.2042531724  -1.3666666985e+01 
       668   -72.6261554712    19.2005066272  -1.3111110687e+01 
       669   -72.5835924978    19.2175586212  -1.2250000000e+01 
       670   -72.5792551445    19.2242392220  -1.2500000000e+01 
       671   -72.5707377030    19.2239318234  -1.0750000000e+01 
       672   -72.5661069699    19.2308212595  -1.0166666985e+01 
       673   -72.5577296275    19.2296598843  -1.0750000000e+01 
       674   -72.5526280802    19.2357267165  -1.1833333015e+01 
       675   -72.5451274114    19.2338217022  -1.1750000000e+01 
       676   -72.5303854082    19.2497925410  -1.1250000000e+01 
       677   -72.5230670028    19.2498743819  -1.3500000000e+01 
       678   -72.5396438221    19.2383624721  -1.2833333015e+01 
       679   -72.5344548838    19.2435507849  -1.1666666985e+01 
       680   -72.5957512360    19.2100985659  -1.1666666985e+01 
       681   -72.5877145599    19.2113179904  -1.1000000000e+01 
       682   -72.5992419929    19.2024958634  -1.4000000000e+01 
       683   -72.6089866557    19.2005552498  -1.4000000000e+01 
       684   -72.6180158073    19.1951174324  -1.5833333015e+01 
       685   -72.5794300984    19.2111683656  -1.1750000000e+01 
       686   -72.5749504402    19.2171043059  -1.0750000000e+01 
       687   -72.5205950320    19.2424548465  -1.4000000000e+01 
       688   -72.5667976336    19.2163607371  -1.0250000000e+01 
       689   -72.5623133602    19.2230253365  -1.0166666985e+01 
       690   -72.5541264305    19.2221565978  -1.1750000000e+01 
       691   -72.5498555963    19.2280110231  -1.2000000000e+01 
       692   -72.5430256952    19.2273426537  -1.4500000000e+01 
       693   -72.5377696308    19.2312864926  -1.4500000000e+01 
       694   -72.5268780487    19.2414297779  -1.3833333015e+01 
       695   -72.5323548208    19.2359260960  -1.7750000000e+01 
       696   -72.5905620197    19.2041073361  -1.2750000000e+01 
       697   -72.5835531599    19.2057076939  -1.1250000000e+01 
       698   -72.5925894747    19.1970974215  -1.2000000000e+01 
       699   -72.6014531812    19.1951174223  -1.4166666985e+01 
       700   -72.6099464772    19.1912448998  -1.5833333015e+01 
       701   -72.5764999836    19.2040577456  -1.1000000000e+01 
       702   -72.5710691624    19.2094973001  -1.1000000000e+01 
       703   -72.5190772638    19.2360243615  -2.4166666031e+01 
       704   -72.5627719947    19.2088566709  -1.1500000000e+01 
       705   -72.5586445056    19.2154630381  -1.1250000000e+01 
       706   -72.5511152944    19.2156953710  -1.2500000000e+01 
       707   -72.5452945082    19.2206755812  -1.2250000000e+01 
       708   -72.5372222123    19.2236373219  -1.4250000000e+01 
       709   -72.5311432141    19.2279530233  -1.5166666985e+01 
       710   -72.5253208442    19.2326471964  -2.4000000000e+01 
       711   -72.5835817489    19.1985560333  -1.1166666985e+01 
       712   -72.5750183286    19.1974652501  -1.1250000000e+01 
       713   -72.5873236353    19.1907671725  -1.1750000000e+01 
       714   -72.5949844904    19.1903618233  -1.2750000000e+01 
       715   -72.6018829431    19.1873724549  -1.4666666985e+01 
       716   -72.5676379661    19.2011120224  -1.1444444656e+01 
       717   -72.5593742780    19.2022070502  -1.2000000000e+01 
       718   -72.5173773069    19.2284479847  -1.6250000000e+01 
       719   -72.5532270224    19.2082798000  -1.2333333015e+01 
       720   -72.5445719055    19.2120917997  -1.3000000000e+01 
       721   -72.5372691763    19.2161908738  -1.4500000000e+01 
       722   -72.5297454464    19.2199368073  -1.4750000000e+01 
       723   -72.5236378565    19.2244009706  -1.5000000000e+01 
       724   -72.5786195033    19.1913337749  -1.2250000000e+01 
       725   -72.5695107434    19.1923956449  -1.3000000000e+01 
       726   -72.5824834480    19.1845988984  -1.2500000000e+01 
       727   -72.5924544191    19.1828481205  -1.3500000000e+01 
       728   -72.5602884352    19.1942833717  -1.2333333015e+01 
       729   -72.5520444069    19.1994357581  -1.2500000000e+01 
       730   -72.5160610861    19.2205328502  -1.9500000000e+01 
       731   -72.5446637147    19.2041438722  -1.2666666985e+01 
       732   -72.5365462944    19.2082716576  -1.4500000000e+01 
       733   -72.5288159473    19.2124064946  -1.4250000000e+01 
       734   -72.5214564601    19.2162534453  -1.6250000000e+01 
       735   -72.5733398473    19.1851672549  -1.3555555344e+01 
       736   -72.5644847365    19.1860120658  -1.3333333015e+01 
       737   -72.5564299460    19.1861035084  -1.3500000000e+01 
       738   -72.5763272497    19.1779502228  -1.3000000000e+01 
       739   -72.5845093180    19.1776161173  -1.2750000000e+01 
       740   -72.5511228647    19.1918608644  -1.3166666985e+01 
       741   -72.5437521426    19.1961776039  -1.3166666985e+01 
       742   -72.5115723584    19.2143190346  -3.7111110687e+01 
       743   -72.5361969187    19.2002998152  -1.4000000000e+01 
       744   -72.5281863328    19.2046466031  -1.5833333015e+01 
       745   -72.5199993014    19.2091536864  -1.6500000000e+01 
       746   -72.5491834178    19.1852085226  -1.4500000000e+01 
       747   -72.5679078996    19.1783383085  -1.3000000000e+01 
       748   -72.5597524374    19.1787684544  -1.3500000000e+01 
       749   -72.5519344070    19.1790934753  -1.4833333015e+01 
       750   -72.5708898754    19.1710062172  -1.4000000000e+01 
       751   -72.5791392581    19.1704174669  -1.3250000000e+01 
       752   -72.5430190907    19.1886138284  -1.4750000000e+01 
       753   -72.5358263543    19.1922527827  -1.4333333015e+01 
       754   -72.5129156559    19.2056838143  -1.7250000000e+01 
       755   -72.5052741829    19.2089710384  -1.8500000000e+01 
       756   -72.5279708018    19.1963664549  -1.5000000000e+01 
       757   -72.5207264255    19.2012204467  -1.6250000000e+01 
       758   -72.5437471384    19.1806808024  -1.5500000000e+01 
       759   -72.5626538069    19.1713675856  -1.4000000000e+01 
       760   -72.5545435339    19.1719972537  -1.4750000000e+01 
       761   -72.5463132934    19.1732765244  -1.4833333015e+01 
       762   -72.5657054818    19.1640948142  -1.5000000000e+01 
       763   -72.5737761002    19.1632208712  -1.5000000000e+01 
       764   -72.5359606073    19.1838151100  -1.6333333969e+01 
       765   -72.5283835692    19.1880489778  -1.5000000000e+01 
       766   -72.5139299473    19.1984772222  -1.7500000000e+01 
       767   -72.5067244978    19.2007045473  -1.8250000000e+01 
       768   -72.4989826304    19.2036111600  -2.0000000000e+01 
       769   -72.5195738268    19.1923504234  -1.6166666031e+01 
       770   -72.5375873569    19.1755537249  -1.6750000000e+01 
       771   -72.5575104662    19.1643306513  -1.5666666985e+01 
       772   -72.5492766739    19.1652648852  -1.6166666031e+01 
       773   -72.5408035188    19.1673508045  -1.5500000000e+01 
       774   -72.5610627388    19.1574214194  -1.6250000000e+01 
       775   -72.5685799033    19.1562457792  -1.6833333969e+01 
       776   -72.5215483682    19.1845525881  -1.6250000000e+01 
       777   -72.5282914329    19.1784914034  -1.6888889313e+01 
       778   -72.5098399905    19.1925375927  -1.8000000000e+01 
       779   -72.5015123573    19.1948428497  -2.0250000000e+01 
       780   -72.4939793491    19.1979065041  -2.1333333969e+01 
       781   -72.5136439277    19.1854282563  -1.7166666031e+01 
       782   -72.5319138953    19.1695283268  -1.7777778625e+01 
       783   -72.5524662729    19.1570570672  -1.8333333969e+01 
       784   -72.5438648174    19.1591439792  -1.7500000000e+01 
       785   -72.5355357781    19.1612427549  -1.8333333969e+01 
       786   -72.5579146322    19.1516603411  -2.1000000000e+01 
       787   -72.5637261420    19.1497294130  -2.1500000000e+01 
       788   -72.5185214647    19.1778313662  -1.6833333969e+01 
       789   -72.5233750903    19.1707147569  -1.8000000000e+01 
       790   -72.5041007452    19.1857615060  -1.8666666031e+01 
       791   -72.4956310542    19.1888896181  -2.2500000000e+01 
       792   -72.4893623879    19.1916170922  -3.2500000000e+01 
       793   -72.5101778959    19.1785611725  -1.7833333969e+01 
       794   -72.5271434380    19.1626923449  -1.9666666031e+01 
       795   -72.5307743562    19.1550926397  -2.3500000000e+01 
       796   -72.5528238260    19.1489309885  -2.1250000000e+01 
       797   -72.5462365133    19.1510369376  -2.0500000000e+01 
       798   -72.5385975043    19.1531016496  -2.1000000000e+01 
       799   -72.5592027900    19.1436523971  -2.1833333969e+01 
       800   -72.5144623232    19.1710671624  -1.9166666031e+01 
       801   -72.5191158321    19.1640201896  -2.0500000000e+01 
       802   -72.5027247825    19.1779330312  -1.9000000000e+01 
       803   -72.4955563809    19.1809139119  -2.0500000000e+01 
       804   -72.4863885558    19.1842858680  -5.0166667938e+01 
       805   -72.5063079744    19.1713342482  -1.9000000000e+01 
       806   -72.5220030028    19.1558630753  -2.2666666031e+01 
       807   -72.5267228383    19.1493366030  -2.3000000000e+01 
       808   -72.5337348456    19.1471489938  -2.2250000000e+01 
       809   -72.5499648719    19.1432323720  -2.2000000000e+01 
       810   -72.5416567879    19.1449343593  -2.2750000000e+01 
       811   -72.5548554385    19.1378049830  -2.0750000000e+01 
       812   -72.5103307076    19.1643378610  -2.0777778625e+01 
       813   -72.5145297930    19.1588421710  -2.4000000000e+01 
       814   -72.4977692667    19.1720769301  -2.0000000000e+01 
       815   -72.4893374541    19.1746149651  -3.6666667938e+01 
       816   -72.5020406211    19.1643214482  -2.0666666031e+01 
       817   -72.5150188858    19.1526507377  -2.3750000000e+01 
       818   -72.5198594204    19.1475541281  -2.4000000000e+01 
       819   -72.5268818106    19.1416386126  -2.3500000000e+01 
       820   -72.5359599201    19.1392765852  -2.4111110687e+01 
       821   -72.5451141464    19.1366431087  -2.2750000000e+01 
       822   -72.5505069691    19.1319610208  -2.4500000000e+01 
       823   -72.5071584754    19.1559714987  -2.2555555344e+01 
       824   -72.4908178175    19.1651625517  -2.2666666031e+01 
       825   -72.4980106611    19.1575210665  -2.2833333969e+01 
       826   -72.5106447975    19.1469490211  -2.4500000000e+01 
       827   -72.5175325477    19.1407365631  -2.4750000000e+01 
       828   -72.5230019500    19.1354911552  -2.5000000000e+01 
       829   -72.5304530737    19.1329459239  -2.8000000000e+01 
       830   -72.5381900010    19.1317224189  -3.1000000000e+01 
       831   -72.5443329376    19.1267740249  -3.7666667938e+01 
       832   -72.5015893446    19.1492974429  -2.3500000000e+01 
       833   -72.5038618985    19.1426927490  -2.5500000000e+01 
       834   -72.4931006355    19.1505769498  -2.3875000000e+01 
       835   -72.5100903895    19.1382940844  -2.4666666031e+01 
       836   -72.5162327983    19.1324912832  -2.3750000000e+01 
       837   -72.5240877668    19.1280858701  -2.8500000000e+01 
       838   -72.5337504969    19.1230174690  -4.5444442749e+01 
       839   -72.5024572533    19.1362061941  -2.4833333969e+01 
       840   -72.4944398672    19.1420314218  -2.5333333969e+01 
       841   -72.5087095091    19.1301230580  -2.4750000000e+01 
       842   -72.5149144537    19.1235776027  -2.7555555344e+01 
       843   -72.5243145190    19.1196668018  -3.9250000000e+01 
       844   -72.5016216094    19.1285063842  -2.5500000000e+01 
       845   -72.4958526345    19.1330365537  -2.5500000000e+01 
       846   -72.5052885527    19.1217549914  -2.5166666031e+01 
       847   -72.5090164243    19.1142378081  -2.7583333969e+01 
       848   -72.4975378348    19.1222583750  -2.5666666031e+01 
       849   -72.4991129885    19.1128618894  -2.6333333969e+01 
1 3 703 694 710 
2 3 449 467 446 
3 3 189 172 169 
4 3 207 228 223 
5 3 263 261 282 
6 3 520 522 503 
7 3 367 340 366 
8 3 323 298 299 
9 3 89 73 90 
10 3 159 177 179 
11 3 21 18 11 
12 3 201 182 187 
13 3 408 412 388 
14 3 538 518 523 
15 3 42 45 29 
16 3 610 593 592 
17 3 706 705 719 
18 3 557 576 564 
19 3 730 723 734 
20 3 704 717 719 
21 3 772 773 761 
22 3 688 689 671 
23 3 273 293 279 
24 3 384 380 361 
25 3 465 464 444 
26 3 473 474 454 
27 3 487 469 488 
28 3 622 620 639 
29 3 577 558 562 
30 3 716 701 712 
31 3 562 561 581 
32 3 365 389 366 
33 3 425 422 402 
34 3 433 430 454 
35 3 543 523 524 
36 3 387 410 411 
37 3 395 419 410 
38 3 410 419 430 
39 3 343 324 318 
40 3 348 347 322 
41 3 327 326 312 
42 3 192 205 214 
43 3 195 177 193 
44 3 94 84 79 
45 3 242 243 221 
46 3 113 112 96 
47 3 157 174 177 
48 3 37 36 53 
49 3 144 157 159 
50 3 157 156 174 
51 3 262 260 281 
52 3 85 101 102 
53 3 67 83 82 
54 3 32 41 23 
55 3 63 76 62 
56 3 147 148 134 
57 3 277 298 297 
58 3 224 203 202 
59 3 288 314 289 
60 3 268 245 251 
61 3 594 583 576 
62 3 463 483 465 
63 3 547 529 528 
64 3 474 475 492 
65 3 499 480 498 
66 3 569 588 573 
67 3 86 71 89 
68 3 755 754 767 
69 3 529 511 528 
70 3 674 660 657 
71 3 572 554 553 
72 3 479 478 496 
73 3 549 531 530 
74 3 655 640 639 
75 3 588 606 591 
76 3 601 584 583 
77 3 627 625 608 
78 3 718 710 723 
79 3 737 740 728 
80 3 709 695 693 
81 3 742 745 754 
82 3 602 619 604 
83 3 682 665 683 
84 3 599 600 617 
85 3 634 650 633 
86 3 664 669 652 
87 3 762 763 775 
88 3 360 383 384 
89 3 758 764 752 
90 3 770 758 761 
91 3 774 762 775 
92 3 777 764 770 
93 3 732 744 733 
94 3 790 779 778 
95 3 797 783 796 
96 3 501 483 500 
97 3 357 358 382 
98 3 451 428 452 
99 3 383 359 381 
100 3 405 380 384 
101 3 399 377 402 
102 3 376 355 354 
103 3 361 360 384 
104 3 466 486 482 
105 3 466 482 462 
106 3 387 395 410 
107 3 421 398 418 
108 3 445 425 448 
109 3 424 447 425 
110 3 467 469 487 
111 3 519 518 538 
112 3 500 504 518 
113 3 488 470 489 
114 3 596 581 599 
115 3 615 635 616 
116 3 581 561 563 
117 3 520 503 501 
118 3 525 507 521 
119 3 503 521 502 
120 3 420 443 442 
121 3 633 632 613 
122 3 635 615 617 
123 3 472 484 490 
124 3 453 430 442 
125 3 491 473 472 
126 3 430 419 442 
127 3 396 397 420 
128 3 464 453 442 
129 3 443 464 442 
130 3 484 472 464 
131 3 445 448 466 
132 3 465 484 464 
133 3 368 350 343 
134 3 348 371 347 
135 3 392 394 373 
136 3 397 396 372 
137 3 398 420 397 
138 3 372 350 373 
139 3 395 396 419 
140 3 395 371 396 
141 3 370 371 395 
142 3 372 396 371 
143 3 274 251 252 
144 3 348 349 372 
145 3 298 323 322 
146 3 347 370 346 
147 3 371 348 372 
148 3 299 298 277 
149 3 318 324 300 
150 3 323 348 322 
151 3 343 349 324 
152 3 350 372 349 
153 3 374 351 355 
154 3 393 374 399 
155 3 368 343 344 
156 3 350 349 343 
157 3 399 422 417 
158 3 343 318 344 
159 3 417 394 392 
160 3 373 397 372 
161 3 368 369 392 
162 3 369 351 374 
163 3 320 345 319 
164 3 302 303 282 
165 3 283 263 282 
166 3 336 352 327 
167 3 320 307 325 
168 3 344 318 319 
169 3 294 320 295 
170 3 293 318 300 
171 3 286 306 294 
172 3 222 243 244 
173 3 309 310 333 
174 3 273 257 272 
175 3 222 244 225 
176 3 206 204 225 
177 3 272 295 273 
178 3 235 226 249 
179 3 264 265 243 
180 3 319 293 295 
181 3 279 258 257 
182 3 256 236 258 
183 3 257 273 279 
184 3 190 170 172 
185 3 206 205 186 
186 3 248 225 244 
187 3 180 166 160 
188 3 227 226 206 
189 3 169 155 152 
190 3 195 216 196 
191 3 259 280 260 
192 3 165 173 168 
193 3 132 131 146 
194 3 196 179 195 
195 3 172 155 169 
196 3 178 159 179 
197 3 133 132 147 
198 3 113 97 114 
199 3 127 140 126 
200 3 143 159 158 
201 3 174 193 177 
202 3 82 83 97 
203 3 139 136 153 
204 3 99 94 110 
205 3 151 168 152 
206 3 173 165 184 
207 3 118 117 133 
208 3 183 161 182 
209 3 147 146 162 
210 3 101 85 91 
211 3 117 108 109 
212 3 92 106 91 
213 3 90 73 74 
214 3 100 118 119 
215 3 100 99 118 
216 3 30 46 31 
217 3 56 42 54 
218 3 63 51 64 
219 3 122 119 134 
220 3 85 88 70 
221 3 104 89 90 
222 3 102 121 104 
223 3 135 148 149 
224 3 132 146 147 
225 3 164 163 183 
226 3 148 147 162 
227 3 183 162 161 
228 3 163 148 162 
229 3 167 161 150 
230 3 162 146 161 
231 3 167 182 161 
232 3 161 146 150 
233 3 212 233 232 
234 3 290 315 316 
235 3 275 277 297 
236 3 338 363 339 
237 3 201 224 202 
238 3 395 387 370 
239 3 434 455 457 
240 3 274 276 296 
241 3 338 346 363 
242 3 592 593 575 
243 3 547 545 565 
244 3 593 576 575 
245 3 619 636 638 
246 3 507 502 521 
247 3 576 583 564 
248 3 585 568 566 
249 3 513 496 495 
250 3 584 567 565 
251 3 548 547 567 
252 3 457 477 478 
253 3 566 548 567 
254 3 479 459 458 
255 3 492 476 474 
256 3 512 509 527 
257 3 508 507 525 
258 3 509 494 492 
259 3 477 457 476 
260 3 390 366 389 
261 3 386 363 370 
262 3 367 341 340 
263 3 362 337 339 
264 3 337 341 315 
265 3 269 291 292 
266 3 315 290 289 
267 3 39 54 38 
268 3 88 72 70 
269 3 32 47 41 
270 3 56 59 45 
271 3 4 7 8 
272 3 30 31 17 
273 3 46 58 43 
274 3 13 23 22 
275 3 43 31 46 
276 3 21 22 40 
277 3 60 48 58 
278 3 86 68 71 
279 3 36 37 19 
280 3 569 570 588 
281 3 515 496 513 
282 3 495 496 478 
283 3 516 532 535 
284 3 532 516 514 
285 3 497 515 514 
286 3 436 412 435 
287 3 458 478 479 
288 3 3 5 1 
289 3 414 413 437 
290 3 461 437 460 
291 3 517 516 536 
292 3 591 590 573 
293 3 534 515 531 
294 3 553 535 550 
295 3 535 536 516 
296 3 534 551 533 
297 3 628 644 627 
298 3 627 608 609 
299 3 553 554 535 
300 3 591 573 588 
301 3 590 572 573 
302 3 624 623 607 
303 3 609 591 606 
304 3 605 587 603 
305 3 587 568 585 
306 3 624 641 623 
307 3 609 606 623 
308 3 661 644 645 
309 3 642 625 627 
310 3 661 645 662 
311 3 644 628 645 
312 3 709 723 710 
313 3 722 709 708 
314 3 742 734 745 
315 3 722 723 709 
316 3 742 754 755 
317 3 745 757 754 
318 3 807 806 795 
319 3 769 757 756 
320 3 745 744 757 
321 3 734 733 745 
322 3 741 731 729 
323 3 694 679 695 
324 3 732 720 731 
325 3 656 672 673 
326 3 686 669 685 
327 3 690 673 689 
328 3 641 645 628 
329 3 675 692 693 
330 3 692 691 707 
331 3 655 656 640 
332 3 620 603 604 
333 3 602 601 618 
334 3 621 620 604 
335 3 637 653 636 
336 3 653 654 638 
337 3 574 580 592 
338 3 618 636 619 
339 3 597 580 579 
340 3 613 598 614 
341 3 667 650 668 
342 3 649 648 632 
343 3 595 610 592 
344 3 647 664 652 
345 3 684 683 667 
346 3 665 648 666 
347 3 681 669 664 
348 3 670 653 652 
349 3 716 704 702 
350 3 686 671 670 
351 3 782 777 770 
352 3 823 816 812 
353 3 765 753 764 
354 3 753 743 741 
355 3 749 737 748 
356 3 738 735 726 
357 3 735 725 724 
358 3 650 634 651 
359 3 667 666 649 
360 3 798 784 797 
361 3 809 796 799 
362 3 783 771 774 
363 3 809 797 796 
364 3 772 760 771 
365 3 820 810 821 
366 3 776 765 777 
367 3 821 809 811 
368 3 782 773 785 
369 3 773 772 784 
370 3 805 800 812 
371 3 782 770 773 
372 3 758 752 746 
373 3 769 765 776 
374 3 756 744 743 
375 3 764 753 752 
376 3 765 756 753 
377 3 767 779 768 
378 3 795 785 798 
379 3 793 790 781 
380 3 848 846 849 
381 3 845 840 839 
382 3 795 794 785 
383 3 839 841 844 
384 3 812 813 823 
385 3 836 828 837 
386 3 830 821 831 
387 3 333 310 334 
388 3 357 382 381 
389 3 383 406 407 
390 3 357 381 359 
391 3 382 406 381 
392 3 335 312 332 
393 3 334 358 333 
394 3 357 332 333 
395 3 310 311 334 
396 3 335 357 359 
397 3 333 358 357 
398 3 312 308 332 
399 3 309 333 332 
400 3 332 308 309 
401 3 327 312 335 
402 3 332 357 335 
403 3 280 301 281 
404 3 301 287 312 
405 3 375 353 352 
406 3 335 359 336 
407 3 353 328 352 
408 3 336 359 360 
409 3 383 360 359 
410 3 356 336 360 
411 3 429 407 406 
412 3 451 452 471 
413 3 406 383 381 
414 3 407 384 383 
415 3 429 405 407 
416 3 401 423 424 
417 3 407 405 384 
418 3 403 423 400 
419 3 379 361 380 
420 3 356 360 361 
421 3 375 379 400 
422 3 356 361 379 
423 3 404 403 380 
424 3 379 380 403 
425 3 426 423 403 
426 3 378 377 355 
427 3 402 424 425 
428 3 402 378 401 
429 3 448 447 467 
430 3 424 423 446 
431 3 449 446 426 
432 3 447 424 446 
433 3 451 450 427 
434 3 446 423 426 
435 3 450 449 427 
436 3 469 467 449 
437 3 470 469 450 
438 3 504 505 523 
439 3 426 427 449 
440 3 426 403 404 
441 3 428 405 429 
442 3 404 380 405 
443 3 428 404 405 
444 3 427 426 404 
445 3 404 428 427 
446 3 429 452 428 
447 3 450 451 471 
448 3 427 428 451 
449 3 470 450 471 
450 3 469 449 450 
451 3 489 470 471 
452 3 489 506 488 
453 3 487 488 505 
454 3 581 563 582 
455 3 561 562 543 
456 3 504 523 518 
457 3 542 543 524 
458 3 470 488 469 
459 3 506 524 505 
460 3 543 538 523 
461 3 539 519 538 
462 3 577 578 559 
463 3 539 538 558 
464 3 561 543 542 
465 3 558 538 543 
466 3 596 577 581 
467 3 558 543 562 
468 3 581 582 600 
469 3 597 596 615 
470 3 581 600 599 
471 3 615 596 599 
472 3 577 559 558 
473 3 617 615 599 
474 3 597 579 578 
475 3 616 597 615 
476 3 616 598 597 
477 3 597 578 596 
478 3 579 560 578 
479 3 559 560 540 
480 3 544 557 564 
481 3 559 540 539 
482 3 557 556 575 
483 3 558 559 539 
484 3 578 560 559 
485 3 581 577 562 
486 3 596 578 577 
487 3 540 520 539 
488 3 501 518 519 
489 3 539 520 519 
490 3 540 522 520 
491 3 560 541 540 
492 3 473 491 475 
493 3 540 541 522 
494 3 560 574 556 
495 3 541 521 522 
496 3 541 556 537 
497 3 502 507 490 
498 3 521 537 525 
499 3 502 490 484 
500 3 490 508 491 
501 3 485 502 484 
502 3 503 522 521 
503 3 485 503 502 
504 3 485 501 503 
505 3 520 501 519 
506 3 483 463 482 
507 3 441 463 444 
508 3 500 518 501 
509 3 462 482 463 
510 3 486 504 500 
511 3 485 483 501 
512 3 485 465 483 
513 3 482 500 483 
514 3 482 486 500 
515 3 468 487 486 
516 3 505 524 523 
517 3 486 487 504 
518 3 488 506 505 
519 3 504 487 505 
520 3 468 467 487 
521 3 448 467 468 
522 3 447 446 467 
523 3 447 448 425 
524 3 468 486 466 
525 3 445 466 462 
526 3 448 468 466 
527 3 417 422 440 
528 3 399 402 422 
529 3 399 374 377 
530 3 320 319 295 
531 3 355 351 331 
532 3 374 393 369 
533 3 392 369 393 
534 3 344 345 369 
535 3 369 345 351 
536 3 344 319 345 
537 3 369 368 344 
538 3 392 373 368 
539 3 393 417 392 
540 3 421 441 444 
541 3 399 417 393 
542 3 440 418 417 
543 3 422 445 440 
544 3 422 425 445 
545 3 441 462 463 
546 3 440 445 462 
547 3 417 418 394 
548 3 440 462 441 
549 3 443 421 444 
550 3 418 440 441 
551 3 464 443 444 
552 3 442 419 420 
553 3 463 465 444 
554 3 485 484 465 
555 3 491 472 490 
556 3 453 464 472 
557 3 386 387 411 
558 3 370 347 371 
559 3 396 420 419 
560 3 398 394 418 
561 3 441 421 418 
562 3 443 420 421 
563 3 420 398 421 
564 3 397 373 398 
565 3 368 373 350 
566 3 394 398 373 
567 3 349 323 324 
568 3 349 348 323 
569 3 321 346 338 
570 3 322 347 346 
571 3 386 370 387 
572 3 363 346 370 
573 3 408 431 412 
574 3 337 315 314 
575 3 432 431 408 
576 3 364 363 386 
577 3 313 338 339 
578 3 363 364 339 
579 3 314 313 339 
580 3 321 322 346 
581 3 276 254 275 
582 3 296 321 313 
583 3 233 254 255 
584 3 321 338 313 
585 3 298 321 297 
586 3 298 322 321 
587 3 230 210 209 
588 3 258 279 278 
589 3 278 277 275 
590 3 299 324 323 
591 3 256 258 278 
592 3 300 324 299 
593 3 278 299 277 
594 3 278 279 300 
595 3 278 300 299 
596 3 279 293 300 
597 3 272 271 294 
598 3 325 351 345 
599 3 295 293 273 
600 3 319 318 293 
601 3 235 257 236 
602 3 249 272 257 
603 3 275 256 278 
604 3 236 257 258 
605 3 253 231 230 
606 3 234 236 256 
607 3 227 250 249 
608 3 328 304 303 
609 3 249 250 272 
610 3 227 225 248 
611 3 250 271 272 
612 3 248 244 266 
613 3 250 248 271 
614 3 250 227 248 
615 3 243 265 244 
616 3 271 248 266 
617 3 294 271 286 
618 3 271 266 286 
619 3 351 325 331 
620 3 286 266 285 
621 3 305 306 286 
622 3 330 353 354 
623 3 294 307 320 
624 3 306 305 330 
625 3 307 294 306 
626 3 295 272 294 
627 3 320 325 345 
628 3 330 354 331 
629 3 307 331 325 
630 3 307 306 330 
631 3 374 355 377 
632 3 331 354 355 
633 3 424 402 401 
634 3 402 377 378 
635 3 376 400 401 
636 3 400 423 401 
637 3 403 400 379 
638 3 401 378 376 
639 3 379 375 356 
640 3 400 376 375 
641 3 355 376 378 
642 3 354 375 376 
643 3 304 328 329 
644 3 375 354 353 
645 3 307 330 331 
646 3 305 329 330 
647 3 305 285 304 
648 3 305 286 285 
649 3 265 266 244 
650 3 282 281 302 
651 3 330 329 353 
652 3 305 304 329 
653 3 326 328 303 
654 3 353 329 328 
655 3 356 352 336 
656 3 356 375 352 
657 3 336 327 335 
658 3 352 328 326 
659 3 301 326 302 
660 3 327 352 326 
661 3 326 301 312 
662 3 280 287 301 
663 3 301 302 281 
664 3 326 303 302 
665 3 261 263 242 
666 3 282 303 283 
667 3 304 284 303 
668 3 284 285 265 
669 3 283 264 263 
670 3 283 284 264 
671 3 303 284 283 
672 3 304 285 284 
673 3 284 265 264 
674 3 285 266 265 
675 3 218 198 219 
676 3 242 264 243 
677 3 220 241 240 
678 3 242 263 264 
679 3 240 241 261 
680 3 261 262 282 
681 3 239 240 261 
682 3 260 280 281 
683 3 282 262 281 
684 3 241 220 238 
685 3 261 241 262 
686 3 241 238 260 
687 3 262 241 260 
688 3 261 242 239 
689 3 222 200 218 
690 3 181 166 180 
691 3 237 259 238 
692 3 219 220 240 
693 3 238 259 260 
694 3 218 200 198 
695 3 180 160 178 
696 3 204 200 222 
697 3 185 181 200 
698 3 239 218 219 
699 3 198 199 219 
700 3 240 239 219 
701 3 221 222 218 
702 3 221 239 242 
703 3 221 218 239 
704 3 243 222 221 
705 3 225 204 222 
706 3 227 206 225 
707 3 185 200 204 
708 3 249 226 227 
709 3 249 257 235 
710 3 253 254 231 
711 3 213 214 235 
712 3 234 235 236 
713 3 231 233 212 
714 3 234 213 235 
715 3 188 169 168 
716 3 235 214 226 
717 3 188 189 169 
718 3 214 205 226 
719 3 253 230 234 
720 3 205 206 226 
721 3 186 184 166 
722 3 206 185 204 
723 3 166 181 185 
724 3 192 184 205 
725 3 166 185 186 
726 3 152 168 169 
727 3 168 151 165 
728 3 184 192 173 
729 3 214 213 192 
730 3 192 188 173 
731 3 192 213 209 
732 3 188 209 189 
733 3 188 192 209 
734 3 123 115 129 
735 3 152 155 153 
736 3 142 151 137 
737 3 152 153 137 
738 3 188 168 173 
739 3 152 137 151 
740 3 142 158 151 
741 3 160 165 151 
742 3 166 165 160 
743 3 166 184 165 
744 3 196 180 178 
745 3 160 151 158 
746 3 196 217 197 
747 3 197 181 180 
748 3 238 220 217 
749 3 199 198 197 
750 3 198 181 197 
751 3 198 200 181 
752 3 206 186 185 
753 3 205 184 186 
754 3 217 199 197 
755 3 220 219 199 
756 3 199 217 220 
757 3 216 237 238 
758 3 215 237 216 
759 3 180 196 197 
760 3 216 238 217 
761 3 179 196 178 
762 3 216 217 196 
763 3 216 195 215 
764 3 179 177 195 
765 3 140 144 130 
766 3 141 156 157 
767 3 178 158 159 
768 3 178 160 158 
769 3 136 123 129 
770 3 145 159 143 
771 3 129 115 130 
772 3 144 159 145 
773 3 112 126 125 
774 3 144 145 130 
775 3 157 140 141 
776 3 124 109 108 
777 3 159 157 177 
778 3 144 140 157 
779 3 193 215 195 
780 3 175 193 174 
781 3 175 176 193 
782 3 194 215 193 
783 3 97 98 114 
784 3 194 193 176 
785 3 141 140 127 
786 3 96 82 97 
787 3 97 83 98 
788 3 126 112 113 
789 3 127 126 113 
790 3 110 111 99 
791 3 114 127 113 
792 3 128 141 127 
793 3 110 112 125 
794 3 96 97 113 
795 3 140 125 126 
796 3 140 130 124 
797 3 95 96 112 
798 3 95 81 96 
799 3 81 67 82 
800 3 81 66 67 
801 3 80 66 81 
802 3 96 81 82 
803 3 95 80 81 
804 3 94 80 95 
805 3 79 65 80 
806 3 112 110 95 
807 3 77 93 78 
808 3 111 110 125 
809 3 94 95 110 
810 3 109 116 117 
811 3 142 129 143 
812 3 111 124 108 
813 3 124 115 109 
814 3 140 124 125 
815 3 108 99 111 
816 3 109 115 116 
817 3 130 145 129 
818 3 125 124 111 
819 3 130 115 124 
820 3 158 142 143 
821 3 170 153 155 
822 3 143 129 145 
823 3 142 137 136 
824 3 142 136 129 
825 3 137 153 136 
826 3 138 131 123 
827 3 116 115 123 
828 3 146 131 138 
829 3 123 136 139 
830 3 123 131 116 
831 3 123 139 138 
832 3 108 117 118 
833 3 116 131 132 
834 3 134 133 147 
835 3 117 116 132 
836 3 118 133 119 
837 3 117 132 133 
838 3 101 91 106 
839 3 119 133 134 
840 3 75 76 91 
841 3 93 100 107 
842 3 122 106 107 
843 3 92 76 78 
844 3 148 135 134 
845 3 120 102 101 
846 3 119 107 100 
847 3 119 122 107 
848 3 118 99 108 
849 3 100 84 99 
850 3 106 92 107 
851 3 77 64 65 
852 3 99 84 94 
853 3 100 93 84 
854 3 94 79 80 
855 3 84 93 77 
856 3 84 77 79 
857 3 78 64 77 
858 3 80 65 66 
859 3 79 77 65 
860 3 78 63 64 
861 3 62 76 75 
862 3 61 54 49 
863 3 34 51 50 
864 3 76 63 78 
865 3 50 51 63 
866 3 93 92 78 
867 3 91 85 75 
868 3 107 92 93 
869 3 91 76 92 
870 3 122 120 106 
871 3 102 88 85 
872 3 70 75 85 
873 3 54 42 38 
874 3 70 54 61 
875 3 50 63 62 
876 3 50 49 33 
877 3 50 62 49 
878 3 50 33 34 
879 3 49 39 33 
880 3 49 54 39 
881 3 62 61 49 
882 3 70 56 54 
883 3 75 61 62 
884 3 75 70 61 
885 3 72 56 70 
886 3 72 59 56 
887 3 88 90 72 
888 3 88 104 90 
889 3 103 89 104 
890 3 103 87 86 
891 3 120 121 102 
892 3 104 88 102 
893 3 135 121 120 
894 3 103 104 121 
895 3 106 120 101 
896 3 122 134 135 
897 3 122 135 120 
898 3 148 163 149 
899 3 103 121 105 
900 3 103 86 89 
901 3 55 52 40 
902 3 201 207 224 
903 3 223 247 224 
904 3 291 290 316 
905 3 223 246 247 
906 3 292 291 317 
907 3 228 245 223 
908 3 246 270 247 
909 3 245 246 223 
910 3 245 268 269 
911 3 229 207 208 
912 3 223 224 207 
913 3 183 182 202 
914 3 208 207 201 
915 3 171 187 167 
916 3 201 202 182 
917 3 203 183 202 
918 3 163 162 183 
919 3 149 163 164 
920 3 190 187 171 
921 3 208 201 187 
922 3 154 171 167 
923 3 187 182 167 
924 3 150 154 167 
925 3 210 189 209 
926 3 138 154 150 
927 3 139 153 154 
928 3 154 138 139 
929 3 150 146 138 
930 3 154 170 171 
931 3 154 153 170 
932 3 190 172 191 
933 3 170 155 172 
934 3 190 191 211 
935 3 172 189 191 
936 3 208 190 211 
937 3 171 170 190 
938 3 190 208 187 
939 3 211 232 229 
940 3 211 229 208 
941 3 252 255 274 
942 3 254 233 231 
943 3 232 211 212 
944 3 191 212 211 
945 3 191 189 210 
946 3 210 231 212 
947 3 234 256 253 
948 3 213 230 209 
949 3 212 191 210 
950 3 234 230 213 
951 3 231 210 230 
952 3 275 253 256 
953 3 275 254 253 
954 3 297 276 275 
955 3 288 296 313 
956 3 252 229 232 
957 3 232 233 255 
958 3 296 276 297 
959 3 255 254 276 
960 3 321 296 297 
961 3 288 289 267 
962 3 290 268 289 
963 3 255 276 274 
964 3 267 251 274 
965 3 245 228 251 
966 3 228 252 251 
967 3 232 255 252 
968 3 229 228 207 
969 3 229 252 228 
970 3 246 269 270 
971 3 246 245 269 
972 3 267 268 251 
973 3 290 291 268 
974 3 296 288 274 
975 3 289 268 267 
976 3 337 314 339 
977 3 315 289 314 
978 3 314 288 313 
979 3 267 274 288 
980 3 579 574 560 
981 3 579 580 574 
982 3 560 556 541 
983 3 574 575 556 
984 3 526 525 544 
985 3 521 541 537 
986 3 544 525 537 
987 3 526 510 508 
988 3 507 508 490 
989 3 493 509 492 
990 3 526 508 525 
991 3 493 491 508 
992 3 493 475 491 
993 3 458 457 478 
994 3 545 526 544 
995 3 510 493 508 
996 3 557 544 537 
997 3 564 545 544 
998 3 556 557 537 
999 3 575 576 557 
1000 3 565 545 564 
1001 3 547 548 529 
1002 3 510 528 511 
1003 3 526 545 528 
1004 3 593 594 576 
1005 3 593 610 611 
1006 3 564 583 565 
1007 3 618 612 631 
1008 3 545 547 528 
1009 3 565 567 547 
1010 3 513 512 530 
1011 3 512 494 509 
1012 3 546 529 548 
1013 3 527 511 529 
1014 3 510 509 493 
1015 3 511 527 509 
1016 3 528 510 526 
1017 3 511 509 510 
1018 3 493 492 475 
1019 3 494 477 476 
1020 3 456 476 455 
1021 3 476 457 455 
1022 3 432 456 455 
1023 3 492 494 476 
1024 3 435 431 434 
1025 3 385 408 388 
1026 3 435 434 458 
1027 3 431 455 434 
1028 3 495 477 494 
1029 3 495 478 477 
1030 3 437 413 436 
1031 3 365 388 389 
1032 3 436 413 412 
1033 3 413 390 389 
1034 3 435 412 431 
1035 3 365 366 340 
1036 3 413 389 412 
1037 3 413 414 390 
1038 3 386 409 385 
1039 3 412 389 388 
1040 3 385 409 408 
1041 3 432 455 431 
1042 3 337 362 340 
1043 3 362 385 365 
1044 3 409 432 408 
1045 3 433 410 430 
1046 3 411 433 432 
1047 3 454 453 473 
1048 3 456 474 476 
1049 3 454 430 453 
1050 3 472 473 453 
1051 3 475 474 473 
1052 3 456 454 474 
1053 3 433 411 410 
1054 3 456 433 454 
1055 3 456 432 433 
1056 3 411 409 386 
1057 3 411 432 409 
1058 3 365 385 388 
1059 3 364 386 385 
1060 3 364 362 339 
1061 3 340 341 337 
1062 3 268 291 269 
1063 3 316 342 317 
1064 3 385 362 364 
1065 3 365 340 362 
1066 3 316 341 342 
1067 3 316 315 341 
1068 3 291 316 317 
1069 3 19 37 20 
1070 3 68 69 52 
1071 3 270 269 292 
1072 3 87 68 86 
1073 3 87 69 68 
1074 3 52 69 53 
1075 3 89 71 73 
1076 3 68 52 55 
1077 3 90 74 72 
1078 3 73 71 57 
1079 3 74 59 72 
1080 3 74 58 59 
1081 3 56 45 42 
1082 3 59 46 45 
1083 3 42 24 38 
1084 3 42 29 24 
1085 3 45 46 30 
1086 3 29 16 24 
1087 3 48 60 47 
1088 3 74 73 60 
1089 3 73 57 60 
1090 3 71 68 55 
1091 3 47 55 41 
1092 3 57 71 55 
1093 3 35 40 52 
1094 3 41 55 40 
1095 3 57 47 60 
1096 3 57 55 47 
1097 3 27 44 32 
1098 3 58 74 60 
1099 3 44 58 48 
1100 3 46 59 58 
1101 3 29 30 16 
1102 3 29 45 30 
1103 3 30 17 16 
1104 3 31 43 25 
1105 3 44 43 58 
1106 3 44 28 43 
1107 3 32 44 48 
1108 3 27 28 44 
1109 3 14 27 23 
1110 3 48 47 32 
1111 3 12 21 11 
1112 3 22 41 40 
1113 3 8 18 19 
1114 3 21 40 35 
1115 3 8 19 9 
1116 3 18 35 36 
1117 3 19 20 9 
1118 3 53 35 52 
1119 3 18 21 35 
1120 3 18 36 19 
1121 3 35 53 36 
1122 3 415 391 390 
1123 3 342 341 367 
1124 3 20 10 9 
1125 3 367 366 391 
1126 3 415 390 414 
1127 3 391 366 390 
1128 3 6 5 3 
1129 3 530 512 527 
1130 3 495 494 512 
1131 3 435 458 459 
1132 3 434 457 458 
1133 3 459 436 435 
1134 3 437 438 414 
1135 3 513 530 531 
1136 3 527 529 546 
1137 3 512 513 495 
1138 3 531 515 513 
1139 3 438 461 439 
1140 3 8 9 4 
1141 3 6 10 5 
1142 3 459 460 436 
1143 3 438 415 414 
1144 3 5 2 1 
1145 3 4 6 3 
1146 3 9 10 6 
1147 3 18 8 11 
1148 3 9 6 4 
1149 3 12 22 21 
1150 3 23 41 22 
1151 3 23 27 32 
1152 3 28 26 43 
1153 3 17 31 25 
1154 3 25 43 26 
1155 3 14 15 27 
1156 3 27 15 28 
1157 3 8 7 11 
1158 3 13 22 12 
1159 3 436 460 437 
1160 3 459 479 480 
1161 3 498 480 479 
1162 3 460 459 480 
1163 3 437 461 438 
1164 3 460 480 481 
1165 3 14 23 13 
1166 3 416 438 439 
1167 3 461 460 481 
1168 3 481 480 499 
1169 3 499 498 517 
1170 3 479 496 497 
1171 3 535 554 536 
1172 3 532 550 535 
1173 3 555 573 572 
1174 3 498 516 517 
1175 3 514 515 533 
1176 3 498 514 516 
1177 3 497 496 515 
1178 3 498 497 514 
1179 3 498 479 497 
1180 3 550 533 551 
1181 3 532 514 533 
1182 3 552 570 551 
1183 3 533 515 534 
1184 3 550 551 569 
1185 3 570 571 589 
1186 3 553 550 555 
1187 3 532 533 550 
1188 3 555 572 553 
1189 3 608 591 609 
1190 3 608 590 591 
1191 3 628 627 609 
1192 3 644 642 627 
1193 3 658 644 661 
1194 3 626 642 643 
1195 3 626 625 642 
1196 3 641 628 623 
1197 3 628 609 623 
1198 3 622 624 607 
1199 3 623 606 607 
1200 3 605 589 587 
1201 3 607 606 589 
1202 3 555 569 573 
1203 3 589 606 588 
1204 3 534 552 551 
1205 3 589 588 570 
1206 3 550 569 555 
1207 3 551 570 569 
1208 3 552 571 570 
1209 3 587 589 571 
1210 3 531 549 534 
1211 3 549 546 566 
1212 3 552 568 571 
1213 3 552 534 549 
1214 3 546 549 530 
1215 3 568 552 549 
1216 3 527 546 530 
1217 3 548 566 546 
1218 3 586 566 567 
1219 3 568 549 566 
1220 3 604 586 602 
1221 3 603 585 586 
1222 3 586 585 566 
1223 3 603 587 585 
1224 3 568 587 571 
1225 3 603 620 605 
1226 3 622 605 620 
1227 3 607 589 605 
1228 3 605 622 607 
1229 3 640 657 641 
1230 3 621 639 620 
1231 3 640 624 622 
1232 3 621 604 619 
1233 3 603 586 604 
1234 3 567 584 586 
1235 3 601 594 612 
1236 3 583 584 565 
1237 3 602 586 584 
1238 3 593 611 594 
1239 3 663 648 665 
1240 3 584 601 602 
1241 3 583 594 601 
1242 3 602 618 619 
1243 3 601 612 618 
1244 3 638 621 619 
1245 3 639 640 622 
1246 3 638 639 621 
1247 3 654 670 671 
1248 3 656 674 657 
1249 3 660 645 657 
1250 3 676 658 661 
1251 3 675 660 674 
1252 3 661 662 679 
1253 3 645 660 662 
1254 3 640 641 624 
1255 3 657 645 641 
1256 3 694 677 676 
1257 3 658 642 644 
1258 3 676 677 659 
1259 3 643 642 658 
1260 3 643 658 659 
1261 3 659 658 676 
1262 3 679 676 661 
1263 3 679 694 676 
1264 3 703 687 694 
1265 3 677 694 687 
1266 3 703 710 718 
1267 3 695 709 710 
1268 3 708 721 722 
1269 3 694 695 710 
1270 3 679 662 678 
1271 3 679 678 695 
1272 3 675 674 691 
1273 3 693 708 709 
1274 3 733 744 745 
1275 3 707 721 708 
1276 3 702 704 688 
1277 3 732 733 721 
1278 3 734 723 722 
1279 3 730 734 742 
1280 3 718 723 730 
1281 3 755 767 768 
1282 3 754 757 766 
1283 3 778 766 769 
1284 3 767 754 766 
1285 3 768 779 780 
1286 3 767 766 778 
1287 3 793 802 790 
1288 3 779 767 778 
1289 3 780 779 791 
1290 3 778 769 781 
1291 3 766 757 769 
1292 3 769 756 765 
1293 3 757 744 756 
1294 3 720 719 731 
1295 3 753 756 743 
1296 3 707 720 721 
1297 3 743 744 732 
1298 3 722 733 734 
1299 3 722 721 733 
1300 3 721 720 732 
1301 3 707 690 706 
1302 3 725 728 716 
1303 3 720 706 719 
1304 3 752 741 740 
1305 3 743 732 731 
1306 3 753 741 752 
1307 3 743 731 741 
1308 3 741 729 740 
1309 3 731 719 729 
1310 3 737 728 736 
1311 3 714 699 715 
1312 3 736 728 725 
1313 3 740 729 728 
1314 3 729 717 728 
1315 3 688 705 689 
1316 3 717 704 716 
1317 3 719 705 704 
1318 3 728 717 716 
1319 3 729 719 717 
1320 3 701 702 685 
1321 3 704 705 688 
1322 3 705 690 689 
1323 3 707 691 690 
1324 3 707 706 720 
1325 3 690 705 706 
1326 3 690 691 673 
1327 3 707 708 692 
1328 3 693 692 708 
1329 3 693 678 675 
1330 3 695 678 693 
1331 3 662 660 678 
1332 3 692 675 691 
1333 3 678 660 675 
1334 3 640 656 657 
1335 3 673 691 674 
1336 3 654 672 655 
1337 3 673 674 656 
1338 3 671 672 654 
1339 3 689 673 672 
1340 3 638 655 639 
1341 3 672 656 655 
1342 3 638 654 655 
1343 3 638 636 653 
1344 3 631 630 647 
1345 3 670 654 653 
1346 3 669 686 670 
1347 3 689 672 671 
1348 3 680 681 664 
1349 3 669 670 652 
1350 3 637 647 652 
1351 3 680 682 696 
1352 3 631 647 637 
1353 3 646 663 647 
1354 3 653 637 652 
1355 3 636 618 631 
1356 3 611 630 612 
1357 3 629 632 646 
1358 3 636 631 637 
1359 3 612 630 631 
1360 3 594 611 612 
1361 3 610 629 611 
1362 3 611 629 630 
1363 3 610 595 613 
1364 3 574 592 575 
1365 3 580 595 592 
1366 3 598 595 580 
1367 3 649 650 667 
1368 3 597 598 580 
1369 3 616 635 634 
1370 3 613 614 633 
1371 3 598 616 614 
1372 3 632 633 649 
1373 3 614 634 633 
1374 3 610 613 629 
1375 3 595 598 613 
1376 3 646 632 648 
1377 3 629 613 632 
1378 3 630 646 647 
1379 3 630 629 646 
1380 3 647 663 664 
1381 3 646 648 663 
1382 3 648 649 666 
1383 3 633 650 649 
1384 3 684 667 668 
1385 3 684 700 683 
1386 3 616 634 614 
1387 3 651 668 650 
1388 3 635 651 634 
1389 3 683 665 666 
1390 3 700 699 683 
1391 3 667 683 666 
1392 3 700 715 699 
1393 3 711 696 698 
1394 3 682 683 699 
1395 3 698 682 699 
1396 3 696 681 680 
1397 3 727 713 714 
1398 3 681 685 669 
1399 3 712 711 724 
1400 3 697 685 681 
1401 3 698 696 682 
1402 3 711 701 697 
1403 3 663 680 664 
1404 3 696 697 681 
1405 3 665 680 663 
1406 3 665 682 680 
1407 3 702 686 685 
1408 3 688 671 686 
1409 3 686 702 688 
1410 3 701 716 702 
1411 3 711 697 696 
1412 3 701 685 697 
1413 3 716 712 725 
1414 3 701 711 712 
1415 3 712 724 725 
1416 3 711 698 713 
1417 3 761 758 749 
1418 3 752 740 746 
1419 3 749 758 746 
1420 3 770 764 758 
1421 3 793 781 788 
1422 3 765 764 777 
1423 3 772 761 760 
1424 3 773 770 761 
1425 3 794 782 785 
1426 3 789 777 782 
1427 3 772 771 783 
1428 3 760 759 771 
1429 3 748 759 760 
1430 3 713 724 711 
1431 3 749 748 760 
1432 3 747 735 738 
1433 3 748 737 736 
1434 3 746 740 737 
1435 3 761 749 760 
1436 3 746 737 749 
1437 3 747 736 735 
1438 3 736 725 735 
1439 3 738 726 739 
1440 3 735 724 726 
1441 3 714 713 698 
1442 3 726 724 713 
1443 3 699 714 698 
1444 3 715 727 714 
1445 3 726 713 727 
1446 3 726 727 739 
1447 3 762 750 763 
1448 3 747 748 736 
1449 3 751 738 739 
1450 3 747 759 748 
1451 3 751 750 738 
1452 3 751 763 750 
1453 3 750 747 738 
1454 3 750 759 747 
1455 3 798 797 810 
1456 3 797 784 783 
1457 3 799 786 787 
1458 3 796 783 786 
1459 3 783 774 786 
1460 3 771 762 774 
1461 3 787 774 775 
1462 3 759 762 771 
1463 3 759 750 762 
1464 3 786 774 787 
1465 3 809 799 811 
1466 3 796 786 799 
1467 3 821 810 809 
1468 3 822 821 811 
1469 3 810 797 809 
1470 3 831 821 822 
1471 3 830 820 821 
1472 3 844 841 846 
1473 3 838 830 831 
1474 3 829 819 820 
1475 3 818 819 827 
1476 3 820 808 810 
1477 3 784 772 783 
1478 3 785 784 798 
1479 3 785 773 784 
1480 3 806 794 795 
1481 3 801 789 794 
1482 3 808 795 798 
1483 3 807 819 818 
1484 3 810 808 798 
1485 3 835 836 841 
1486 3 820 819 808 
1487 3 820 830 829 
1488 3 838 829 830 
1489 3 838 843 837 
1490 3 842 841 836 
1491 3 838 837 829 
1492 3 837 842 836 
1493 3 828 836 827 
1494 3 837 843 842 
1495 3 847 842 843 
1496 3 846 841 842 
1497 3 842 847 846 
1498 3 834 832 840 
1499 3 827 836 835 
1500 3 833 832 826 
1501 3 812 800 801 
1502 3 828 827 819 
1503 3 835 826 827 
1504 3 807 818 806 
1505 3 827 826 818 
1506 3 829 828 819 
1507 3 829 837 828 
1508 3 808 807 795 
1509 3 808 819 807 
1510 3 817 813 806 
1511 3 801 794 806 
1512 3 813 812 801 
1513 3 800 789 801 
1514 3 794 789 782 
1515 3 788 776 777 
1516 3 789 788 777 
1517 3 781 769 776 
1518 3 814 802 805 
1519 3 781 776 788 
1520 3 800 788 789 
1521 3 800 793 788 
1522 3 806 813 801 
1523 3 816 805 812 
1524 3 818 817 806 
1525 3 817 826 823 
1526 3 826 817 818 
1527 3 826 832 823 
1528 3 823 825 816 
1529 3 824 816 825 
1530 3 814 805 816 
1531 3 793 800 805 
1532 3 824 814 816 
1533 3 791 779 790 
1534 3 805 802 793 
1535 3 803 804 791 
1536 3 781 790 778 
1537 3 791 792 780 
1538 3 802 803 790 
1539 3 803 814 815 
1540 3 792 791 804 
1541 3 790 803 791 
1542 3 802 814 803 
1543 3 804 803 815 
1544 3 834 824 825 
1545 3 815 814 824 
1546 3 835 833 826 
1547 3 834 825 832 
1548 3 832 833 840 
1549 3 835 841 839 
1550 3 839 833 835 
1551 3 839 840 833 
1552 3 817 823 813 
1553 3 832 825 823 
1554 3 839 844 845 
1555 3 846 847 849 
1556 3 844 846 848 
1557 3 848 845 844 
0 = Number of open boundaries 
0 = Total number of open boundary nodes 
0  !
0  !
0  !
0  !
