OceanMesh2D
23097
1
primitive_weighting_in_continuity_equation
unitless
1
3.000000000e-02 
primitive_weighting_in_continuity_equation
3986
13967 3.000000000e-02
13966 3.000000000e-02
13756 3.000000000e-02
14177 3.000000000e-02
13964 3.000000000e-02
13752 3.000000000e-02
13962 3.000000000e-02
13751 3.000000000e-02
13545 3.000000000e-02
13963 3.000000000e-02
13750 3.000000000e-02
13541 3.000000000e-02
13749 3.000000000e-02
13747 3.000000000e-02
13748 3.000000000e-02
13332 3.000000000e-02
13540 3.000000000e-02
13329 3.000000000e-02
13740 3.000000000e-02
13536 3.000000000e-02
13538 3.000000000e-02
13530 3.000000000e-02
13529 3.000000000e-02
13537 3.000000000e-02
13318 3.000000000e-02
13111 3.000000000e-02
13325 3.000000000e-02
12896 3.000000000e-02
13117 3.000000000e-02
12898 3.000000000e-02
12679 3.000000000e-02
12684 3.000000000e-02
12900 3.000000000e-02
13113 3.000000000e-02
12453 3.000000000e-02
12680 3.000000000e-02
12660 3.000000000e-02
12425 3.000000000e-02
12426 3.000000000e-02
12184 3.000000000e-02
12659 3.000000000e-02
12424 3.000000000e-02
12423 3.000000000e-02
12181 3.000000000e-02
12657 3.000000000e-02
12422 3.000000000e-02
12886 3.000000000e-02
12421 3.000000000e-02
12656 3.000000000e-02
13327 3.000000000e-02
12180 3.000000000e-02
12420 3.000000000e-02
12179 3.000000000e-02
9008 3.000000000e-02
8594 3.000000000e-02
8769 3.000000000e-02
8515 3.000000000e-02
8536 3.000000000e-02
8768 3.000000000e-02
8328 3.000000000e-02
8272 3.000000000e-02
8784 3.000000000e-02
8783 3.000000000e-02
9466 3.000000000e-02
8255 3.000000000e-02
8525 3.000000000e-02
8257 3.000000000e-02
8782 3.000000000e-02
8256 3.000000000e-02
8526 3.000000000e-02
8253 3.000000000e-02
8776 3.000000000e-02
9017 3.000000000e-02
9013 3.000000000e-02
8524 3.000000000e-02
8254 3.000000000e-02
9012 3.000000000e-02
8775 3.000000000e-02
9498 3.000000000e-02
8252 3.000000000e-02
9267 3.000000000e-02
9497 3.000000000e-02
9740 3.000000000e-02
9743 3.000000000e-02
8523 3.000000000e-02
16302 3.000000000e-02
16299 3.000000000e-02
9266 3.000000000e-02
9500 3.000000000e-02
9742 3.000000000e-02
7650 3.000000000e-02
16106 3.000000000e-02
16107 3.000000000e-02
16301 3.000000000e-02
16104 3.000000000e-02
9744 3.000000000e-02
9501 3.000000000e-02
9276 3.000000000e-02
9239 3.000000000e-02
15914 3.000000000e-02
16105 3.000000000e-02
16116 3.000000000e-02
15912 3.000000000e-02
9268 3.000000000e-02
9236 3.000000000e-02
9047 3.000000000e-02
9507 3.000000000e-02
9275 3.000000000e-02
9016 3.000000000e-02
15913 3.000000000e-02
15718 3.000000000e-02
16115 3.000000000e-02
15924 3.000000000e-02
15923 3.000000000e-02
15911 3.000000000e-02
15727 3.000000000e-02
9046 3.000000000e-02
9506 3.000000000e-02
9274 3.000000000e-02
15717 3.000000000e-02
15716 3.000000000e-02
15925 3.000000000e-02
15922 3.000000000e-02
15729 3.000000000e-02
15715 3.000000000e-02
15531 3.000000000e-02
15532 3.000000000e-02
15328 3.000000000e-02
8814 3.000000000e-02
9273 3.000000000e-02
9270 3.000000000e-02
9011 3.000000000e-02
7016 3.000000000e-02
7015 3.000000000e-02
6698 3.000000000e-02
15512 3.000000000e-02
15511 3.000000000e-02
15728 3.000000000e-02
15525 3.000000000e-02
15325 3.000000000e-02
15326 3.000000000e-02
9503 3.000000000e-02
9271 3.000000000e-02
9504 3.000000000e-02
7335 3.000000000e-02
7324 3.000000000e-02
7009 3.000000000e-02
6695 3.000000000e-02
15306 3.000000000e-02
15305 3.000000000e-02
15510 3.000000000e-02
15524 3.000000000e-02
15522 3.000000000e-02
15113 3.000000000e-02
15117 3.000000000e-02
9511 3.000000000e-02
8813 3.000000000e-02
9043 3.000000000e-02
9272 3.000000000e-02
9502 3.000000000e-02
7638 3.000000000e-02
5791 3.000000000e-02
6696 3.000000000e-02
6390 3.000000000e-02
6088 3.000000000e-02
15097 3.000000000e-02
15316 3.000000000e-02
15318 3.000000000e-02
9281 3.000000000e-02
8563 3.000000000e-02
8809 3.000000000e-02
9269 3.000000000e-02
7325 3.000000000e-02
7010 3.000000000e-02
5788 3.000000000e-02
6085 3.000000000e-02
6387 3.000000000e-02
5787 3.000000000e-02
12086 3.000000000e-02
15109 3.000000000e-02
15317 3.000000000e-02
15315 3.000000000e-02
15111 3.000000000e-02
8811 3.000000000e-02
9044 3.000000000e-02
9045 3.000000000e-02
9048 3.000000000e-02
7947 3.000000000e-02
7323 3.000000000e-02
6084 3.000000000e-02
6693 3.000000000e-02
5789 3.000000000e-02
11862 3.000000000e-02
12085 3.000000000e-02
11858 3.000000000e-02
14897 3.000000000e-02
14898 3.000000000e-02
8810 3.000000000e-02
8812 3.000000000e-02
8815 3.000000000e-02
6694 3.000000000e-02
7008 3.000000000e-02
7321 3.000000000e-02
6086 3.000000000e-02
6388 3.000000000e-02
10840 3.000000000e-02
11645 3.000000000e-02
11429 3.000000000e-02
11217 3.000000000e-02
12082 3.000000000e-02
11857 3.000000000e-02
14695 3.000000000e-02
14895 3.000000000e-02
15107 3.000000000e-02
15110 3.000000000e-02
15108 3.000000000e-02
6692 3.000000000e-02
7006 3.000000000e-02
6385 3.000000000e-02
10837 3.000000000e-02
10469 3.000000000e-02
10472 3.000000000e-02
10656 3.000000000e-02
10835 3.000000000e-02
11427 3.000000000e-02
11218 3.000000000e-02
10833 3.000000000e-02
11024 3.000000000e-02
11854 3.000000000e-02
11643 3.000000000e-02
14690 3.000000000e-02
14894 3.000000000e-02
15106 3.000000000e-02
14899 3.000000000e-02
10276 3.000000000e-02
6691 3.000000000e-02
7005 3.000000000e-02
7007 3.000000000e-02
7322 3.000000000e-02
10653 3.000000000e-02
10832 3.000000000e-02
10470 3.000000000e-02
10651 3.000000000e-02
10652 3.000000000e-02
11428 3.000000000e-02
11216 3.000000000e-02
11023 3.000000000e-02
11642 3.000000000e-02
11426 3.000000000e-02
14689 3.000000000e-02
14893 3.000000000e-02
14696 3.000000000e-02
14896 3.000000000e-02
10454 3.000000000e-02
5090 3.000000000e-02
4876 3.000000000e-02
6690 3.000000000e-02
7004 3.000000000e-02
7320 3.000000000e-02
7636 3.000000000e-02
10642 3.000000000e-02
10456 3.000000000e-02
5089 3.000000000e-02
5083 3.000000000e-02
11420 3.000000000e-02
11213 3.000000000e-02
10643 3.000000000e-02
8443 3.000000000e-02
5088 3.000000000e-02
5317 3.000000000e-02
5312 3.000000000e-02
5311 3.000000000e-02
8780 3.000000000e-02
10831 3.000000000e-02
10827 3.000000000e-02
11852 3.000000000e-02
5316 3.000000000e-02
5566 3.000000000e-02
5848 3.000000000e-02
8520 3.000000000e-02
7329 3.000000000e-02
10828 3.000000000e-02
11423 3.000000000e-02
5562 3.000000000e-02
5847 3.000000000e-02
5310 3.000000000e-02
8269 3.000000000e-02
11019 3.000000000e-02
11017 3.000000000e-02
5850 3.000000000e-02
5561 3.000000000e-02
5565 3.000000000e-02
5082 3.000000000e-02
11210 3.000000000e-02
5564 3.000000000e-02
4875 3.000000000e-02
5087 3.000000000e-02
7950 3.000000000e-02
5563 3.000000000e-02
5314 3.000000000e-02
5315 3.000000000e-02
8679 3.000000000e-02
13855 3.000000000e-02
8927 3.000000000e-02
9394 3.000000000e-02
5085 3.000000000e-02
5086 3.000000000e-02
8271 3.000000000e-02
8136 3.000000000e-02
9171 3.000000000e-02
5084 3.000000000e-02
4874 3.000000000e-02
7675 3.000000000e-02
7680 3.000000000e-02
11421 3.000000000e-02
4873 3.000000000e-02
4691 3.000000000e-02
4690 3.000000000e-02
4688 3.000000000e-02
7362 3.000000000e-02
7366 3.000000000e-02
7367 3.000000000e-02
14285 3.000000000e-02
9161 3.000000000e-02
4689 3.000000000e-02
4512 3.000000000e-02
4510 3.000000000e-02
7051 3.000000000e-02
7050 3.000000000e-02
7679 3.000000000e-02
7678 3.000000000e-02
7365 3.000000000e-02
6736 3.000000000e-02
7781 3.000000000e-02
7454 3.000000000e-02
7049 3.000000000e-02
7133 3.000000000e-02
7135 3.000000000e-02
7455 3.000000000e-02
7134 3.000000000e-02
7136 3.000000000e-02
10066 3.000000000e-02
10069 3.000000000e-02
7456 3.000000000e-02
7140 3.000000000e-02
8415 3.000000000e-02
13429 3.000000000e-02
7782 3.000000000e-02
7459 3.000000000e-02
13639 3.000000000e-02
13424 3.000000000e-02
13215 3.000000000e-02
7785 3.000000000e-02
13206 3.000000000e-02
13204 3.000000000e-02
13423 3.000000000e-02
13205 3.000000000e-02
12989 3.000000000e-02
13001 3.000000000e-02
12776 3.000000000e-02
8096 3.000000000e-02
7139 3.000000000e-02
7783 3.000000000e-02
8095 3.000000000e-02
8666 3.000000000e-02
7458 3.000000000e-02
7170 3.000000000e-02
7784 3.000000000e-02
6860 3.000000000e-02
7480 3.000000000e-02
7171 3.000000000e-02
7169 3.000000000e-02
7794 3.000000000e-02
6540 3.000000000e-02
6848 3.000000000e-02
6518 3.000000000e-02
6831 3.000000000e-02
6517 3.000000000e-02
7477 3.000000000e-02
6830 3.000000000e-02
6516 3.000000000e-02
7467 3.000000000e-02
6515 3.000000000e-02
6203 3.000000000e-02
7149 3.000000000e-02
6514 3.000000000e-02
7148 3.000000000e-02
6202 3.000000000e-02
6828 3.000000000e-02
6201 3.000000000e-02
6512 3.000000000e-02
6827 3.000000000e-02
5358 3.000000000e-02
5901 3.000000000e-02
5619 3.000000000e-02
5627 3.000000000e-02
5628 3.000000000e-02
6513 3.000000000e-02
6208 3.000000000e-02
7147 3.000000000e-02
5118 3.000000000e-02
5354 3.000000000e-02
5362 3.000000000e-02
5618 3.000000000e-02
5913 3.000000000e-02
5902 3.000000000e-02
5369 3.000000000e-02
5922 3.000000000e-02
5631 3.000000000e-02
6519 3.000000000e-02
6209 3.000000000e-02
6210 3.000000000e-02
6832 3.000000000e-02
7150 3.000000000e-02
7465 3.000000000e-02
5616 3.000000000e-02
5352 3.000000000e-02
5614 3.000000000e-02
5621 3.000000000e-02
5623 3.000000000e-02
5622 3.000000000e-02
5620 3.000000000e-02
6218 3.000000000e-02
5630 3.000000000e-02
5924 3.000000000e-02
6520 3.000000000e-02
6521 3.000000000e-02
6834 3.000000000e-02
7151 3.000000000e-02
7468 3.000000000e-02
7791 3.000000000e-02
5611 3.000000000e-02
5356 3.000000000e-02
5613 3.000000000e-02
5915 3.000000000e-02
5914 3.000000000e-02
5907 3.000000000e-02
5923 3.000000000e-02
6221 3.000000000e-02
6833 3.000000000e-02
5911 3.000000000e-02
5906 3.000000000e-02
5617 3.000000000e-02
5910 3.000000000e-02
6216 3.000000000e-02
6213 3.000000000e-02
6524 3.000000000e-02
6523 3.000000000e-02
5909 3.000000000e-02
5908 3.000000000e-02
6215 3.000000000e-02
5912 3.000000000e-02
7469 3.000000000e-02
6212 3.000000000e-02
6214 3.000000000e-02
7470 3.000000000e-02
2077 5.000000000e-03
2252 5.000000000e-03
2250 5.000000000e-03
2402 5.000000000e-03
2411 5.000000000e-03
2410 5.000000000e-03
2407 5.000000000e-03
2406 5.000000000e-03
2558 5.000000000e-03
2562 5.000000000e-03
2563 5.000000000e-03
2561 5.000000000e-03
2560 5.000000000e-03
2701 5.000000000e-03
2691 5.000000000e-03
2690 5.000000000e-03
2704 5.000000000e-03
2703 5.000000000e-03
2702 5.000000000e-03
2822 5.000000000e-03
2821 5.000000000e-03
2816 5.000000000e-03
2815 5.000000000e-03
2824 5.000000000e-03
2823 5.000000000e-03
2932 5.000000000e-03
2931 5.000000000e-03
2936 5.000000000e-03
3031 5.000000000e-03
2818 5.000000000e-03
2928 5.000000000e-03
2933 5.000000000e-03
3029 5.000000000e-03
3028 5.000000000e-03
3032 5.000000000e-03
3118 5.000000000e-03
3394 5.000000000e-03
3496 5.000000000e-03
3497 5.000000000e-03
3605 5.000000000e-03
2817 5.000000000e-03
2929 5.000000000e-03
3027 5.000000000e-03
3030 5.000000000e-03
3117 5.000000000e-03
3119 5.000000000e-03
3204 5.000000000e-03
3292 5.000000000e-03
3393 5.000000000e-03
3495 5.000000000e-03
3604 5.000000000e-03
3710 5.000000000e-03
3719 5.000000000e-03
3717 5.000000000e-03
3716 5.000000000e-03
3722 5.000000000e-03
2926 5.000000000e-03
2927 5.000000000e-03
3026 5.000000000e-03
3116 5.000000000e-03
3203 5.000000000e-03
3205 5.000000000e-03
3391 5.000000000e-03
3295 5.000000000e-03
3494 5.000000000e-03
3603 5.000000000e-03
3718 5.000000000e-03
3711 5.000000000e-03
3715 5.000000000e-03
3838 5.000000000e-03
3839 5.000000000e-03
3840 5.000000000e-03
3841 5.000000000e-03
3844 5.000000000e-03
3843 5.000000000e-03
3842 5.000000000e-03
3846 5.000000000e-03
2925 5.000000000e-03
3022 5.000000000e-03
3025 5.000000000e-03
3115 5.000000000e-03
3202 5.000000000e-03
3294 5.000000000e-03
3392 5.000000000e-03
3023 5.000000000e-03
3493 5.000000000e-03
3602 5.000000000e-03
3714 5.000000000e-03
3597 5.000000000e-03
3596 5.000000000e-03
3961 5.000000000e-03
3962 5.000000000e-03
3963 5.000000000e-03
3965 5.000000000e-03
3964 5.000000000e-03
3966 5.000000000e-03
3018 5.000000000e-03
3021 5.000000000e-03
3017 5.000000000e-03
3110 5.000000000e-03
3198 5.000000000e-03
3291 5.000000000e-03
3390 5.000000000e-03
3109 5.000000000e-03
3492 5.000000000e-03
3595 5.000000000e-03
3486 5.000000000e-03
3485 5.000000000e-03
7157 3.000000000e-02
6840 3.000000000e-02
10263 3.000000000e-02
4092 5.000000000e-03
4093 5.000000000e-03
4094 5.000000000e-03
4095 5.000000000e-03
2922 5.000000000e-03
3105 5.000000000e-03
3019 5.000000000e-03
3197 5.000000000e-03
3290 5.000000000e-03
3389 5.000000000e-03
3193 5.000000000e-03
3484 5.000000000e-03
3483 5.000000000e-03
3384 5.000000000e-03
7156 3.000000000e-02
7472 3.000000000e-02
6839 3.000000000e-02
10067 3.000000000e-02
4231 5.000000000e-03
4232 5.000000000e-03
4237 5.000000000e-03
4235 5.000000000e-03
4233 5.000000000e-03
4230 5.000000000e-03
4234 5.000000000e-03
4270 5.000000000e-03
4269 5.000000000e-03
2794 5.000000000e-03
2797 5.000000000e-03
2670 5.000000000e-03
2793 5.000000000e-03
2912 5.000000000e-03
3012 5.000000000e-03
3102 5.000000000e-03
3106 5.000000000e-03
3287 5.000000000e-03
3383 5.000000000e-03
3194 5.000000000e-03
3382 5.000000000e-03
3381 5.000000000e-03
3288 5.000000000e-03
7155 3.000000000e-02
6838 3.000000000e-02
4403 5.000000000e-03
4400 5.000000000e-03
4402 5.000000000e-03
4401 5.000000000e-03
4399 5.000000000e-03
4436 5.000000000e-03
4435 5.000000000e-03
4437 5.000000000e-03
2520 5.000000000e-03
2669 5.000000000e-03
2671 5.000000000e-03
2910 5.000000000e-03
2796 5.000000000e-03
3011 5.000000000e-03
3101 5.000000000e-03
3191 5.000000000e-03
3286 5.000000000e-03
3285 5.000000000e-03
3284 2.000000000e-02
7154 3.000000000e-02
7471 3.000000000e-02
7793 3.000000000e-02
4573 5.000000000e-03
4576 5.000000000e-03
4575 5.000000000e-03
4574 5.000000000e-03
4603 5.000000000e-03
4604 5.000000000e-03
2519 5.000000000e-03
2515 5.000000000e-03
2668 5.000000000e-03
2795 5.000000000e-03
2911 5.000000000e-03
3010 5.000000000e-03
3016 5.000000000e-03
3104 5.000000000e-03
3192 5.000000000e-03
3190 5.000000000e-03
3189 5.000000000e-03
5672 5.000000000e-03
5673 5.000000000e-03
5679 5.000000000e-03
7183 3.000000000e-02
7492 3.000000000e-02
4776 5.000000000e-03
4571 5.000000000e-03
4572 5.000000000e-03
4752 5.000000000e-03
4754 5.000000000e-03
4753 5.000000000e-03
4774 5.000000000e-03
4775 5.000000000e-03
2388 5.000000000e-03
2540 5.000000000e-03
2664 5.000000000e-03
2792 5.000000000e-03
2909 5.000000000e-03
2918 5.000000000e-03
3015 5.000000000e-03
3103 5.000000000e-03
3100 5.000000000e-03
3009 5.000000000e-03
5963 5.000000000e-03
5964 5.000000000e-03
5968 5.000000000e-03
6265 5.000000000e-03
8109 3.000000000e-02
9857 3.000000000e-02
5675 5.000000000e-03
5966 5.000000000e-03
4962 5.000000000e-03
4581 5.000000000e-03
4751 5.000000000e-03
4940 5.000000000e-03
4941 5.000000000e-03
4960 5.000000000e-03
4961 5.000000000e-03
5172 5.000000000e-03
5407 5.000000000e-03
2539 5.000000000e-03
2681 5.000000000e-03
2804 5.000000000e-03
2916 5.000000000e-03
2917 5.000000000e-03
3014 5.000000000e-03
3013 5.000000000e-03
2913 5.000000000e-03
2798 5.000000000e-03
6263 5.000000000e-03
6266 5.000000000e-03
6568 5.000000000e-03
6873 5.000000000e-03
5674 5.000000000e-03
5965 5.000000000e-03
6264 5.000000000e-03
5171 5.000000000e-03
4755 5.000000000e-03
4757 5.000000000e-03
4943 5.000000000e-03
5155 5.000000000e-03
5170 5.000000000e-03
5409 5.000000000e-03
5668 5.000000000e-03
2386 5.000000000e-03
2385 5.000000000e-03
2538 5.000000000e-03
2680 5.000000000e-03
2802 5.000000000e-03
2803 5.000000000e-03
2915 5.000000000e-03
2914 5.000000000e-03
2799 5.000000000e-03
2674 5.000000000e-03
2528 5.000000000e-03
6565 5.000000000e-03
6566 5.000000000e-03
6871 5.000000000e-03
7180 5.000000000e-03
9145 3.000000000e-02
5961 5.000000000e-03
6261 5.000000000e-03
6564 5.000000000e-03
4756 5.000000000e-03
5408 5.000000000e-03
4942 5.000000000e-03
5156 5.000000000e-03
5394 5.000000000e-03
5669 5.000000000e-03
2384 5.000000000e-03
2536 5.000000000e-03
2678 5.000000000e-03
2220 5.000000000e-03
2679 5.000000000e-03
2801 5.000000000e-03
2800 5.000000000e-03
2675 5.000000000e-03
2529 5.000000000e-03
2375 5.000000000e-03
2209 5.000000000e-03
4750 5.000000000e-03
6870 5.000000000e-03
7179 5.000000000e-03
7489 5.000000000e-03
7488 5.000000000e-03
9147 3.000000000e-02
9618 3.000000000e-02
5962 5.000000000e-03
6262 5.000000000e-03
6556 5.000000000e-03
6863 5.000000000e-03
4939 5.000000000e-03
5656 5.000000000e-03
5154 5.000000000e-03
5393 5.000000000e-03
5950 5.000000000e-03
2383 5.000000000e-03
2535 5.000000000e-03
2537 5.000000000e-03
2219 5.000000000e-03
2049 5.000000000e-03
2677 5.000000000e-03
2676 5.000000000e-03
2531 5.000000000e-03
2378 5.000000000e-03
2213 5.000000000e-03
2042 5.000000000e-03
2534 5.000000000e-03
4937 5.000000000e-03
4749 5.000000000e-03
7174 5.000000000e-03
7484 5.000000000e-03
7803 5.000000000e-03
7800 5.000000000e-03
8104 5.000000000e-03
8656 5.000000000e-03
8658 5.000000000e-03
6252 5.000000000e-03
6554 5.000000000e-03
6862 5.000000000e-03
7173 5.000000000e-03
5153 5.000000000e-03
5655 5.000000000e-03
5392 5.000000000e-03
5949 5.000000000e-03
1896 5.000000000e-03
2382 5.000000000e-03
2533 5.000000000e-03
2218 5.000000000e-03
2048 5.000000000e-03
2532 5.000000000e-03
2530 5.000000000e-03
2377 5.000000000e-03
2212 5.000000000e-03
2041 5.000000000e-03
1889 5.000000000e-03
2381 5.000000000e-03
4746 5.000000000e-03
4935 5.000000000e-03
4938 5.000000000e-03
7483 5.000000000e-03
7799 5.000000000e-03
8102 5.000000000e-03
8394 5.000000000e-03
8395 5.000000000e-03
8387 5.000000000e-03
8389 5.000000000e-03
8390 5.000000000e-03
8657 5.000000000e-03
8908 5.000000000e-03
9141 5.000000000e-03
6250 5.000000000e-03
6555 5.000000000e-03
6251 5.000000000e-03
6861 5.000000000e-03
7172 5.000000000e-03
5152 5.000000000e-03
5654 5.000000000e-03
5391 5.000000000e-03
5947 5.000000000e-03
1766 5.000000000e-03
1895 5.000000000e-03
2046 5.000000000e-03
2380 5.000000000e-03
2216 5.000000000e-03
2379 5.000000000e-03
2376 5.000000000e-03
2211 5.000000000e-03
2040 5.000000000e-03
1888 5.000000000e-03
1758 5.000000000e-03
2217 5.000000000e-03
4766 5.000000000e-03
4936 5.000000000e-03
5151 5.000000000e-03
7482 5.000000000e-03
7798 5.000000000e-03
8101 5.000000000e-03
8103 5.000000000e-03
8092 5.000000000e-03
8093 5.000000000e-03
8388 5.000000000e-03
8404 5.000000000e-03
8115 5.000000000e-03
8916 5.000000000e-03
8669 5.000000000e-03
8655 5.000000000e-03
8907 5.000000000e-03
8915 5.000000000e-03
8906 5.000000000e-03
5948 5.000000000e-03
6553 5.000000000e-03
6249 5.000000000e-03
6559 5.000000000e-03
6866 5.000000000e-03
7177 5.000000000e-03
5390 5.000000000e-03
5653 5.000000000e-03
5661 5.000000000e-03
1765 5.000000000e-03
1894 5.000000000e-03
2045 5.000000000e-03
2215 5.000000000e-03
2214 5.000000000e-03
2210 5.000000000e-03
2039 5.000000000e-03
1887 5.000000000e-03
1805 5.000000000e-03
2047 5.000000000e-03
4592 5.000000000e-03
4767 5.000000000e-03
4950 5.000000000e-03
5150 5.000000000e-03
7487 5.000000000e-03
7802 5.000000000e-03
7801 5.000000000e-03
7178 5.000000000e-03
7813 5.000000000e-03
8113 5.000000000e-03
7780 5.000000000e-03
8091 5.000000000e-03
8386 5.000000000e-03
8403 5.000000000e-03
8668 5.000000000e-03
8654 5.000000000e-03
8667 5.000000000e-03
5954 5.000000000e-03
6255 5.000000000e-03
6560 5.000000000e-03
6867 5.000000000e-03
6258 5.000000000e-03
6869 5.000000000e-03
5389 5.000000000e-03
5399 5.000000000e-03
5660 5.000000000e-03
1606 5.000000000e-03
1803 5.000000000e-03
1893 5.000000000e-03
1802 5.000000000e-03
1801 5.000000000e-03
2044 5.000000000e-03
2043 5.000000000e-03
2038 5.000000000e-03
1936 5.000000000e-03
1941 5.000000000e-03
1938 5.000000000e-03
1937 5.000000000e-03
4589 5.000000000e-03
4765 5.000000000e-03
4949 5.000000000e-03
5161 5.000000000e-03
7486 5.000000000e-03
7485 5.000000000e-03
6868 5.000000000e-03
7176 5.000000000e-03
7501 5.000000000e-03
7814 5.000000000e-03
8114 5.000000000e-03
7496 5.000000000e-03
7779 5.000000000e-03
7778 5.000000000e-03
8090 5.000000000e-03
8385 5.000000000e-03
8402 5.000000000e-03
8401 5.000000000e-03
5953 5.000000000e-03
5957 5.000000000e-03
6562 5.000000000e-03
6257 5.000000000e-03
6563 5.000000000e-03
5398 5.000000000e-03
5659 5.000000000e-03
1718 5.000000000e-03
1934 5.000000000e-03
1935 5.000000000e-03
1842 5.000000000e-03
1933 5.000000000e-03
1843 5.000000000e-03
1846 5.000000000e-03
2088 5.000000000e-03
2089 5.000000000e-03
2093 5.000000000e-03
2095 5.000000000e-03
2090 5.000000000e-03
2094 5.000000000e-03
2091 5.000000000e-03
4764 5.000000000e-03
4763 5.000000000e-03
4948 5.000000000e-03
5160 5.000000000e-03
6561 5.000000000e-03
7175 5.000000000e-03
7453 5.000000000e-03
6864 5.000000000e-03
6865 5.000000000e-03
7810 5.000000000e-03
8111 5.000000000e-03
7497 5.000000000e-03
7189 5.000000000e-03
7452 5.000000000e-03
7451 5.000000000e-03
7777 5.000000000e-03
8089 5.000000000e-03
8110 5.000000000e-03
8112 5.000000000e-03
5663 5.000000000e-03
5956 5.000000000e-03
5960 5.000000000e-03
6260 5.000000000e-03
6259 5.000000000e-03
6256 5.000000000e-03
5397 5.000000000e-03
5403 5.000000000e-03
1844 5.000000000e-03
1845 5.000000000e-03
2087 5.000000000e-03
1989 5.000000000e-03
1990 5.000000000e-03
1992 5.000000000e-03
2260 5.000000000e-03
2261 5.000000000e-03
2268 5.000000000e-03
2267 5.000000000e-03
2264 5.000000000e-03
2263 5.000000000e-03
2265 5.000000000e-03
4947 5.000000000e-03
4762 5.000000000e-03
5159 5.000000000e-03
6557 5.000000000e-03
6558 5.000000000e-03
7132 5.000000000e-03
6814 5.000000000e-03
7131 5.000000000e-03
7809 5.000000000e-03
7812 5.000000000e-03
7495 5.000000000e-03
7186 5.000000000e-03
6876 5.000000000e-03
7130 5.000000000e-03
7450 5.000000000e-03
7776 5.000000000e-03
7808 5.000000000e-03
7811 5.000000000e-03
6253 5.000000000e-03
5666 5.000000000e-03
5667 5.000000000e-03
5959 5.000000000e-03
5958 5.000000000e-03
5955 5.000000000e-03
5165 5.000000000e-03
5404 5.000000000e-03
1984 5.000000000e-03
1985 5.000000000e-03
1991 5.000000000e-03
2149 5.000000000e-03
2150 5.000000000e-03
2262 5.000000000e-03
2152 5.000000000e-03
2420 5.000000000e-03
2426 5.000000000e-03
2425 5.000000000e-03
2430 5.000000000e-03
2422 5.000000000e-03
2424 5.000000000e-03
2423 5.000000000e-03
2580 5.000000000e-03
4585 5.000000000e-03
4946 5.000000000e-03
4761 5.000000000e-03
4954 5.000000000e-03
6254 5.000000000e-03
6500 5.000000000e-03
6813 5.000000000e-03
6812 5.000000000e-03
6811 5.000000000e-03
7499 5.000000000e-03
7193 5.000000000e-03
6885 5.000000000e-03
6581 5.000000000e-03
7129 5.000000000e-03
7449 5.000000000e-03
7494 5.000000000e-03
7498 5.000000000e-03
5952 5.000000000e-03
5951 5.000000000e-03
5405 5.000000000e-03
5406 5.000000000e-03
5665 5.000000000e-03
5664 5.000000000e-03
5662 5.000000000e-03
5166 5.000000000e-03
1407 2.000000000e-02
1326 2.000000000e-02
1325 2.000000000e-02
2145 5.000000000e-03
2146 5.000000000e-03
2151 5.000000000e-03
1982 5.000000000e-03
1987 5.000000000e-03
2313 5.000000000e-03
2421 5.000000000e-03
2314 5.000000000e-03
2571 5.000000000e-03
2575 5.000000000e-03
2576 5.000000000e-03
2579 5.000000000e-03
2573 5.000000000e-03
2574 5.000000000e-03
2717 5.000000000e-03
2718 5.000000000e-03
4431 5.000000000e-03
4599 5.000000000e-03
4771 5.000000000e-03
4955 5.000000000e-03
6189 5.000000000e-03
6499 5.000000000e-03
6278 5.000000000e-03
5981 5.000000000e-03
6498 5.000000000e-03
6497 5.000000000e-03
6810 5.000000000e-03
7192 5.000000000e-03
6884 5.000000000e-03
6580 5.000000000e-03
7128 5.000000000e-03
7185 5.000000000e-03
7191 5.000000000e-03
5882 5.000000000e-03
5658 5.000000000e-03
5657 5.000000000e-03
5167 5.000000000e-03
5402 5.000000000e-03
5401 5.000000000e-03
5400 5.000000000e-03
4956 5.000000000e-03
4957 5.000000000e-03
1406 5.000000000e-03
1480 2.000000000e-02
1404 5.000000000e-03
1405 5.000000000e-03
2148 5.000000000e-03
2310 5.000000000e-03
2312 5.000000000e-03
2144 5.000000000e-03
2147 5.000000000e-03
2465 5.000000000e-03
2572 2.000000000e-02
2464 5.000000000e-03
2712 5.000000000e-03
2715 5.000000000e-03
2716 5.000000000e-03
2714 5.000000000e-03
2838 5.000000000e-03
2842 5.000000000e-03
2837 5.000000000e-03
4434 5.000000000e-03
4266 5.000000000e-03
4601 5.000000000e-03
4772 5.000000000e-03
4114 5.000000000e-03
5881 5.000000000e-03
6188 5.000000000e-03
6187 5.000000000e-03
6277 5.000000000e-03
5980 5.000000000e-03
5690 5.000000000e-03
6186 5.000000000e-03
6496 5.000000000e-03
6809 5.000000000e-03
6883 5.000000000e-03
6579 5.000000000e-03
6875 5.000000000e-03
6882 5.000000000e-03
5590 5.000000000e-03
5396 5.000000000e-03
5395 5.000000000e-03
5164 5.000000000e-03
5163 5.000000000e-03
5162 5.000000000e-03
4953 5.000000000e-03
4773 5.000000000e-03
1552 2.000000000e-02
1477 5.000000000e-03
1479 5.000000000e-03
1478 5.000000000e-03
2136 2.000000000e-02
2311 5.000000000e-03
2463 5.000000000e-03
2306 5.000000000e-03
2308 5.000000000e-03
2309 5.000000000e-03
2608 5.000000000e-03
2713 5.000000000e-03
2607 5.000000000e-03
2833 5.000000000e-03
2834 5.000000000e-03
2836 5.000000000e-03
2835 5.000000000e-03
2945 5.000000000e-03
2949 5.000000000e-03
2944 5.000000000e-03
4433 5.000000000e-03
4265 5.000000000e-03
4600 5.000000000e-03
4602 5.000000000e-03
4112 5.000000000e-03
4263 5.000000000e-03
5589 5.000000000e-03
5880 5.000000000e-03
5879 5.000000000e-03
6276 5.000000000e-03
5979 5.000000000e-03
5689 5.000000000e-03
5433 5.000000000e-03
6185 5.000000000e-03
6495 5.000000000e-03
6569 5.000000000e-03
6578 5.000000000e-03
6577 5.000000000e-03
5334 5.000000000e-03
5333 5.000000000e-03
5158 5.000000000e-03
5157 5.000000000e-03
4952 5.000000000e-03
4951 5.000000000e-03
4770 5.000000000e-03
4769 5.000000000e-03
1637 2.000000000e-02
1551 5.000000000e-03
1550 5.000000000e-03
2139 2.000000000e-02
2301 5.000000000e-03
2302 5.000000000e-03
2307 5.000000000e-03
2462 5.000000000e-03
2600 5.000000000e-03
2459 5.000000000e-03
2461 5.000000000e-03
2740 5.000000000e-03
2734 5.000000000e-03
2860 5.000000000e-03
2942 5.000000000e-03
2943 5.000000000e-03
3042 5.000000000e-03
3040 5.000000000e-03
3039 5.000000000e-03
3130 5.000000000e-03
4432 5.000000000e-03
4596 5.000000000e-03
3983 5.000000000e-03
4264 5.000000000e-03
4113 5.000000000e-03
5332 5.000000000e-03
5588 5.000000000e-03
5587 5.000000000e-03
5878 5.000000000e-03
6275 5.000000000e-03
5978 5.000000000e-03
5688 5.000000000e-03
5432 5.000000000e-03
5877 5.000000000e-03
6184 5.000000000e-03
6267 5.000000000e-03
6273 5.000000000e-03
6274 5.000000000e-03
5099 5.000000000e-03
5098 5.000000000e-03
4945 5.000000000e-03
4944 5.000000000e-03
4768 5.000000000e-03
4598 5.000000000e-03
4597 5.000000000e-03
4595 5.000000000e-03
1750 5.000000000e-03
1749 5.000000000e-03
1636 5.000000000e-03
1635 5.000000000e-03
1634 5.000000000e-03
2305 5.000000000e-03
2455 5.000000000e-03
2456 5.000000000e-03
2460 5.000000000e-03
2606 5.000000000e-03
2604 5.000000000e-03
2739 5.000000000e-03
2855 5.000000000e-03
2962 5.000000000e-03
2966 5.000000000e-03
3038 5.000000000e-03
3129 5.000000000e-03
3128 5.000000000e-03
3127 5.000000000e-03
3220 5.000000000e-03
3311 5.000000000e-03
3407 5.000000000e-03
3219 5.000000000e-03
3218 5.000000000e-03
4428 5.000000000e-03
3982 5.000000000e-03
4259 5.000000000e-03
4108 5.000000000e-03
5097 5.000000000e-03
5331 5.000000000e-03
5330 5.000000000e-03
5586 5.000000000e-03
5977 5.000000000e-03
5687 5.000000000e-03
5431 5.000000000e-03
5195 5.000000000e-03
4983 5.000000000e-03
5681 5.000000000e-03
5969 5.000000000e-03
5975 5.000000000e-03
5976 5.000000000e-03
4883 5.000000000e-03
4882 5.000000000e-03
4881 5.000000000e-03
4759 5.000000000e-03
4760 5.000000000e-03
4758 5.000000000e-03
4594 5.000000000e-03
4430 5.000000000e-03
4429 5.000000000e-03
4427 5.000000000e-03
1873 2.000000000e-02
1874 5.000000000e-03
1875 5.000000000e-03
1876 2.000000000e-02
1748 5.000000000e-03
1747 5.000000000e-03
1746 5.000000000e-03
2304 5.000000000e-03
2458 5.000000000e-03
3862 5.000000000e-03
3738 5.000000000e-03
3511 5.000000000e-03
3518 5.000000000e-03
2602 5.000000000e-03
2605 5.000000000e-03
2737 5.000000000e-03
2857 5.000000000e-03
2859 5.000000000e-03
2965 5.000000000e-03
3054 5.000000000e-03
3057 5.000000000e-03
3217 5.000000000e-03
3142 5.000000000e-03
3310 5.000000000e-03
3406 5.000000000e-03
3309 5.000000000e-03
4258 5.000000000e-03
3978 5.000000000e-03
4107 5.000000000e-03
4879 5.000000000e-03
5096 5.000000000e-03
5189 5.000000000e-03
5426 5.000000000e-03
5686 5.000000000e-03
5430 5.000000000e-03
5194 5.000000000e-03
4982 5.000000000e-03
5425 5.000000000e-03
5680 5.000000000e-03
5684 5.000000000e-03
5685 5.000000000e-03
4695 5.000000000e-03
4694 5.000000000e-03
4517 5.000000000e-03
4583 5.000000000e-03
4584 5.000000000e-03
4582 5.000000000e-03
4426 5.000000000e-03
4261 5.000000000e-03
4260 5.000000000e-03
4257 5.000000000e-03
2018 2.000000000e-02
2019 5.000000000e-03
2020 5.000000000e-03
1872 5.000000000e-03
1871 5.000000000e-03
2445 5.000000000e-03
2457 5.000000000e-03
2603 5.000000000e-03
3858 5.000000000e-03
3625 5.000000000e-03
3735 5.000000000e-03
3510 5.000000000e-03
3618 5.000000000e-03
2736 5.000000000e-03
2738 5.000000000e-03
2858 5.000000000e-03
2964 5.000000000e-03
3056 5.000000000e-03
3140 5.000000000e-03
3228 5.000000000e-03
3230 5.000000000e-03
3405 5.000000000e-03
3319 5.000000000e-03
4106 5.000000000e-03
3977 5.000000000e-03
4692 5.000000000e-03
4880 5.000000000e-03
4693 5.000000000e-03
4975 5.000000000e-03
5188 5.000000000e-03
5429 5.000000000e-03
5193 5.000000000e-03
4981 5.000000000e-03
4794 5.000000000e-03
5187 5.000000000e-03
5424 5.000000000e-03
5427 5.000000000e-03
5428 5.000000000e-03
4516 5.000000000e-03
4515 5.000000000e-03
4342 5.000000000e-03
4412 5.000000000e-03
4413 5.000000000e-03
4411 5.000000000e-03
4256 5.000000000e-03
4110 5.000000000e-03
4109 5.000000000e-03
4105 5.000000000e-03
2179 5.000000000e-03
2178 5.000000000e-03
2180 2.000000000e-02
2017 5.000000000e-03
2016 5.000000000e-03
2446 5.000000000e-03
2593 5.000000000e-03
2601 5.000000000e-03
2735 5.000000000e-03
2443 5.000000000e-03
3856 5.000000000e-03
3509 5.000000000e-03
3731 5.000000000e-03
3617 5.000000000e-03
2856 5.000000000e-03
2963 5.000000000e-03
3055 5.000000000e-03
3141 5.000000000e-03
3229 5.000000000e-03
3318 5.000000000e-03
3411 5.000000000e-03
3976 5.000000000e-03
3857 5.000000000e-03
3734 5.000000000e-03
4514 5.000000000e-03
4513 5.000000000e-03
4786 5.000000000e-03
4614 5.000000000e-03
4973 5.000000000e-03
4974 5.000000000e-03
5192 5.000000000e-03
4980 5.000000000e-03
4793 5.000000000e-03
4977 5.000000000e-03
5190 5.000000000e-03
5191 5.000000000e-03
4622 5.000000000e-03
4180 5.000000000e-03
4341 5.000000000e-03
4340 5.000000000e-03
4181 5.000000000e-03
4246 5.000000000e-03
4247 5.000000000e-03
4245 5.000000000e-03
4104 5.000000000e-03
3980 5.000000000e-03
3979 5.000000000e-03
3975 5.000000000e-03
2344 2.000000000e-02
2345 5.000000000e-03
2346 2.000000000e-02
2177 5.000000000e-03
2176 5.000000000e-03
2592 5.000000000e-03
2728 5.000000000e-03
2849 5.000000000e-03
2444 5.000000000e-03
3732 5.000000000e-03
3514 5.000000000e-03
3620 5.000000000e-03
2956 5.000000000e-03
3049 5.000000000e-03
3058 5.000000000e-03
3143 5.000000000e-03
3231 5.000000000e-03
3320 5.000000000e-03
3412 5.000000000e-03
3855 5.000000000e-03
3622 5.000000000e-03
3733 5.000000000e-03
4046 5.000000000e-03
4045 5.000000000e-03
4339 5.000000000e-03
4338 5.000000000e-03
4446 5.000000000e-03
4785 5.000000000e-03
4613 5.000000000e-03
4788 5.000000000e-03
4979 5.000000000e-03
4792 5.000000000e-03
4789 5.000000000e-03
4976 5.000000000e-03
4978 5.000000000e-03
4620 5.000000000e-03
4449 5.000000000e-03
4179 5.000000000e-03
4178 5.000000000e-03
4042 5.000000000e-03
4102 5.000000000e-03
4103 5.000000000e-03
4101 5.000000000e-03
3971 5.000000000e-03
3974 5.000000000e-03
3854 5.000000000e-03
3860 5.000000000e-03
3859 5.000000000e-03
2499 5.000000000e-03
2501 5.000000000e-03
2502 5.000000000e-03
2500 2.000000000e-02
2343 5.000000000e-03
2342 5.000000000e-03
2341 5.000000000e-03
2955 5.000000000e-03
2132 2.000000000e-02
2591 5.000000000e-03
2727 5.000000000e-03
2848 5.000000000e-03
2454 5.000000000e-03
3619 5.000000000e-03
3513 5.000000000e-03
3048 5.000000000e-03
3137 5.000000000e-03
3316 5.000000000e-03
3226 5.000000000e-03
3409 5.000000000e-03
3730 5.000000000e-03
3516 5.000000000e-03
3621 5.000000000e-03
4044 5.000000000e-03
3920 5.000000000e-03
4177 5.000000000e-03
4278 5.000000000e-03
4281 5.000000000e-03
4616 5.000000000e-03
4617 5.000000000e-03
4791 5.000000000e-03
4621 5.000000000e-03
4787 5.000000000e-03
4790 5.000000000e-03
4455 5.000000000e-03
4448 5.000000000e-03
4043 5.000000000e-03
3919 5.000000000e-03
4041 5.000000000e-03
3917 5.000000000e-03
3972 5.000000000e-03
3973 5.000000000e-03
3851 5.000000000e-03
3970 5.000000000e-03
3853 5.000000000e-03
3729 5.000000000e-03
3736 5.000000000e-03
3737 5.000000000e-03
2649 5.000000000e-03
2650 5.000000000e-03
2648 5.000000000e-03
2498 5.000000000e-03
2497 5.000000000e-03
2340 5.000000000e-03
2957 5.000000000e-03
2850 5.000000000e-03
2297 5.000000000e-03
2599 5.000000000e-03
2733 5.000000000e-03
2452 5.000000000e-03
2598 5.000000000e-03
3512 5.000000000e-03
3410 5.000000000e-03
3050 5.000000000e-03
3136 5.000000000e-03
3315 5.000000000e-03
3225 5.000000000e-03
3317 5.000000000e-03
3616 5.000000000e-03
3414 5.000000000e-03
3515 5.000000000e-03
3918 5.000000000e-03
3799 5.000000000e-03
4125 5.000000000e-03
4128 5.000000000e-03
4280 5.000000000e-03
4450 5.000000000e-03
4615 5.000000000e-03
4619 5.000000000e-03
4618 5.000000000e-03
4453 5.000000000e-03
4287 5.000000000e-03
4282 5.000000000e-03
3992 5.000000000e-03
3798 5.000000000e-03
3868 5.000000000e-03
3850 5.000000000e-03
3796 5.000000000e-03
3916 5.000000000e-03
3852 5.000000000e-03
3727 5.000000000e-03
3849 5.000000000e-03
3728 5.000000000e-03
3615 5.000000000e-03
3623 5.000000000e-03
3624 5.000000000e-03
2778 5.000000000e-03
2779 5.000000000e-03
2777 5.000000000e-03
2647 5.000000000e-03
2496 5.000000000e-03
2339 5.000000000e-03
2958 5.000000000e-03
2854 5.000000000e-03
2296 5.000000000e-03
2451 5.000000000e-03
2732 5.000000000e-03
2597 5.000000000e-03
3408 5.000000000e-03
3051 5.000000000e-03
3138 5.000000000e-03
3227 5.000000000e-03
3314 5.000000000e-03
3508 5.000000000e-03
3322 5.000000000e-03
3413 5.000000000e-03
3681 5.000000000e-03
3797 5.000000000e-03
3682 5.000000000e-03
3680 5.000000000e-03
3994 5.000000000e-03
3870 5.000000000e-03
4127 5.000000000e-03
4129 5.000000000e-03
4447 5.000000000e-03
4451 5.000000000e-03
4452 5.000000000e-03
4285 5.000000000e-03
4135 5.000000000e-03
4279 5.000000000e-03
3867 5.000000000e-03
3742 5.000000000e-03
3726 5.000000000e-03
3725 5.000000000e-03
3794 5.000000000e-03
3795 5.000000000e-03
3678 5.000000000e-03
3507 5.000000000e-03
3724 5.000000000e-03
3723 5.000000000e-03
3517 5.000000000e-03
3610 5.000000000e-03
2897 5.000000000e-03
2896 5.000000000e-03
2776 5.000000000e-03
2646 5.000000000e-03
2495 5.000000000e-03
2494 5.000000000e-03
2493 5.000000000e-03
2645 5.000000000e-03
2961 5.000000000e-03
2853 5.000000000e-03
2450 5.000000000e-03
2448 5.000000000e-03
2596 5.000000000e-03
2731 5.000000000e-03
3313 5.000000000e-03
3053 5.000000000e-03
3139 5.000000000e-03
3224 5.000000000e-03
3404 5.000000000e-03
3232 5.000000000e-03
3321 5.000000000e-03
3676 5.000000000e-03
3566 5.000000000e-03
3679 5.000000000e-03
3565 5.000000000e-03
3630 5.000000000e-03
3869 5.000000000e-03
3993 5.000000000e-03
3996 5.000000000e-03
4126 5.000000000e-03
3995 5.000000000e-03
4283 5.000000000e-03
4284 5.000000000e-03
4133 5.000000000e-03
4003 5.000000000e-03
4130 5.000000000e-03
3879 5.000000000e-03
3743 5.000000000e-03
3631 5.000000000e-03
3614 5.000000000e-03
3613 5.000000000e-03
3675 5.000000000e-03
3677 5.000000000e-03
3563 5.000000000e-03
3415 5.000000000e-03
3416 5.000000000e-03
3612 5.000000000e-03
3611 5.000000000e-03
3503 5.000000000e-03
2999 5.000000000e-03
2895 5.000000000e-03
2775 5.000000000e-03
2492 5.000000000e-03
2644 5.000000000e-03
2643 5.000000000e-03
2774 5.000000000e-03
2960 5.000000000e-03
2852 5.000000000e-03
2595 5.000000000e-03
2449 5.000000000e-03
2730 5.000000000e-03
2447 5.000000000e-03
3223 5.000000000e-03
3052 5.000000000e-03
3135 5.000000000e-03
2959 5.000000000e-03
3323 5.000000000e-03
3324 5.000000000e-03
3144 5.000000000e-03
3233 5.000000000e-03
3560 5.000000000e-03
3564 5.000000000e-03
3459 5.000000000e-03
3521 5.000000000e-03
3522 5.000000000e-03
3745 5.000000000e-03
3871 5.000000000e-03
3872 5.000000000e-03
3997 5.000000000e-03
3873 5.000000000e-03
4132 5.000000000e-03
4131 5.000000000e-03
4001 5.000000000e-03
4000 5.000000000e-03
3878 5.000000000e-03
3633 5.000000000e-03
3524 5.000000000e-03
3506 5.000000000e-03
3559 5.000000000e-03
3562 5.000000000e-03
3561 5.000000000e-03
3457 5.000000000e-03
3325 5.000000000e-03
3400 5.000000000e-03
3505 5.000000000e-03
3504 5.000000000e-03
3502 5.000000000e-03
3090 5.000000000e-03
2998 5.000000000e-03
2894 5.000000000e-03
2641 5.000000000e-03
2642 5.000000000e-03
2773 5.000000000e-03
2893 5.000000000e-03
2640 5.000000000e-03
2851 5.000000000e-03
2594 5.000000000e-03
2729 5.000000000e-03
2442 5.000000000e-03
2590 5.000000000e-03
3134 5.000000000e-03
3047 5.000000000e-03
2954 5.000000000e-03
3236 5.000000000e-03
3234 5.000000000e-03
3059 5.000000000e-03
3145 5.000000000e-03
3235 5.000000000e-03
3458 5.000000000e-03
3363 5.000000000e-03
3419 5.000000000e-03
3422 5.000000000e-03
3634 5.000000000e-03
3744 5.000000000e-03
3746 5.000000000e-03
3747 5.000000000e-03
3877 5.000000000e-03
3753 5.000000000e-03
3999 5.000000000e-03
3998 5.000000000e-03
3876 5.000000000e-03
3874 5.000000000e-03
3748 5.000000000e-03
3638 5.000000000e-03
3534 5.000000000e-03
3434 5.000000000e-03
3423 5.000000000e-03
3525 5.000000000e-03
3424 5.000000000e-03
3453 5.000000000e-03
3403 5.000000000e-03
3456 5.000000000e-03
3361 5.000000000e-03
3455 5.000000000e-03
3454 5.000000000e-03
3304 5.000000000e-03
3399 5.000000000e-03
3402 5.000000000e-03
3401 5.000000000e-03
3212 5.000000000e-03
2639 5.000000000e-03
2638 5.000000000e-03
3170 5.000000000e-03
3089 5.000000000e-03
2997 5.000000000e-03
2771 5.000000000e-03
2772 5.000000000e-03
2996 5.000000000e-03
2892 5.000000000e-03
2770 5.000000000e-03
2847 5.000000000e-03
2726 5.000000000e-03
2441 5.000000000e-03
2589 5.000000000e-03
3046 5.000000000e-03
2953 5.000000000e-03
3148 5.000000000e-03
3147 5.000000000e-03
2968 5.000000000e-03
3061 5.000000000e-03
3146 5.000000000e-03
3362 5.000000000e-03
3270 5.000000000e-03
3327 5.000000000e-03
3331 5.000000000e-03
3632 5.000000000e-03
3636 5.000000000e-03
3635 5.000000000e-03
3645 5.000000000e-03
3752 5.000000000e-03
3644 5.000000000e-03
3875 5.000000000e-03
3751 5.000000000e-03
3750 5.000000000e-03
3641 5.000000000e-03
3535 5.000000000e-03
3435 5.000000000e-03
3345 5.000000000e-03
3258 2.000000000e-02
3257 5.000000000e-03
3332 5.000000000e-03
3523 5.000000000e-03
3421 5.000000000e-03
3360 5.000000000e-03
3308 5.000000000e-03
3307 5.000000000e-03
3359 5.000000000e-03
3357 5.000000000e-03
3358 5.000000000e-03
3305 5.000000000e-03
3306 5.000000000e-03
3121 5.000000000e-03
3213 5.000000000e-03
3216 5.000000000e-03
2769 5.000000000e-03
2637 5.000000000e-03
2768 5.000000000e-03
3169 5.000000000e-03
3088 5.000000000e-03
3087 5.000000000e-03
2891 5.000000000e-03
2995 5.000000000e-03
2890 5.000000000e-03
802 5.000000000e-03
751 5.000000000e-03
848 5.000000000e-03
2846 5.000000000e-03
2725 5.000000000e-03
2587 5.000000000e-03
2952 5.000000000e-03
2845 5.000000000e-03
3063 5.000000000e-03
3062 5.000000000e-03
2863 5.000000000e-03
2969 5.000000000e-03
3060 5.000000000e-03
2971 5.000000000e-03
3269 5.000000000e-03
3179 5.000000000e-03
3239 5.000000000e-03
3238 5.000000000e-03
3244 5.000000000e-03
3528 5.000000000e-03
3527 5.000000000e-03
3526 5.000000000e-03
3539 5.000000000e-03
3643 5.000000000e-03
3538 5.000000000e-03
3749 5.000000000e-03
3642 5.000000000e-03
3640 5.000000000e-03
3533 5.000000000e-03
3433 5.000000000e-03
3344 5.000000000e-03
3256 5.000000000e-03
3330 5.000000000e-03
3428 5.000000000e-03
3329 5.000000000e-03
3420 5.000000000e-03
3268 5.000000000e-03
3265 5.000000000e-03
3215 5.000000000e-03
3267 5.000000000e-03
3266 5.000000000e-03
3177 5.000000000e-03
3035 5.000000000e-03
3214 5.000000000e-03
3123 5.000000000e-03
3126 5.000000000e-03
3125 5.000000000e-03
2889 5.000000000e-03
2635 5.000000000e-03
2766 5.000000000e-03
2491 5.000000000e-03
2338 5.000000000e-03
2175 5.000000000e-03
2888 5.000000000e-03
3168 5.000000000e-03
3086 5.000000000e-03
2994 5.000000000e-03
2993 5.000000000e-03
847 5.000000000e-03
743 5.000000000e-03
801 5.000000000e-03
792 5.000000000e-03
891 5.000000000e-03
2437 5.000000000e-03
2724 5.000000000e-03
2588 5.000000000e-03
2440 5.000000000e-03
2844 5.000000000e-03
2723 5.000000000e-03
2745 5.000000000e-03
2970 5.000000000e-03
2865 5.000000000e-03
2866 5.000000000e-03
2967 5.000000000e-03
3178 5.000000000e-03
3096 5.000000000e-03
3150 5.000000000e-03
3155 5.000000000e-03
3243 5.000000000e-03
3427 5.000000000e-03
3426 5.000000000e-03
3425 5.000000000e-03
3438 5.000000000e-03
3537 5.000000000e-03
3437 5.000000000e-03
3639 5.000000000e-03
3536 5.000000000e-03
3532 5.000000000e-03
3432 5.000000000e-03
3343 5.000000000e-03
3255 5.000000000e-03
3242 5.000000000e-03
3337 5.000000000e-03
3336 5.000000000e-03
3241 5.000000000e-03
3328 5.000000000e-03
3176 5.000000000e-03
3173 5.000000000e-03
3124 5.000000000e-03
3175 5.000000000e-03
3174 5.000000000e-03
3094 5.000000000e-03
2939 5.000000000e-03
3034 5.000000000e-03
3122 5.000000000e-03
3037 5.000000000e-03
3036 5.000000000e-03
742 5.000000000e-03
698 5.000000000e-03
2992 5.000000000e-03
2636 5.000000000e-03
2767 5.000000000e-03
2634 5.000000000e-03
2490 5.000000000e-03
2337 5.000000000e-03
2887 5.000000000e-03
3167 5.000000000e-03
3085 5.000000000e-03
3084 5.000000000e-03
890 5.000000000e-03
846 5.000000000e-03
794 5.000000000e-03
838 5.000000000e-03
932 5.000000000e-03
971 5.000000000e-03
2108 5.000000000e-03
2279 5.000000000e-03
2586 5.000000000e-03
2439 5.000000000e-03
2278 5.000000000e-03
2722 5.000000000e-03
2613 5.000000000e-03
2744 5.000000000e-03
2864 5.000000000e-03
2746 5.000000000e-03
2862 5.000000000e-03
2861 5.000000000e-03
3095 5.000000000e-03
3006 5.000000000e-03
3069 5.000000000e-03
3070 5.000000000e-03
3154 5.000000000e-03
3335 5.000000000e-03
3334 5.000000000e-03
3333 5.000000000e-03
3347 5.000000000e-03
3436 5.000000000e-03
3346 5.000000000e-03
3531 5.000000000e-03
3431 5.000000000e-03
3342 5.000000000e-03
3254 5.000000000e-03
3153 5.000000000e-03
3248 5.000000000e-03
3247 5.000000000e-03
3152 5.000000000e-03
3240 5.000000000e-03
3093 5.000000000e-03
3091 5.000000000e-03
3092 5.000000000e-03
3004 5.000000000e-03
2938 5.000000000e-03
3033 5.000000000e-03
2941 5.000000000e-03
3000 5.000000000e-03
2940 5.000000000e-03
749 5.000000000e-03
793 5.000000000e-03
697 5.000000000e-03
748 5.000000000e-03
2991 5.000000000e-03
2765 5.000000000e-03
2633 5.000000000e-03
2489 5.000000000e-03
2886 5.000000000e-03
3166 5.000000000e-03
3083 5.000000000e-03
924 5.000000000e-03
882 5.000000000e-03
923 5.000000000e-03
839 5.000000000e-03
963 5.000000000e-03
970 5.000000000e-03
1007 5.000000000e-03
1688 2.000000000e-02
1955 5.000000000e-03
2107 5.000000000e-03
1814 5.000000000e-03
1950 5.000000000e-03
2585 5.000000000e-03
2436 5.000000000e-03
2275 5.000000000e-03
2584 5.000000000e-03
2612 5.000000000e-03
2743 5.000000000e-03
2614 5.000000000e-03
2742 5.000000000e-03
2741 5.000000000e-03
2831 5.000000000e-03
3005 5.000000000e-03
2905 5.000000000e-03
2978 5.000000000e-03
2980 5.000000000e-03
2979 5.000000000e-03
3068 5.000000000e-03
3245 5.000000000e-03
3246 5.000000000e-03
3259 5.000000000e-03
3340 5.000000000e-03
3430 5.000000000e-03
3429 5.000000000e-03
3341 5.000000000e-03
3253 5.000000000e-03
3171 5.000000000e-03
3067 5.000000000e-03
3158 5.000000000e-03
3159 5.000000000e-03
3066 5.000000000e-03
3151 5.000000000e-03
3003 5.000000000e-03
3001 5.000000000e-03
3002 5.000000000e-03
2902 5.000000000e-03
2903 5.000000000e-03
2937 5.000000000e-03
2832 5.000000000e-03
2899 5.000000000e-03
2898 5.000000000e-03
649 5.000000000e-03
599 5.000000000e-03
798 5.000000000e-03
837 5.000000000e-03
694 5.000000000e-03
699 5.000000000e-03
747 5.000000000e-03
797 5.000000000e-03
2990 5.000000000e-03
2764 5.000000000e-03
2632 5.000000000e-03
2488 5.000000000e-03
2885 5.000000000e-03
3082 5.000000000e-03
3165 5.000000000e-03
962 5.000000000e-03
883 5.000000000e-03
925 5.000000000e-03
881 5.000000000e-03
1044 5.000000000e-03
999 5.000000000e-03
1006 5.000000000e-03
1691 5.000000000e-03
1813 5.000000000e-03
1592 5.000000000e-03
1690 5.000000000e-03
2103 5.000000000e-03
1949 5.000000000e-03
2435 5.000000000e-03
2274 5.000000000e-03
2104 5.000000000e-03
2469 5.000000000e-03
2470 5.000000000e-03
2611 5.000000000e-03
2610 5.000000000e-03
2609 5.000000000e-03
2711 5.000000000e-03
2830 5.000000000e-03
2904 5.000000000e-03
2871 5.000000000e-03
2873 5.000000000e-03
2874 5.000000000e-03
2872 5.000000000e-03
2977 5.000000000e-03
3157 5.000000000e-03
3156 5.000000000e-03
3251 5.000000000e-03
3339 5.000000000e-03
3338 5.000000000e-03
3252 5.000000000e-03
3163 5.000000000e-03
2976 5.000000000e-03
2975 5.000000000e-03
3072 5.000000000e-03
3073 5.000000000e-03
3065 5.000000000e-03
2901 5.000000000e-03
2788 5.000000000e-03
2785 5.000000000e-03
2900 5.000000000e-03
2786 5.000000000e-03
2783 5.000000000e-03
2829 5.000000000e-03
2780 5.000000000e-03
2781 5.000000000e-03
2654 5.000000000e-03
496 5.000000000e-03
546 5.000000000e-03
545 5.000000000e-03
544 5.000000000e-03
589 5.000000000e-03
648 5.000000000e-03
638 5.000000000e-03
695 5.000000000e-03
842 5.000000000e-03
744 5.000000000e-03
750 5.000000000e-03
799 5.000000000e-03
2487 2.000000000e-02
2989 5.000000000e-03
2763 5.000000000e-03
2631 5.000000000e-03
2884 5.000000000e-03
3081 5.000000000e-03
3164 5.000000000e-03
2486 5.000000000e-03
2336 5.000000000e-03
2320 5.000000000e-03
2174 5.000000000e-03
964 5.000000000e-03
922 5.000000000e-03
961 5.000000000e-03
886 5.000000000e-03
1043 5.000000000e-03
1080 5.000000000e-03
1000 5.000000000e-03
1037 5.000000000e-03
1591 5.000000000e-03
1815 5.000000000e-03
1693 5.000000000e-03
1951 5.000000000e-03
2318 5.000000000e-03
2155 5.000000000e-03
1994 5.000000000e-03
2319 5.000000000e-03
2468 5.000000000e-03
2467 5.000000000e-03
2466 5.000000000e-03
2710 5.000000000e-03
2570 5.000000000e-03
2709 5.000000000e-03
2787 5.000000000e-03
2751 5.000000000e-03
2752 5.000000000e-03
2750 5.000000000e-03
2870 5.000000000e-03
3080 5.000000000e-03
3071 5.000000000e-03
3250 5.000000000e-03
3249 5.000000000e-03
3162 5.000000000e-03
2869 5.000000000e-03
2973 5.000000000e-03
2985 5.000000000e-03
2974 5.000000000e-03
2784 5.000000000e-03
2660 5.000000000e-03
2658 5.000000000e-03
2656 5.000000000e-03
2782 5.000000000e-03
2657 5.000000000e-03
2653 5.000000000e-03
2708 5.000000000e-03
2651 5.000000000e-03
2505 5.000000000e-03
495 5.000000000e-03
547 5.000000000e-03
271 5.000000000e-03
597 5.000000000e-03
596 5.000000000e-03
595 5.000000000e-03
594 5.000000000e-03
639 5.000000000e-03
685 5.000000000e-03
696 5.000000000e-03
746 5.000000000e-03
843 5.000000000e-03
795 5.000000000e-03
840 5.000000000e-03
2630 5.000000000e-03
2988 5.000000000e-03
2762 5.000000000e-03
2883 5.000000000e-03
2619 5.000000000e-03
3075 5.000000000e-03
3160 5.000000000e-03
2473 5.000000000e-03
2331 5.000000000e-03
2015 5.000000000e-03
2169 5.000000000e-03
1870 5.000000000e-03
1745 5.000000000e-03
1633 5.000000000e-03
1627 5.000000000e-03
1543 2.000000000e-02
1179 2.000000000e-02
1314 2.000000000e-02
1121 5.000000000e-03
1178 5.000000000e-03
998 5.000000000e-03
928 5.000000000e-03
967 5.000000000e-03
887 5.000000000e-03
1075 5.000000000e-03
1117 5.000000000e-03
1036 5.000000000e-03
1038 5.000000000e-03
1590 5.000000000e-03
1692 5.000000000e-03
1816 5.000000000e-03
1848 5.000000000e-03
2157 5.000000000e-03
1996 5.000000000e-03
2156 5.000000000e-03
2317 5.000000000e-03
2316 5.000000000e-03
2419 5.000000000e-03
2315 5.000000000e-03
2569 5.000000000e-03
2568 5.000000000e-03
2567 5.000000000e-03
2659 5.000000000e-03
2617 5.000000000e-03
2616 5.000000000e-03
2749 5.000000000e-03
2748 5.000000000e-03
3078 5.000000000e-03
3161 5.000000000e-03
3079 5.000000000e-03
2868 5.000000000e-03
2881 5.000000000e-03
2986 5.000000000e-03
2655 5.000000000e-03
2511 5.000000000e-03
2507 5.000000000e-03
2509 5.000000000e-03
2652 5.000000000e-03
2508 5.000000000e-03
2504 5.000000000e-03
2566 5.000000000e-03
2413 5.000000000e-03
445 5.000000000e-03
498 5.000000000e-03
389 5.000000000e-03
548 5.000000000e-03
205 2.000000000e-02
193 2.000000000e-02
252 5.000000000e-03
310 5.000000000e-03
330 5.000000000e-03
331 5.000000000e-03
590 5.000000000e-03
598 5.000000000e-03
646 5.000000000e-03
645 5.000000000e-03
644 5.000000000e-03
686 5.000000000e-03
733 5.000000000e-03
745 5.000000000e-03
796 5.000000000e-03
884 5.000000000e-03
841 5.000000000e-03
2754 5.000000000e-03
2982 5.000000000e-03
2876 5.000000000e-03
2618 5.000000000e-03
3074 5.000000000e-03
3077 5.000000000e-03
2482 5.000000000e-03
2330 5.000000000e-03
2009 5.000000000e-03
2168 5.000000000e-03
1864 5.000000000e-03
1739 5.000000000e-03
1626 5.000000000e-03
1542 5.000000000e-03
1470 5.000000000e-03
1396 5.000000000e-03
1246 5.000000000e-03
1313 5.000000000e-03
1394 5.000000000e-03
1245 5.000000000e-03
1175 5.000000000e-03
1242 5.000000000e-03
1003 5.000000000e-03
929 5.000000000e-03
968 5.000000000e-03
926 5.000000000e-03
1076 5.000000000e-03
1118 5.000000000e-03
1040 5.000000000e-03
1074 5.000000000e-03
2418 5.000000000e-03
1450 5.000000000e-03
1523 5.000000000e-03
1607 5.000000000e-03
1721 5.000000000e-03
1849 5.000000000e-03
1997 5.000000000e-03
1851 5.000000000e-03
1995 5.000000000e-03
2154 5.000000000e-03
2153 5.000000000e-03
2415 5.000000000e-03
2257 5.000000000e-03
2417 5.000000000e-03
2416 5.000000000e-03
2414 5.000000000e-03
2510 5.000000000e-03
2472 5.000000000e-03
2615 5.000000000e-03
2621 5.000000000e-03
2747 5.000000000e-03
2987 5.000000000e-03
3076 5.000000000e-03
2761 5.000000000e-03
2882 5.000000000e-03
2506 5.000000000e-03
2355 5.000000000e-03
2350 5.000000000e-03
2353 5.000000000e-03
2352 5.000000000e-03
2503 5.000000000e-03
2351 5.000000000e-03
2348 5.000000000e-03
2254 5.000000000e-03
2412 5.000000000e-03
444 5.000000000e-03
497 5.000000000e-03
388 5.000000000e-03
543 5.000000000e-03
253 5.000000000e-03
254 2.000000000e-02
255 5.000000000e-03
311 5.000000000e-03
365 5.000000000e-03
387 5.000000000e-03
593 5.000000000e-03
641 5.000000000e-03
647 5.000000000e-03
692 5.000000000e-03
691 5.000000000e-03
734 5.000000000e-03
784 5.000000000e-03
785 5.000000000e-03
800 5.000000000e-03
885 5.000000000e-03
845 5.000000000e-03
693 5.000000000e-03
89 2.000000000e-02
90 2.000000000e-02
118 2.000000000e-02
2981 5.000000000e-03
2753 5.000000000e-03
2875 5.000000000e-03
2627 5.000000000e-03
2984 5.000000000e-03
2481 5.000000000e-03
2328 5.000000000e-03
2008 5.000000000e-03
2166 5.000000000e-03
1863 5.000000000e-03
1738 5.000000000e-03
1625 5.000000000e-03
1541 5.000000000e-03
1469 5.000000000e-03
1315 5.000000000e-03
1395 5.000000000e-03
1310 5.000000000e-03
1174 5.000000000e-03
1241 5.000000000e-03
1004 5.000000000e-03
1041 5.000000000e-03
965 5.000000000e-03
1001 5.000000000e-03
927 5.000000000e-03
1116 5.000000000e-03
1078 5.000000000e-03
2259 5.000000000e-03
1377 5.000000000e-03
1451 5.000000000e-03
1525 5.000000000e-03
1610 5.000000000e-03
1724 5.000000000e-03
1850 5.000000000e-03
1723 5.000000000e-03
1847 5.000000000e-03
1993 5.000000000e-03
2083 5.000000000e-03
2256 5.000000000e-03
2258 5.000000000e-03
2255 5.000000000e-03
2354 5.000000000e-03
2471 5.000000000e-03
2476 5.000000000e-03
2622 5.000000000e-03
2756 5.000000000e-03
2983 5.000000000e-03
2878 5.000000000e-03
2190 5.000000000e-03
2189 5.000000000e-03
2349 5.000000000e-03
2185 5.000000000e-03
2188 5.000000000e-03
2187 5.000000000e-03
2347 5.000000000e-03
2186 5.000000000e-03
2182 5.000000000e-03
2080 5.000000000e-03
2253 5.000000000e-03
443 5.000000000e-03
494 5.000000000e-03
442 5.000000000e-03
542 5.000000000e-03
312 5.000000000e-03
313 5.000000000e-03
367 5.000000000e-03
420 5.000000000e-03
592 5.000000000e-03
643 5.000000000e-03
689 5.000000000e-03
739 5.000000000e-03
786 5.000000000e-03
831 5.000000000e-03
844 5.000000000e-03
889 5.000000000e-03
737 5.000000000e-03
740 5.000000000e-03
119 5.000000000e-03
120 5.000000000e-03
151 5.000000000e-03
196 2.000000000e-02
2880 5.000000000e-03
2759 5.000000000e-03
2626 5.000000000e-03
2879 5.000000000e-03
2329 5.000000000e-03
2480 5.000000000e-03
2167 5.000000000e-03
2005 5.000000000e-03
2007 5.000000000e-03
1860 5.000000000e-03
1735 5.000000000e-03
1622 5.000000000e-03
1538 5.000000000e-03
1466 5.000000000e-03
1391 5.000000000e-03
1309 5.000000000e-03
1173 5.000000000e-03
1240 5.000000000e-03
1077 5.000000000e-03
1039 5.000000000e-03
966 5.000000000e-03
1002 5.000000000e-03
931 5.000000000e-03
1119 5.000000000e-03
2085 5.000000000e-03
2086 5.000000000e-03
1293 5.000000000e-03
1376 5.000000000e-03
1453 5.000000000e-03
1526 5.000000000e-03
1609 5.000000000e-03
1722 5.000000000e-03
1608 5.000000000e-03
1796 5.000000000e-03
1929 5.000000000e-03
2082 5.000000000e-03
2081 5.000000000e-03
2084 5.000000000e-03
2322 5.000000000e-03
2475 5.000000000e-03
2623 5.000000000e-03
2757 5.000000000e-03
2877 5.000000000e-03
2163 5.000000000e-03
2184 5.000000000e-03
2029 5.000000000e-03
2183 5.000000000e-03
2025 5.000000000e-03
2028 5.000000000e-03
2027 5.000000000e-03
2181 5.000000000e-03
2026 5.000000000e-03
2022 5.000000000e-03
1926 5.000000000e-03
2079 5.000000000e-03
493 5.000000000e-03
475 5.000000000e-03
541 5.000000000e-03
366 2.000000000e-02
368 5.000000000e-03
369 5.000000000e-03
422 5.000000000e-03
591 5.000000000e-03
642 5.000000000e-03
690 5.000000000e-03
790 5.000000000e-03
832 5.000000000e-03
875 5.000000000e-03
888 5.000000000e-03
738 5.000000000e-03
789 5.000000000e-03
152 5.000000000e-03
153 5.000000000e-03
154 5.000000000e-03
195 5.000000000e-03
261 5.000000000e-03
262 2.000000000e-02
2760 5.000000000e-03
2629 5.000000000e-03
2485 5.000000000e-03
2758 5.000000000e-03
2327 5.000000000e-03
2335 5.000000000e-03
2006 5.000000000e-03
2165 5.000000000e-03
1862 5.000000000e-03
1737 5.000000000e-03
1624 5.000000000e-03
1540 5.000000000e-03
1468 5.000000000e-03
1393 5.000000000e-03
1312 5.000000000e-03
1244 5.000000000e-03
1177 5.000000000e-03
1042 5.000000000e-03
1079 5.000000000e-03
1005 5.000000000e-03
969 5.000000000e-03
930 5.000000000e-03
1120 5.000000000e-03
1115 5.000000000e-03
1931 5.000000000e-03
1932 5.000000000e-03
1375 5.000000000e-03
1452 5.000000000e-03
1335 5.000000000e-03
1371 5.000000000e-03
1524 5.000000000e-03
1674 5.000000000e-03
1572 5.000000000e-03
1795 5.000000000e-03
1928 5.000000000e-03
1927 5.000000000e-03
1930 5.000000000e-03
2325 5.000000000e-03
2478 5.000000000e-03
2624 5.000000000e-03
2755 5.000000000e-03
2162 5.000000000e-03
2024 5.000000000e-03
1883 5.000000000e-03
2023 5.000000000e-03
1879 5.000000000e-03
1882 5.000000000e-03
1881 5.000000000e-03
2021 5.000000000e-03
1880 5.000000000e-03
1878 5.000000000e-03
1792 5.000000000e-03
1925 5.000000000e-03
324 2.000000000e-02
325 2.000000000e-02
381 2.000000000e-02
525 5.000000000e-03
477 5.000000000e-03
572 5.000000000e-03
419 2.000000000e-02
421 5.000000000e-03
423 5.000000000e-03
424 5.000000000e-03
622 5.000000000e-03
640 5.000000000e-03
688 5.000000000e-03
735 5.000000000e-03
736 5.000000000e-03
835 5.000000000e-03
876 5.000000000e-03
917 5.000000000e-03
788 5.000000000e-03
834 5.000000000e-03
200 5.000000000e-03
201 5.000000000e-03
202 5.000000000e-03
267 5.000000000e-03
318 5.000000000e-03
319 5.000000000e-03
323 2.000000000e-02
199 5.000000000e-03
2628 5.000000000e-03
2484 5.000000000e-03
2625 5.000000000e-03
2173 5.000000000e-03
2334 5.000000000e-03
1861 5.000000000e-03
2004 5.000000000e-03
2014 5.000000000e-03
1736 5.000000000e-03
1623 5.000000000e-03
1539 5.000000000e-03
1467 5.000000000e-03
1392 5.000000000e-03
1311 5.000000000e-03
1243 5.000000000e-03
1176 5.000000000e-03
1035 5.000000000e-03
1073 5.000000000e-03
997 5.000000000e-03
955 5.000000000e-03
960 5.000000000e-03
1172 5.000000000e-03
1114 5.000000000e-03
1799 5.000000000e-03
1800 5.000000000e-03
1333 5.000000000e-03
1334 5.000000000e-03
1449 5.000000000e-03
1413 5.000000000e-03
1487 5.000000000e-03
1673 5.000000000e-03
1571 5.000000000e-03
1794 5.000000000e-03
1793 5.000000000e-03
1797 5.000000000e-03
1798 5.000000000e-03
2324 5.000000000e-03
2477 5.000000000e-03
2620 5.000000000e-03
1756 5.000000000e-03
2161 5.000000000e-03
2003 5.000000000e-03
1858 5.000000000e-03
2002 5.000000000e-03
1755 5.000000000e-03
1754 5.000000000e-03
1877 5.000000000e-03
1753 5.000000000e-03
1752 5.000000000e-03
1790 5.000000000e-03
1791 5.000000000e-03
382 5.000000000e-03
383 5.000000000e-03
436 5.000000000e-03
527 5.000000000e-03
479 5.000000000e-03
574 5.000000000e-03
474 5.000000000e-03
476 5.000000000e-03
478 5.000000000e-03
625 5.000000000e-03
673 5.000000000e-03
687 5.000000000e-03
731 5.000000000e-03
782 5.000000000e-03
787 5.000000000e-03
878 5.000000000e-03
918 5.000000000e-03
833 5.000000000e-03
877 5.000000000e-03
198 5.000000000e-03
197 5.000000000e-03
265 5.000000000e-03
266 5.000000000e-03
378 5.000000000e-03
322 5.000000000e-03
376 5.000000000e-03
377 5.000000000e-03
264 5.000000000e-03
2483 5.000000000e-03
2479 5.000000000e-03
2333 5.000000000e-03
2172 5.000000000e-03
1859 5.000000000e-03
1869 5.000000000e-03
2013 5.000000000e-03
1734 5.000000000e-03
1621 5.000000000e-03
1537 5.000000000e-03
1465 5.000000000e-03
1390 5.000000000e-03
1308 5.000000000e-03
1239 5.000000000e-03
1034 5.000000000e-03
1072 5.000000000e-03
996 5.000000000e-03
956 5.000000000e-03
992 5.000000000e-03
1171 5.000000000e-03
1113 5.000000000e-03
1677 5.000000000e-03
1678 5.000000000e-03
1332 5.000000000e-03
1412 5.000000000e-03
1485 5.000000000e-03
1569 5.000000000e-03
1193 2.000000000e-02
1671 5.000000000e-03
1672 5.000000000e-03
1675 5.000000000e-03
1676 5.000000000e-03
2323 5.000000000e-03
2474 5.000000000e-03
1732 5.000000000e-03
1857 5.000000000e-03
2160 5.000000000e-03
2001 5.000000000e-03
1731 5.000000000e-03
1641 5.000000000e-03
1751 5.000000000e-03
1640 5.000000000e-03
1639 5.000000000e-03
1669 5.000000000e-03
1670 5.000000000e-03
1575 5.000000000e-03
194 5.000000000e-03
433 5.000000000e-03
437 5.000000000e-03
438 5.000000000e-03
489 5.000000000e-03
528 5.000000000e-03
575 5.000000000e-03
524 5.000000000e-03
526 5.000000000e-03
624 5.000000000e-03
675 5.000000000e-03
721 5.000000000e-03
732 5.000000000e-03
783 5.000000000e-03
830 5.000000000e-03
919 5.000000000e-03
874 5.000000000e-03
916 5.000000000e-03
263 5.000000000e-03
260 5.000000000e-03
321 5.000000000e-03
432 5.000000000e-03
380 5.000000000e-03
431 5.000000000e-03
320 5.000000000e-03
2332 5.000000000e-03
2326 5.000000000e-03
2171 5.000000000e-03
2012 5.000000000e-03
1733 5.000000000e-03
1744 5.000000000e-03
1868 5.000000000e-03
1620 5.000000000e-03
1619 5.000000000e-03
1536 5.000000000e-03
1464 5.000000000e-03
1389 5.000000000e-03
1307 5.000000000e-03
1238 5.000000000e-03
1033 5.000000000e-03
1071 5.000000000e-03
1027 5.000000000e-03
957 5.000000000e-03
993 5.000000000e-03
1170 5.000000000e-03
1136 5.000000000e-03
1096 5.000000000e-03
1576 5.000000000e-03
1331 5.000000000e-03
1328 5.000000000e-03
1411 5.000000000e-03
1484 5.000000000e-03
1568 5.000000000e-03
1257 5.000000000e-03
1570 5.000000000e-03
1573 5.000000000e-03
1574 5.000000000e-03
2321 5.000000000e-03
1856 5.000000000e-03
2000 5.000000000e-03
2159 5.000000000e-03
1730 5.000000000e-03
1618 5.000000000e-03
1638 5.000000000e-03
1553 5.000000000e-03
1566 5.000000000e-03
1567 5.000000000e-03
1491 5.000000000e-03
1493 5.000000000e-03
259 5.000000000e-03
258 5.000000000e-03
486 5.000000000e-03
490 5.000000000e-03
536 5.000000000e-03
573 5.000000000e-03
571 5.000000000e-03
623 5.000000000e-03
674 5.000000000e-03
722 5.000000000e-03
772 5.000000000e-03
781 5.000000000e-03
829 5.000000000e-03
873 5.000000000e-03
954 5.000000000e-03
915 5.000000000e-03
317 5.000000000e-03
316 5.000000000e-03
379 5.000000000e-03
485 5.000000000e-03
434 5.000000000e-03
375 5.000000000e-03
2170 5.000000000e-03
2164 5.000000000e-03
2011 5.000000000e-03
1867 5.000000000e-03
1632 5.000000000e-03
1743 5.000000000e-03
1535 5.000000000e-03
1549 5.000000000e-03
1463 5.000000000e-03
1388 5.000000000e-03
1306 5.000000000e-03
1237 5.000000000e-03
1060 5.000000000e-03
1026 5.000000000e-03
991 5.000000000e-03
1191 5.000000000e-03
1135 5.000000000e-03
1095 5.000000000e-03
1492 5.000000000e-03
1327 5.000000000e-03
1409 5.000000000e-03
1483 5.000000000e-03
1486 5.000000000e-03
1261 5.000000000e-03
1488 5.000000000e-03
1490 5.000000000e-03
1489 5.000000000e-03
2158 5.000000000e-03
1855 5.000000000e-03
1999 5.000000000e-03
1729 5.000000000e-03
1617 5.000000000e-03
1614 5.000000000e-03
1531 5.000000000e-03
1482 5.000000000e-03
1457 5.000000000e-03
1418 5.000000000e-03
257 5.000000000e-03
315 5.000000000e-03
533 5.000000000e-03
537 5.000000000e-03
583 5.000000000e-03
621 5.000000000e-03
671 5.000000000e-03
672 5.000000000e-03
720 5.000000000e-03
771 5.000000000e-03
818 5.000000000e-03
828 5.000000000e-03
872 5.000000000e-03
911 5.000000000e-03
953 5.000000000e-03
914 5.000000000e-03
374 5.000000000e-03
373 5.000000000e-03
372 5.000000000e-03
430 5.000000000e-03
487 5.000000000e-03
435 5.000000000e-03
429 5.000000000e-03
428 5.000000000e-03
534 5.000000000e-03
2010 5.000000000e-03
1866 5.000000000e-03
1742 5.000000000e-03
1631 5.000000000e-03
1476 5.000000000e-03
1548 5.000000000e-03
1403 5.000000000e-03
1324 5.000000000e-03
1256 5.000000000e-03
1255 5.000000000e-03
1059 5.000000000e-03
1025 5.000000000e-03
990 5.000000000e-03
1133 5.000000000e-03
1189 5.000000000e-03
1093 5.000000000e-03
1417 5.000000000e-03
1330 5.000000000e-03
1410 5.000000000e-03
1414 5.000000000e-03
1260 5.000000000e-03
1416 5.000000000e-03
1415 5.000000000e-03
1998 5.000000000e-03
1853 5.000000000e-03
1854 5.000000000e-03
1727 5.000000000e-03
1613 5.000000000e-03
1530 5.000000000e-03
1462 5.000000000e-03
1387 5.000000000e-03
256 5.000000000e-03
314 5.000000000e-03
370 5.000000000e-03
580 5.000000000e-03
584 5.000000000e-03
632 5.000000000e-03
681 5.000000000e-03
719 5.000000000e-03
770 5.000000000e-03
817 5.000000000e-03
861 5.000000000e-03
871 5.000000000e-03
913 5.000000000e-03
949 5.000000000e-03
952 5.000000000e-03
427 5.000000000e-03
426 5.000000000e-03
484 5.000000000e-03
488 5.000000000e-03
482 5.000000000e-03
483 5.000000000e-03
581 5.000000000e-03
535 5.000000000e-03
1865 5.000000000e-03
1741 5.000000000e-03
1630 5.000000000e-03
1547 5.000000000e-03
1475 5.000000000e-03
1402 5.000000000e-03
1323 5.000000000e-03
1190 5.000000000e-03
1254 5.000000000e-03
1058 5.000000000e-03
1024 5.000000000e-03
989 5.000000000e-03
1094 5.000000000e-03
1134 5.000000000e-03
1088 5.000000000e-03
1138 5.000000000e-03
1195 5.000000000e-03
1339 5.000000000e-03
1329 5.000000000e-03
1338 5.000000000e-03
1259 5.000000000e-03
1337 5.000000000e-03
1336 5.000000000e-03
1852 5.000000000e-03
1728 5.000000000e-03
1616 5.000000000e-03
1534 5.000000000e-03
1461 5.000000000e-03
1386 5.000000000e-03
270 5.000000000e-03
204 5.000000000e-03
329 5.000000000e-03
371 5.000000000e-03
328 5.000000000e-03
629 5.000000000e-03
633 5.000000000e-03
630 5.000000000e-03
682 5.000000000e-03
728 5.000000000e-03
778 5.000000000e-03
825 5.000000000e-03
868 5.000000000e-03
903 5.000000000e-03
912 5.000000000e-03
951 5.000000000e-03
986 5.000000000e-03
481 5.000000000e-03
425 5.000000000e-03
530 5.000000000e-03
532 5.000000000e-03
531 5.000000000e-03
582 5.000000000e-03
579 5.000000000e-03
1740 5.000000000e-03
1629 5.000000000e-03
1546 5.000000000e-03
1474 5.000000000e-03
1401 5.000000000e-03
1322 5.000000000e-03
1188 5.000000000e-03
1252 5.000000000e-03
1320 5.000000000e-03
1054 5.000000000e-03
1021 5.000000000e-03
1020 5.000000000e-03
1128 5.000000000e-03
1132 5.000000000e-03
1089 5.000000000e-03
1137 5.000000000e-03
1194 5.000000000e-03
1385 5.000000000e-03
1270 5.000000000e-03
1205 5.000000000e-03
1269 5.000000000e-03
1305 5.000000000e-03
1725 5.000000000e-03
1726 5.000000000e-03
1615 5.000000000e-03
1533 5.000000000e-03
1460 5.000000000e-03
269 5.000000000e-03
203 5.000000000e-03
327 5.000000000e-03
386 5.000000000e-03
385 5.000000000e-03
679 5.000000000e-03
631 5.000000000e-03
727 5.000000000e-03
777 5.000000000e-03
824 5.000000000e-03
867 5.000000000e-03
909 5.000000000e-03
942 5.000000000e-03
950 5.000000000e-03
988 5.000000000e-03
480 5.000000000e-03
441 5.000000000e-03
529 5.000000000e-03
577 5.000000000e-03
578 5.000000000e-03
628 5.000000000e-03
627 5.000000000e-03
1628 5.000000000e-03
1545 5.000000000e-03
1473 5.000000000e-03
1400 5.000000000e-03
1187 5.000000000e-03
1253 5.000000000e-03
1321 5.000000000e-03
1056 5.000000000e-03
1023 5.000000000e-03
1129 5.000000000e-03
1185 5.000000000e-03
1092 5.000000000e-03
1112 5.000000000e-03
1168 5.000000000e-03
1169 5.000000000e-03
1384 5.000000000e-03
1236 5.000000000e-03
1304 5.000000000e-03
1611 5.000000000e-03
1612 5.000000000e-03
1532 5.000000000e-03
1459 5.000000000e-03
1108 5.000000000e-03
268 5.000000000e-03
244 5.000000000e-03
326 5.000000000e-03
384 5.000000000e-03
439 5.000000000e-03
440 5.000000000e-03
680 5.000000000e-03
678 5.000000000e-03
726 5.000000000e-03
776 5.000000000e-03
823 5.000000000e-03
866 5.000000000e-03
908 5.000000000e-03
947 5.000000000e-03
980 5.000000000e-03
987 5.000000000e-03
492 5.000000000e-03
540 5.000000000e-03
576 5.000000000e-03
626 5.000000000e-03
676 5.000000000e-03
1544 5.000000000e-03
1472 5.000000000e-03
1399 5.000000000e-03
1251 5.000000000e-03
1319 5.000000000e-03
1022 5.000000000e-03
1057 5.000000000e-03
1131 5.000000000e-03
1186 5.000000000e-03
1091 5.000000000e-03
1527 5.000000000e-03
1160 5.000000000e-03
1167 5.000000000e-03
1235 5.000000000e-03
1383 5.000000000e-03
1303 5.000000000e-03
1529 5.000000000e-03
1528 5.000000000e-03
1458 5.000000000e-03
1161 2.000000000e-02
243 5.000000000e-03
302 5.000000000e-03
358 5.000000000e-03
412 5.000000000e-03
466 5.000000000e-03
491 5.000000000e-03
725 5.000000000e-03
724 5.000000000e-03
775 5.000000000e-03
821 5.000000000e-03
822 5.000000000e-03
865 5.000000000e-03
907 5.000000000e-03
946 5.000000000e-03
984 5.000000000e-03
1015 5.000000000e-03
539 5.000000000e-03
587 5.000000000e-03
677 5.000000000e-03
588 5.000000000e-03
634 5.000000000e-03
1471 5.000000000e-03
1398 5.000000000e-03
1250 5.000000000e-03
1318 5.000000000e-03
1050 5.000000000e-03
1055 5.000000000e-03
1130 5.000000000e-03
1184 5.000000000e-03
1090 5.000000000e-03
1456 5.000000000e-03
1226 5.000000000e-03
1234 5.000000000e-03
1382 5.000000000e-03
1302 5.000000000e-03
1455 5.000000000e-03
1454 5.000000000e-03
1227 5.000000000e-03
251 5.000000000e-03
250 5.000000000e-03
249 5.000000000e-03
309 5.000000000e-03
364 5.000000000e-03
418 5.000000000e-03
473 5.000000000e-03
518 5.000000000e-03
538 5.000000000e-03
774 5.000000000e-03
723 5.000000000e-03
820 5.000000000e-03
863 5.000000000e-03
864 5.000000000e-03
906 5.000000000e-03
945 5.000000000e-03
983 5.000000000e-03
1018 5.000000000e-03
586 5.000000000e-03
636 5.000000000e-03
683 5.000000000e-03
637 5.000000000e-03
585 5.000000000e-03
1397 5.000000000e-03
1249 5.000000000e-03
1317 5.000000000e-03
1052 5.000000000e-03
1085 5.000000000e-03
1127 5.000000000e-03
1183 5.000000000e-03
1124 5.000000000e-03
1381 5.000000000e-03
1380 5.000000000e-03
1297 5.000000000e-03
1378 5.000000000e-03
1379 5.000000000e-03
1229 5.000000000e-03
248 5.000000000e-03
308 5.000000000e-03
307 5.000000000e-03
363 5.000000000e-03
417 5.000000000e-03
472 5.000000000e-03
523 5.000000000e-03
566 5.000000000e-03
773 5.000000000e-03
729 5.000000000e-03
819 5.000000000e-03
862 5.000000000e-03
905 5.000000000e-03
944 5.000000000e-03
982 5.000000000e-03
1017 5.000000000e-03
635 5.000000000e-03
684 5.000000000e-03
615 5.000000000e-03
616 5.000000000e-03
1051 5.000000000e-03
1316 5.000000000e-03
1248 5.000000000e-03
1086 5.000000000e-03
1181 5.000000000e-03
1125 5.000000000e-03
1301 5.000000000e-03
1300 5.000000000e-03
1298 5.000000000e-03
1299 5.000000000e-03
1228 2.000000000e-02
247 5.000000000e-03
192 5.000000000e-03
306 5.000000000e-03
362 5.000000000e-03
416 5.000000000e-03
471 5.000000000e-03
522 5.000000000e-03
570 5.000000000e-03
779 5.000000000e-03
730 5.000000000e-03
826 5.000000000e-03
869 5.000000000e-03
904 5.000000000e-03
943 5.000000000e-03
981 5.000000000e-03
1016 5.000000000e-03
667 5.000000000e-03
716 5.000000000e-03
620 5.000000000e-03
666 5.000000000e-03
1019 5.000000000e-03
1053 5.000000000e-03
1247 5.000000000e-03
1182 5.000000000e-03
1087 5.000000000e-03
1126 5.000000000e-03
1233 5.000000000e-03
1232 5.000000000e-03
1230 5.000000000e-03
1231 5.000000000e-03
1163 5.000000000e-03
1162 2.000000000e-02
150 5.000000000e-03
246 5.000000000e-03
305 5.000000000e-03
191 5.000000000e-03
361 5.000000000e-03
415 5.000000000e-03
470 5.000000000e-03
521 5.000000000e-03
569 5.000000000e-03
780 5.000000000e-03
767 5.000000000e-03
827 5.000000000e-03
870 5.000000000e-03
910 5.000000000e-03
948 5.000000000e-03
985 5.000000000e-03
715 5.000000000e-03
766 5.000000000e-03
619 5.000000000e-03
670 5.000000000e-03
1014 5.000000000e-03
1049 5.000000000e-03
1084 5.000000000e-03
1180 5.000000000e-03
1123 5.000000000e-03
1166 5.000000000e-03
1165 5.000000000e-03
1164 5.000000000e-03
1109 2.000000000e-02
149 5.000000000e-03
304 5.000000000e-03
190 5.000000000e-03
245 5.000000000e-03
242 5.000000000e-03
360 5.000000000e-03
414 5.000000000e-03
468 5.000000000e-03
469 5.000000000e-03
520 5.000000000e-03
568 5.000000000e-03
815 5.000000000e-03
860 5.000000000e-03
902 5.000000000e-03
941 5.000000000e-03
979 5.000000000e-03
769 5.000000000e-03
618 5.000000000e-03
718 5.000000000e-03
669 5.000000000e-03
978 5.000000000e-03
1013 5.000000000e-03
1048 5.000000000e-03
1083 5.000000000e-03
1122 5.000000000e-03
1111 5.000000000e-03
1110 5.000000000e-03
1069 2.000000000e-02
1031 2.000000000e-02
188 5.000000000e-03
189 5.000000000e-03
359 5.000000000e-03
303 5.000000000e-03
241 5.000000000e-03
301 5.000000000e-03
413 5.000000000e-03
411 5.000000000e-03
467 5.000000000e-03
519 5.000000000e-03
567 5.000000000e-03
816 5.000000000e-03
859 5.000000000e-03
901 5.000000000e-03
940 5.000000000e-03
768 5.000000000e-03
617 5.000000000e-03
668 5.000000000e-03
717 5.000000000e-03
939 5.000000000e-03
977 5.000000000e-03
1012 5.000000000e-03
1047 5.000000000e-03
1082 5.000000000e-03
1081 5.000000000e-03
1070 5.000000000e-03
1068 5.000000000e-03
1030 5.000000000e-03
994 2.000000000e-02
187 5.000000000e-03
239 5.000000000e-03
240 5.000000000e-03
357 5.000000000e-03
300 5.000000000e-03
410 5.000000000e-03
465 5.000000000e-03
517 5.000000000e-03
565 5.000000000e-03
614 5.000000000e-03
814 5.000000000e-03
858 5.000000000e-03
900 5.000000000e-03
765 5.000000000e-03
664 5.000000000e-03
665 5.000000000e-03
714 5.000000000e-03
899 5.000000000e-03
938 5.000000000e-03
1011 5.000000000e-03
976 5.000000000e-03
1046 5.000000000e-03
1045 5.000000000e-03
1032 5.000000000e-03
995 5.000000000e-03
959 2.000000000e-02
186 5.000000000e-03
238 5.000000000e-03
237 5.000000000e-03
298 5.000000000e-03
299 5.000000000e-03
356 5.000000000e-03
409 5.000000000e-03
464 5.000000000e-03
516 5.000000000e-03
564 5.000000000e-03
613 5.000000000e-03
813 5.000000000e-03
857 5.000000000e-03
764 5.000000000e-03
663 5.000000000e-03
712 5.000000000e-03
713 5.000000000e-03
856 5.000000000e-03
898 5.000000000e-03
937 5.000000000e-03
1010 5.000000000e-03
975 5.000000000e-03
1009 5.000000000e-03
1008 5.000000000e-03
972 5.000000000e-03
958 5.000000000e-03
185 5.000000000e-03
236 5.000000000e-03
297 5.000000000e-03
353 5.000000000e-03
355 5.000000000e-03
408 5.000000000e-03
463 5.000000000e-03
515 5.000000000e-03
563 5.000000000e-03
612 5.000000000e-03
662 5.000000000e-03
812 5.000000000e-03
763 5.000000000e-03
711 5.000000000e-03
762 5.000000000e-03
921 2.000000000e-02
855 5.000000000e-03
897 5.000000000e-03
936 5.000000000e-03
974 5.000000000e-03
973 5.000000000e-03
933 5.000000000e-03
920 5.000000000e-03
184 5.000000000e-03
235 5.000000000e-03
296 5.000000000e-03
352 5.000000000e-03
406 5.000000000e-03
461 5.000000000e-03
512 5.000000000e-03
514 5.000000000e-03
562 5.000000000e-03
611 5.000000000e-03
661 5.000000000e-03
710 5.000000000e-03
811 5.000000000e-03
761 5.000000000e-03
880 2.000000000e-02
854 5.000000000e-03
896 5.000000000e-03
935 5.000000000e-03
934 5.000000000e-03
893 5.000000000e-03
879 5.000000000e-03
181 5.000000000e-03
233 5.000000000e-03
294 5.000000000e-03
350 5.000000000e-03
354 5.000000000e-03
180 5.000000000e-03
407 5.000000000e-03
462 5.000000000e-03
513 5.000000000e-03
561 5.000000000e-03
610 5.000000000e-03
660 5.000000000e-03
709 5.000000000e-03
760 5.000000000e-03
810 5.000000000e-03
836 5.000000000e-03
853 5.000000000e-03
894 5.000000000e-03
895 5.000000000e-03
892 5.000000000e-03
850 5.000000000e-03
232 5.000000000e-03
293 5.000000000e-03
349 5.000000000e-03
403 5.000000000e-03
405 5.000000000e-03
231 5.000000000e-03
183 5.000000000e-03
460 5.000000000e-03
511 5.000000000e-03
560 5.000000000e-03
609 5.000000000e-03
659 5.000000000e-03
708 5.000000000e-03
759 5.000000000e-03
809 5.000000000e-03
791 2.000000000e-02
804 5.000000000e-03
851 5.000000000e-03
852 5.000000000e-03
849 5.000000000e-03
292 5.000000000e-03
348 5.000000000e-03
402 5.000000000e-03
458 5.000000000e-03
234 5.000000000e-03
182 5.000000000e-03
509 5.000000000e-03
558 5.000000000e-03
608 5.000000000e-03
658 5.000000000e-03
701 5.000000000e-03
754 5.000000000e-03
805 5.000000000e-03
753 5.000000000e-03
741 5.000000000e-03
803 5.000000000e-03
806 5.000000000e-03
808 5.000000000e-03
807 5.000000000e-03
295 5.000000000e-03
351 5.000000000e-03
287 5.000000000e-03
404 5.000000000e-03
459 5.000000000e-03
226 5.000000000e-03
175 5.000000000e-03
230 5.000000000e-03
510 5.000000000e-03
559 5.000000000e-03
607 5.000000000e-03
652 5.000000000e-03
703 5.000000000e-03
755 5.000000000e-03
752 5.000000000e-03
700 5.000000000e-03
756 5.000000000e-03
758 5.000000000e-03
757 5.000000000e-03
344 5.000000000e-03
399 5.000000000e-03
291 5.000000000e-03
456 5.000000000e-03
507 5.000000000e-03
289 5.000000000e-03
179 5.000000000e-03
148 5.000000000e-03
228 5.000000000e-03
146 5.000000000e-03
557 5.000000000e-03
602 5.000000000e-03
651 5.000000000e-03
702 5.000000000e-03
707 5.000000000e-03
704 5.000000000e-03
653 5.000000000e-03
705 5.000000000e-03
706 5.000000000e-03
347 5.000000000e-03
401 5.000000000e-03
345 5.000000000e-03
508 5.000000000e-03
457 5.000000000e-03
288 5.000000000e-03
290 5.000000000e-03
177 5.000000000e-03
227 5.000000000e-03
145 5.000000000e-03
551 5.000000000e-03
601 5.000000000e-03
650 5.000000000e-03
657 5.000000000e-03
654 5.000000000e-03
603 5.000000000e-03
655 5.000000000e-03
656 5.000000000e-03
553 5.000000000e-03
400 5.000000000e-03
346 5.000000000e-03
502 5.000000000e-03
450 5.000000000e-03
335 5.000000000e-03
229 5.000000000e-03
275 5.000000000e-03
178 5.000000000e-03
176 5.000000000e-03
144 5.000000000e-03
501 5.000000000e-03
550 5.000000000e-03
600 5.000000000e-03
606 5.000000000e-03
604 5.000000000e-03
605 5.000000000e-03
215 2.000000000e-02
552 5.000000000e-03
162 5.000000000e-03
161 5.000000000e-03
127 5.000000000e-03
97 2.000000000e-02
98 2.000000000e-02
393 5.000000000e-03
449 5.000000000e-03
336 5.000000000e-03
276 5.000000000e-03
210 5.000000000e-03
211 5.000000000e-03
158 5.000000000e-03
147 5.000000000e-03
117 5.000000000e-03
448 5.000000000e-03
500 5.000000000e-03
549 5.000000000e-03
556 5.000000000e-03
555 5.000000000e-03
554 5.000000000e-03
214 5.000000000e-03
279 2.000000000e-02
503 5.000000000e-03
213 5.000000000e-03
160 5.000000000e-03
212 5.000000000e-03
128 5.000000000e-03
392 5.000000000e-03
334 5.000000000e-03
274 5.000000000e-03
159 5.000000000e-03
209 5.000000000e-03
126 5.000000000e-03
125 5.000000000e-03
95 5.000000000e-03
447 5.000000000e-03
499 5.000000000e-03
506 5.000000000e-03
505 5.000000000e-03
504 5.000000000e-03
451 2.000000000e-02
278 5.000000000e-03
338 2.000000000e-02
452 5.000000000e-03
277 5.000000000e-03
216 2.000000000e-02
163 5.000000000e-03
129 5.000000000e-03
99 5.000000000e-03
391 5.000000000e-03
333 5.000000000e-03
208 5.000000000e-03
273 5.000000000e-03
157 5.000000000e-03
124 5.000000000e-03
96 5.000000000e-03
71 5.000000000e-03
446 5.000000000e-03
455 5.000000000e-03
454 5.000000000e-03
453 5.000000000e-03
394 5.000000000e-03
337 5.000000000e-03
395 5.000000000e-03
280 5.000000000e-03
219 5.000000000e-03
164 5.000000000e-03
132 5.000000000e-03
102 5.000000000e-03
72 5.000000000e-03
390 5.000000000e-03
207 5.000000000e-03
332 5.000000000e-03
272 5.000000000e-03
123 5.000000000e-03
156 5.000000000e-03
94 5.000000000e-03
93 5.000000000e-03
398 5.000000000e-03
397 5.000000000e-03
396 5.000000000e-03
339 5.000000000e-03
282 5.000000000e-03
218 5.000000000e-03
166 5.000000000e-03
131 5.000000000e-03
101 5.000000000e-03
100 5.000000000e-03
77 2.000000000e-02
56 2.000000000e-02
343 5.000000000e-03
206 5.000000000e-03
285 5.000000000e-03
222 5.000000000e-03
122 5.000000000e-03
155 5.000000000e-03
92 5.000000000e-03
70 5.000000000e-03
342 5.000000000e-03
341 5.000000000e-03
340 5.000000000e-03
281 5.000000000e-03
217 5.000000000e-03
165 5.000000000e-03
130 5.000000000e-03
106 5.000000000e-03
76 5.000000000e-03
55 2.000000000e-02
42 2.000000000e-02
286 5.000000000e-03
170 5.000000000e-03
223 5.000000000e-03
225 5.000000000e-03
171 5.000000000e-03
121 5.000000000e-03
138 5.000000000e-03
91 5.000000000e-03
69 5.000000000e-03
284 5.000000000e-03
283 5.000000000e-03
220 5.000000000e-03
167 5.000000000e-03
134 5.000000000e-03
105 5.000000000e-03
75 2.000000000e-02
54 2.000000000e-02
224 5.000000000e-03
139 5.000000000e-03
174 5.000000000e-03
173 5.000000000e-03
143 5.000000000e-03
111 5.000000000e-03
83 5.000000000e-03
68 5.000000000e-03
221 5.000000000e-03
169 5.000000000e-03
137 5.000000000e-03
133 5.000000000e-03
104 5.000000000e-03
74 2.000000000e-02
172 5.000000000e-03
116 5.000000000e-03
142 5.000000000e-03
141 5.000000000e-03
115 5.000000000e-03
88 5.000000000e-03
67 5.000000000e-03
61 5.000000000e-03
168 5.000000000e-03
136 5.000000000e-03
110 5.000000000e-03
103 5.000000000e-03
73 2.000000000e-02
140 5.000000000e-03
87 5.000000000e-03
114 5.000000000e-03
113 5.000000000e-03
86 5.000000000e-03
66 5.000000000e-03
52 5.000000000e-03
53 5.000000000e-03
135 5.000000000e-03
109 5.000000000e-03
108 5.000000000e-03
82 5.000000000e-03
60 2.000000000e-02
112 5.000000000e-03
65 5.000000000e-03
51 5.000000000e-03
85 5.000000000e-03
64 5.000000000e-03
40 5.000000000e-03
50 5.000000000e-03
41 5.000000000e-03
107 5.000000000e-03
81 5.000000000e-03
80 5.000000000e-03
79 5.000000000e-03
84 5.000000000e-03
49 5.000000000e-03
63 5.000000000e-03
38 5.000000000e-03
30 5.000000000e-03
39 5.000000000e-03
31 5.000000000e-03
78 5.000000000e-03
59 5.000000000e-03
58 5.000000000e-03
62 5.000000000e-03
47 5.000000000e-03
48 5.000000000e-03
36 5.000000000e-03
26 5.000000000e-03
29 5.000000000e-03
57 5.000000000e-03
44 5.000000000e-03
45 5.000000000e-03
46 5.000000000e-03
37 5.000000000e-03
28 5.000000000e-03
21 5.000000000e-03
22 5.000000000e-03
43 5.000000000e-03
34 5.000000000e-03
35 5.000000000e-03
33 5.000000000e-03
27 5.000000000e-03
20 5.000000000e-03
14 5.000000000e-03
15 5.000000000e-03
32 5.000000000e-03
25 5.000000000e-03
24 5.000000000e-03
19 5.000000000e-03
13 5.000000000e-03
9 5.000000000e-03
23 5.000000000e-03
18 5.000000000e-03
17 5.000000000e-03
12 5.000000000e-03
8 5.000000000e-03
16 5.000000000e-03
11 5.000000000e-03
7 5.000000000e-03
4 5.000000000e-03
10 5.000000000e-03
6 5.000000000e-03
3 5.000000000e-03
5 5.000000000e-03
2 5.000000000e-03
1 2.000000000e-02
13539 3.000000000e-02
13326 3.000000000e-02
13116 3.000000000e-02
13112 3.000000000e-02
12887 3.000000000e-02
12658 3.000000000e-02
13114 3.000000000e-02
13115 3.000000000e-02
9465 3.000000000e-02
9705 3.000000000e-02
8535 3.000000000e-02
7955 3.000000000e-02
7954 3.000000000e-02
9010 3.000000000e-02
9464 3.000000000e-02
9042 3.000000000e-02
14699 3.000000000e-02
14900 3.000000000e-02
7637 3.000000000e-02
7946 3.000000000e-02
8532 3.000000000e-02
8779 3.000000000e-02
11635 3.000000000e-02
11639 3.000000000e-02
11638 3.000000000e-02
8249 3.000000000e-02
8245 3.000000000e-02
7951 3.000000000e-02
7952 3.000000000e-02
8246 3.000000000e-02
8247 3.000000000e-02
7330 3.000000000e-02
7642 3.000000000e-02
11640 3.000000000e-02
11021 3.000000000e-02
11022 3.000000000e-02
11212 3.000000000e-02
8531 3.000000000e-02
8533 3.000000000e-02
7640 3.000000000e-02
7948 3.000000000e-02
14064 3.000000000e-02
14283 3.000000000e-02
9396 3.000000000e-02
9632 3.000000000e-02
9860 3.000000000e-02
9629 3.000000000e-02
9395 3.000000000e-02
9631 3.000000000e-02
4872 3.000000000e-02
8270 3.000000000e-02
7981 3.000000000e-02
7681 3.000000000e-02
8416 3.000000000e-02
8414 3.000000000e-02
8134 3.000000000e-02
9391 3.000000000e-02
9398 3.000000000e-02
9172 3.000000000e-02
11622 3.000000000e-02
11422 3.000000000e-02
9164 3.000000000e-02
9165 3.000000000e-02
9393 3.000000000e-02
7980 3.000000000e-02
7949 3.000000000e-02
9862 3.000000000e-02
10068 3.000000000e-02
8677 3.000000000e-02
8925 3.000000000e-02
9380 3.000000000e-02
8912 3.000000000e-02
8676 3.000000000e-02
8924 3.000000000e-02
13213 3.000000000e-02
13428 3.000000000e-02
8094 3.000000000e-02
8123 3.000000000e-02
8391 3.000000000e-02
8393 3.000000000e-02
8409 3.000000000e-02
7797 3.000000000e-02
8100 3.000000000e-02
8392 3.000000000e-02
8098 3.000000000e-02
7795 3.000000000e-02
8099 3.000000000e-02
8097 3.000000000e-02
7792 3.000000000e-02
10265 3.000000000e-02
10461 3.000000000e-02
10065 3.000000000e-02
10264 3.000000000e-02
7473 3.000000000e-02
8108 3.000000000e-02
7807 3.000000000e-02
9853 3.000000000e-02
9625 3.000000000e-02
9624 3.000000000e-02
8397 3.000000000e-02
8399 3.000000000e-02
9144 3.000000000e-02
9379 3.000000000e-02
8913 3.000000000e-02
8914 3.000000000e-02
9619 3.000000000e-02
9855 3.000000000e-02
13120 3.000000000e-02
13331 3.000000000e-02
8534 3.000000000e-02
8781 3.000000000e-02
14906 3.000000000e-02
15119 3.000000000e-02
8928 3.000000000e-02
8684 3.000000000e-02
7796 3.000000000e-02
7479 3.000000000e-02
7790 3.000000000e-02
7163 3.000000000e-02
9015 3.000000000e-02
9238 3.000000000e-02
8774 3.000000000e-02
8773 3.000000000e-02
8772 3.000000000e-02
8693 3.000000000e-02
8696 3.000000000e-02
8444 3.000000000e-02
8678 3.000000000e-02
8419 3.000000000e-02
14065 3.000000000e-02
14066 3.000000000e-02
8400 3.000000000e-02
8661 3.000000000e-02
6829 3.000000000e-02
6211 3.000000000e-02
6220 3.000000000e-02
6522 3.000000000e-02
13118 3.000000000e-02
13328 3.000000000e-02
8248 3.000000000e-02
7953 3.000000000e-02
9237 3.000000000e-02
9014 3.000000000e-02
9009 3.000000000e-02
8771 3.000000000e-02
8519 3.000000000e-02
8521 3.000000000e-02
8934 3.000000000e-02
8932 3.000000000e-02
9146 3.000000000e-02
9160 3.000000000e-02
8408 3.000000000e-02
8675 3.000000000e-02
8660 3.000000000e-02
10259 3.000000000e-02
10459 3.000000000e-02
7789 3.000000000e-02
7466 3.000000000e-02
9861 3.000000000e-02
10055 3.000000000e-02
10260 3.000000000e-02
10056 3.000000000e-02
10053 3.000000000e-02
15523 3.000000000e-02
15726 3.000000000e-02
14284 3.000000000e-02
14493 3.000000000e-02
14698 3.000000000e-02
14905 3.000000000e-02
