eastcoast_95d_ll_select.grd nodal attributes                                    
        3199
           2
primitive_weighting_in_continuity_equation                                      
unitless                                                                        
           1
  0.500000000E-02
mannings_n_at_sea_floor                                                         
unitless                                                                        
           1
  0.250000000E-01
primitive_weighting_in_continuity_equation                                      
          75
      9452    0.20000000E-01
      9851    0.20000000E-01
      9852    0.20000000E-01
      9853    0.20000000E-01
      9858    0.20000000E-01
     10188    0.20000000E-01
     11382    0.20000000E-01
     11383    0.20000000E-01
     11384    0.20000000E-01
     11386    0.20000000E-01
     11605    0.20000000E-01
     11608    0.20000000E-01
     11609    0.20000000E-01
     11610    0.20000000E-01
     11614    0.20000000E-01
     11615    0.20000000E-01
     11616    0.20000000E-01
     11832    0.20000000E-01
     11833    0.20000000E-01
     11840    0.20000000E-01
     11841    0.20000000E-01
     11842    0.20000000E-01
     11843    0.20000000E-01
     12057    0.20000000E-01
     12058    0.20000000E-01
     12059    0.20000000E-01
     12060    0.20000000E-01
     12061    0.20000000E-01
     12260    0.20000000E-01
     12261    0.20000000E-01
     12262    0.20000000E-01
     12263    0.20000000E-01
     12265    0.20000000E-01
     12471    0.20000000E-01
     12472    0.20000000E-01
     12474    0.20000000E-01
     13197    0.20000000E-01
     13198    0.20000000E-01
     13199    0.20000000E-01
     13200    0.20000000E-01
     13201    0.20000000E-01
     13470    0.20000000E-01
     13471    0.20000000E-01
     13472    0.20000000E-01
     13473    0.20000000E-01
     13474    0.20000000E-01
     13475    0.20000000E-01
     13476    0.20000000E-01
     13477    0.20000000E-01
     13766    0.20000000E-01
     13768    0.20000000E-01
     13769    0.20000000E-01
     14077    0.20000000E-01
     14080    0.20000000E-01
     14081    0.20000000E-01
     14405    0.20000000E-01
     14406    0.20000000E-01
     15561    0.20000000E-01
     15953    0.20000000E-01
     16319    0.20000000E-01
     16320    0.20000000E-01
     16901    0.20000000E-01
     16902    0.20000000E-01
     17136    0.20000000E-01
     17137    0.20000000E-01
     17341    0.20000000E-01
     17342    0.20000000E-01
     18887    0.20000000E-01
     18888    0.20000000E-01
     18889    0.20000000E-01
     21945    0.20000000E-01
     22345    0.20000000E-01
     22350    0.20000000E-01
     22351    0.20000000E-01
     22754    0.20000000E-01
mannings_n_at_sea_floor                                                         
           0
