eastcoast_95d_ll_select.grd nodal attributes                                    
        1368
           2
primitive_weighting_in_continuity_equation                                      
unitless                                                                        
           1
  0.500000000E-02
mannings_n_at_sea_floor                                                         
unitless                                                                        
           1
  0.250000000E-01
primitive_weighting_in_continuity_equation                                      
         238
     22953    0.20000000E-01
     22989    0.20000000E-01
     22990    0.20000000E-01
     22991    0.20000000E-01
     22992    0.20000000E-01
     23377    0.20000000E-01
     23420    0.20000000E-01
     23421    0.20000000E-01
     23422    0.20000000E-01
     23423    0.20000000E-01
     23440    0.20000000E-01
     23441    0.20000000E-01
     23816    0.20000000E-01
     23817    0.20000000E-01
     23842    0.20000000E-01
     23845    0.20000000E-01
     23846    0.20000000E-01
     23847    0.20000000E-01
     23849    0.20000000E-01
     23855    0.20000000E-01
     23856    0.20000000E-01
     23857    0.20000000E-01
     23858    0.20000000E-01
     23860    0.20000000E-01
     23861    0.20000000E-01
     23862    0.20000000E-01
     23863    0.20000000E-01
     23864    0.20000000E-01
     23865    0.20000000E-01
     23884    0.20000000E-01
     23885    0.20000000E-01
     24234    0.20000000E-01
     24235    0.20000000E-01
     24256    0.20000000E-01
     24257    0.20000000E-01
     24258    0.20000000E-01
     24264    0.20000000E-01
     24265    0.20000000E-01
     24279    0.20000000E-01
     24280    0.20000000E-01
     24282    0.20000000E-01
     24283    0.20000000E-01
     24284    0.20000000E-01
     24285    0.20000000E-01
     24286    0.20000000E-01
     24287    0.20000000E-01
     24288    0.20000000E-01
     24289    0.20000000E-01
     24291    0.20000000E-01
     24295    0.20000000E-01
     24296    0.20000000E-01
     24297    0.20000000E-01
     24298    0.20000000E-01
     24299    0.20000000E-01
     24300    0.20000000E-01
     24301    0.20000000E-01
     24302    0.20000000E-01
     24303    0.20000000E-01
     24304    0.20000000E-01
     24319    0.20000000E-01
     24321    0.20000000E-01
     24322    0.20000000E-01
     24323    0.20000000E-01
     24352    0.20000000E-01
     24353    0.20000000E-01
     24354    0.20000000E-01
     24355    0.20000000E-01
     24356    0.20000000E-01
     24358    0.20000000E-01
     24359    0.20000000E-01
     24360    0.20000000E-01
     24361    0.20000000E-01
     24642    0.20000000E-01
     24643    0.20000000E-01
     24644    0.20000000E-01
     24645    0.20000000E-01
     24646    0.20000000E-01
     24647    0.20000000E-01
     24648    0.20000000E-01
     24649    0.20000000E-01
     24650    0.20000000E-01
     24655    0.20000000E-01
     24667    0.20000000E-01
     24680    0.20000000E-01
     24681    0.20000000E-01
     24682    0.20000000E-01
     24683    0.20000000E-01
     24684    0.20000000E-01
     24685    0.20000000E-01
     24686    0.20000000E-01
     24687    0.20000000E-01
     24688    0.20000000E-01
     24689    0.20000000E-01
     24690    0.20000000E-01
     24691    0.20000000E-01
     24692    0.20000000E-01
     24693    0.20000000E-01
     24707    0.20000000E-01
     24708    0.20000000E-01
     24709    0.20000000E-01
     24710    0.20000000E-01
     24711    0.20000000E-01
     24726    0.20000000E-01
     24741    0.20000000E-01
     24742    0.20000000E-01
     24743    0.20000000E-01
     24744    0.20000000E-01
     24745    0.20000000E-01
     24746    0.20000000E-01
     24747    0.20000000E-01
     24748    0.20000000E-01
     24749    0.20000000E-01
     24750    0.20000000E-01
     24751    0.20000000E-01
     24752    0.20000000E-01
     24753    0.20000000E-01
     25013    0.20000000E-01
     25014    0.20000000E-01
     25015    0.20000000E-01
     25016    0.20000000E-01
     25017    0.20000000E-01
     25018    0.20000000E-01
     25019    0.20000000E-01
     25020    0.20000000E-01
     25021    0.20000000E-01
     25022    0.20000000E-01
     25023    0.20000000E-01
     25024    0.20000000E-01
     25026    0.20000000E-01
     25027    0.20000000E-01
     25036    0.20000000E-01
     25045    0.20000000E-01
     25046    0.20000000E-01
     25047    0.20000000E-01
     25048    0.20000000E-01
     25049    0.20000000E-01
     25050    0.20000000E-01
     25051    0.20000000E-01
     25052    0.20000000E-01
     25053    0.20000000E-01
     25066    0.20000000E-01
     25067    0.20000000E-01
     25083    0.20000000E-01
     25084    0.20000000E-01
     25085    0.20000000E-01
     25086    0.20000000E-01
     25087    0.20000000E-01
     25094    0.20000000E-01
     25095    0.20000000E-01
     25097    0.20000000E-01
     25098    0.20000000E-01
     25099    0.20000000E-01
     25100    0.20000000E-01
     25101    0.20000000E-01
     25102    0.20000000E-01
     25103    0.20000000E-01
     25104    0.20000000E-01
     25105    0.20000000E-01
     25106    0.20000000E-01
     25107    0.20000000E-01
     25108    0.20000000E-01
     25109    0.20000000E-01
     25110    0.20000000E-01
     25111    0.20000000E-01
     25357    0.20000000E-01
     25358    0.20000000E-01
     25359    0.20000000E-01
     25360    0.20000000E-01
     25362    0.20000000E-01
     25363    0.20000000E-01
     25364    0.20000000E-01
     25366    0.20000000E-01
     25367    0.20000000E-01
     25368    0.20000000E-01
     25370    0.20000000E-01
     25371    0.20000000E-01
     25387    0.20000000E-01
     25388    0.20000000E-01
     25389    0.20000000E-01
     25390    0.20000000E-01
     25391    0.20000000E-01
     25392    0.20000000E-01
     25397    0.20000000E-01
     25398    0.20000000E-01
     25399    0.20000000E-01
     25400    0.20000000E-01
     25401    0.20000000E-01
     25402    0.20000000E-01
     25403    0.20000000E-01
     25404    0.20000000E-01
     25405    0.20000000E-01
     25406    0.20000000E-01
     25407    0.20000000E-01
     25408    0.20000000E-01
     25409    0.20000000E-01
     25410    0.20000000E-01
     25411    0.20000000E-01
     25412    0.20000000E-01
     25413    0.20000000E-01
     25653    0.20000000E-01
     25654    0.20000000E-01
     25655    0.20000000E-01
     25656    0.20000000E-01
     25657    0.20000000E-01
     25660    0.20000000E-01
     25661    0.20000000E-01
     25662    0.20000000E-01
     25663    0.20000000E-01
     25664    0.20000000E-01
     25665    0.20000000E-01
     25666    0.20000000E-01
     25667    0.20000000E-01
     25668    0.20000000E-01
     25669    0.20000000E-01
     25670    0.20000000E-01
     25671    0.20000000E-01
     25672    0.20000000E-01
     25673    0.20000000E-01
     25674    0.20000000E-01
     25675    0.20000000E-01
     25924    0.20000000E-01
     25925    0.20000000E-01
     25926    0.20000000E-01
     25927    0.20000000E-01
     25928    0.20000000E-01
     25929    0.20000000E-01
     25930    0.20000000E-01
     25931    0.20000000E-01
     25932    0.20000000E-01
     25933    0.20000000E-01
     25934    0.20000000E-01
     26191    0.20000000E-01
     26192    0.20000000E-01
     26193    0.20000000E-01
     26194    0.20000000E-01
     26195    0.20000000E-01
     26196    0.20000000E-01
     26456    0.20000000E-01
mannings_n_at_sea_floor                                                         
           0
