AL, 21, 2010102918,   , BEST,   0, 108N,  568W,  45,  998, TS,  34, NEQ,   90,   50,   50,   90, 1009,  250,  30,  60,   0,   L,   0,    , 304,   9,      TOMAS,   1
AL, 21, 2010103000,   , BEST,   0, 119N,  578W,  55,  999, TS,  34, NEQ,   90,   50,   50,   90, 1009,  250,  30,  60,   0,   L,   0,    , 318,   8,      TOMAS,   2
AL, 21, 2010103000,   , BEST,   0, 119N,  578W,  55,  999, TS,  50, NEQ,   30,    0,    0,   30, 1009,  250,  30,  60,   0,   L,   0,    , 318,   8,      TOMAS,   2
AL, 21, 2010103006,   , BEST,   0, 127N,  589W,  60,  997, TS,  34, NEQ,   90,   50,   50,   90, 1009,  225,  30,  65,   0,   L,   0,    , 307,   7,      TOMAS,   3
AL, 21, 2010103006,   , BEST,   0, 127N,  589W,  60,  997, TS,  50, NEQ,   30,    0,    0,   30, 1009,  225,  30,  65,   0,   L,   0,    , 307,   7,      TOMAS,   3
AL, 21, 2010103009,   , BEST,   0, 130N,  595W,  60,  997, TS,  34, NEQ,   90,   50,   50,   90, 1013,    0,   0,   0,   0,    ,,, 297,   7,,   4
AL, 21, 2010103009,   , BEST,   0, 130N,  595W,  60,  997, TS,  50, NEQ,   30,    0,    0,   30, 1013,    0,   0,   0,   0,    ,,, 297,   7,,   4
AL, 21, 2010103012,   , BEST,   0, 131N,  601W,  65,  993, HU,  34, NEQ,  120,   60,   50,   90, 1009,  225,  20,  80,   0,   L,   0,    , 280,   6,      TOMAS,   5
AL, 21, 2010103012,   , BEST,   0, 131N,  601W,  65,  993, HU,  50, NEQ,   50,   30,   20,   40, 1009,  225,  20,  80,   0,   L,   0,    , 280,   6,      TOMAS,   5
AL, 21, 2010103012,   , BEST,   0, 131N,  601W,  65,  993, HU,  64, NEQ,   20,   20,    0,    0, 1009,  225,  20,  80,   0,   L,   0,    , 280,   6,      TOMAS,   5
AL, 21, 2010103018,   , BEST,   0, 133N,  610W,  80,  990, HU,  34, NEQ,  120,   60,   50,   90, 1009,  225,  20,  80,   0,   L,   0,    , 283,   5,      TOMAS,   6
AL, 21, 2010103018,   , BEST,   0, 133N,  610W,  80,  990, HU,  50, NEQ,   50,   30,   20,   40, 1009,  225,  20,  80,   0,   L,   0,    , 283,   5,      TOMAS,   6
AL, 21, 2010103018,   , BEST,   0, 133N,  610W,  80,  990, HU,  64, NEQ,   20,   20,    0,    0, 1009,  225,  20,  80,   0,   L,   0,    , 283,   5,      TOMAS,   6
AL, 21, 2010103020,   , BEST,   0, 134N,  612W,  85,  987, HU,  34, NEQ,  120,   60,   50,   90, 1013,,,,,,,, 297,   3,,   7
AL, 21, 2010103020,   , BEST,   0, 134N,  612W,  85,  987, HU,  50, NEQ,   50,   30,   20,   40, 1013,,,,,,,, 297,   3,,   7
AL, 21, 2010103020,   , BEST,   0, 134N,  612W,  85,  987, HU,  64, NEQ,   20,   20,    0,    0, 1013,,,,,,,, 297,   3,,   7
AL, 21, 2010103100,   , BEST,   0, 135N,  617W,  85,  982, HU,  34, NEQ,  120,   60,   50,   90, 1009,  200,  20, 100,   0,   L,   0,    , 282,   4,      TOMAS,   8
AL, 21, 2010103100,   , BEST,   0, 135N,  617W,  85,  982, HU,  50, NEQ,   50,   30,   20,   40, 1009,  200,  20, 100,   0,   L,   0,    , 282,   4,      TOMAS,   8
AL, 21, 2010103100,   , BEST,   0, 135N,  617W,  85,  982, HU,  64, NEQ,   30,   20,   10,   20, 1009,  200,  20, 100,   0,   L,   0,    , 282,   4,      TOMAS,   8
AL, 21, 2010103106,   , BEST,   0, 138N,  624W,  85,  983, HU,  34, NEQ,  120,   60,   50,   90, 1009,  175,  15, 105,   0,   L,   0,    , 294,   4,      TOMAS,   9
AL, 21, 2010103106,   , BEST,   0, 138N,  624W,  85,  983, HU,  50, NEQ,   60,   30,   20,   50, 1009,  175,  15, 105,   0,   L,   0,    , 294,   4,      TOMAS,   9
AL, 21, 2010103106,   , BEST,   0, 138N,  624W,  85,  983, HU,  64, NEQ,   30,   20,   10,   20, 1009,  175,  15, 105,   0,   L,   0,    , 294,   4,      TOMAS,   9
AL, 21, 2010103112,   , BEST,   0, 140N,  633W,  80,  988, HU,  34, NEQ,  120,   60,   50,   90, 1011,  175,  15, 105,   0,   L,   0,    , 283,   5,      TOMAS,  10
AL, 21, 2010103112,   , BEST,   0, 140N,  633W,  80,  988, HU,  50, NEQ,   60,   30,   20,   50, 1011,  175,  15, 105,   0,   L,   0,    , 283,   5,      TOMAS,  10
AL, 21, 2010103112,   , BEST,   0, 140N,  633W,  80,  988, HU,  64, NEQ,   30,   20,   10,   20, 1011,  175,  15, 105,   0,   L,   0,    , 283,   5,      TOMAS,  10
AL, 21, 2010103118,   , BEST,   0, 142N,  644W,  65,  994, HU,  34, NEQ,  120,   60,   50,   90, 1010,  175,  15,  85,   0,   L,   0,    , 281,   6,      TOMAS,  11
AL, 21, 2010103118,   , BEST,   0, 142N,  644W,  65,  994, HU,  50, NEQ,   50,   30,   20,   40, 1010,  175,  15,  85,   0,   L,   0,    , 281,   6,      TOMAS,  11
AL, 21, 2010103118,   , BEST,   0, 142N,  644W,  65,  994, HU,  64, NEQ,   15,    0,    0,   15, 1010,  175,  15,  85,   0,   L,   0,    , 281,   6,      TOMAS,  11
AL, 21, 2010110100,   , BEST,   0, 141N,  658W,  55,  997, TS,  34, NEQ,  150,   60,   50,   90, 1010,  150,  30,  65,   0,   L,   0,    , 266,   7,      TOMAS,  12
AL, 21, 2010110100,   , BEST,   0, 141N,  658W,  55,  997, TS,  50, NEQ,   50,   30,   20,   50, 1010,  150,  30,  65,   0,   L,   0,    , 266,   7,      TOMAS,  12
AL, 21, 2010110106,   , BEST,   0, 139N,  671W,  45, 1003, TS,  34, NEQ,  150,   60,   30,   90, 1010,  150,  30,  55,   0,   L,   0,    , 261,   7,      TOMAS,  13
AL, 21, 2010110112,   , BEST,   0, 136N,  682W,  40, 1005, TS,  34, NEQ,  120,   40,   20,   60, 1011,  150,  30,  50,   0,   L,   0,    , 255,   6,      TOMAS,  14
AL, 21, 2010110118,   , BEST,   0, 135N,  692W,  40, 1005, TS,  34, NEQ,  100,   40,   20,   60, 1010,  150,  30,  50,   0,   L,   0,    , 264,   5,      TOMAS,  15
AL, 21, 2010110200,   , BEST,   0, 135N,  703W,  40, 1005, TS,  34, NEQ,  100,   40,    0,   40, 1010,  150,  30,  50,   0,   L,   0,    , 270,   6,      TOMAS,  16
AL, 21, 2010110206,   , BEST,   0, 135N,  714W,  45, 1003, TS,  34, NEQ,  100,   40,    0,   30, 1010,  150,  25,  50,   0,   L,   0,    , 270,   6,      TOMAS,  17
AL, 21, 2010110212,   , BEST,   0, 135N,  725W,  40, 1004, TS,  34, NEQ,  100,   40,    0,   30, 1010,  175,  25,  55,   0,   L,   0,    , 270,   6,      TOMAS,  18
AL, 21, 2010110218,   , BEST,   0, 136N,  734W,  35, 1006, TS,  34, NEQ,   90,    0,    0,   30, 1009,  175,  35,  45,   0,   L,   0,    , 277,   5,      TOMAS,  19
AL, 21, 2010110300,   , BEST,   0, 138N,  739W,  30, 1006, TD,   0,    ,    0,    0,    0,    0, 1009,  160,  60,  45,   0,   L,   0,    , 292,   3,      TOMAS,  20
AL, 21, 2010110306,   , BEST,   0, 140N,  743W,  30, 1006, TD,   0,    ,    0,    0,    0,    0, 1008,  180,  60,  40,   0,   L,   0,    , 297,   2,      TOMAS,  21
AL, 21, 2010110312,   , BEST,   0, 143N,  747W,  30, 1006, TD,   0,    ,    0,    0,    0,    0, 1008,  180,  75,  40,   0,   L,   0,    , 308,   3,      TOMAS,  22
AL, 21, 2010110318,   , BEST,   0, 147N,  751W,  35, 1004, TS,  34, NEQ,   60,   60,    0,    0, 1008,  160,  75,  40,   0,   L,   0,    , 316,   3,      TOMAS,  23
AL, 21, 2010110400,   , BEST,   0, 151N,  755W,  40, 1003, TS,  34, NEQ,   60,   60,    0,    0, 1013,  180,  60,  50,   0,   L,   0,    , 316,   3,      TOMAS,  24
AL, 21, 2010110406,   , BEST,   0, 155N,  759W,  40,  998, TS,  34, NEQ,   75,   60,    0,    0, 1007,  150,  60,  50,   0,   L,   0,    , 316,   3,      TOMAS,  25
AL, 21, 2010110412,   , BEST,   0, 159N,  762W,  45,  996, TS,  34, NEQ,   75,   60,    0,    0, 1006,  150,  60,  50,   0,   L,   0,    , 324,   3,      TOMAS,  26
AL, 21, 2010110418,   , BEST,   0, 164N,  762W,  50,  995, TS,  34, NEQ,  100,   90,    0,    0, 1006,  250,  40,  55,   0,   L,   0,    ,   0,   3,      TOMAS,  27
AL, 21, 2010110418,   , BEST,   0, 164N,  762W,  50,  995, TS,  50, NEQ,   30,   30,    0,    0, 1006,  250,  40,  55,   0,   L,   0,    ,   0,   3,      TOMAS,  27
AL, 21, 2010110500,   , BEST,   0, 170N,  757W,  60,  989, TS,  34, NEQ,  120,  120,    0,    0, 1006,  250,  25,  65,   0,   L,   0,    ,  39,   4,      TOMAS,  28
AL, 21, 2010110500,   , BEST,   0, 170N,  757W,  60,  989, TS,  50, NEQ,   30,   30,    0,    0, 1006,  250,  25,  65,   0,   L,   0,    ,  39,   4,      TOMAS,  28
AL, 21, 2010110506,   , BEST,   0, 177N,  752W,  70,  985, HU,  34, NEQ,  120,  120,   30,   30, 1006,  180,  25,   0,   0,   L,   0,    ,  34,   4,      TOMAS,  29
AL, 21, 2010110506,   , BEST,   0, 177N,  752W,  70,  985, HU,  50, NEQ,   30,   30,    0,    0, 1006,  180,  25,   0,   0,   L,   0,    ,  34,   4,      TOMAS,  29
AL, 21, 2010110506,   , BEST,   0, 177N,  752W,  70,  985, HU,  64, NEQ,   15,   15,    0,    0, 1006,  180,  25,   0,   0,   L,   0,    ,  34,   4,      TOMAS,  29
AL, 21, 2010110512,   , BEST,   0, 187N,  747W,  75,  987, HU,  34, NEQ,  120,  120,   50,   50, 1006,  180,  15,  90,   0,   L,   0,    ,  25,   6,      TOMAS,  30
AL, 21, 2010110512,   , BEST,   0, 187N,  747W,  75,  987, HU,  50, NEQ,   40,   30,   20,   30, 1006,  180,  15,  90,   0,   L,   0,    ,  25,   6,      TOMAS,  30
AL, 21, 2010110512,   , BEST,   0, 187N,  747W,  75,  987, HU,  64, NEQ,   15,   15,   15,   15, 1006,  180,  15,  90,   0,   L,   0,    ,  25,   6,      TOMAS,  30
AL, 21, 2010110518,   , BEST,   0, 197N,  740W,  70,  992, HU,  34, NEQ,  100,  120,   50,   50, 1006,  180,  20,  85,   0,   L,   0,    ,  34,   6,      TOMAS,  31
AL, 21, 2010110518,   , BEST,   0, 197N,  740W,  70,  992, HU,  50, NEQ,   40,   40,   20,   30, 1006,  180,  20,  85,   0,   L,   0,    ,  34,   6,      TOMAS,  31
AL, 21, 2010110518,   , BEST,   0, 197N,  740W,  70,  992, HU,  64, NEQ,   15,   15,    0,    0, 1006,  180,  20,  85,   0,   L,   0,    ,  34,   6,      TOMAS,  31
AL, 21, 2010110600,   , BEST,   0, 204N,  731W,  60,  995, TS,  34, NEQ,  100,  100,   50,   50, 1006,  180,  30,  75,   0,   L,   0,    ,  50,   6,      TOMAS,  32
AL, 21, 2010110600,   , BEST,   0, 204N,  731W,  60,  995, TS,  50, NEQ,   40,   40,   20,   30, 1006,  180,  30,  75,   0,   L,   0,    ,  50,   6,      TOMAS,  32
AL, 21, 2010110606,   , BEST,   0, 214N,  718W,  60,  992, TS,  34, NEQ,  100,  100,   50,   50, 1006,  170,  20,  80,   0,   L,   0,    ,  50,   8,      TOMAS,  33
AL, 21, 2010110606,   , BEST,   0, 214N,  718W,  60,  992, TS,  50, NEQ,   40,   40,   20,   30, 1006,  170,  20,  80,   0,   L,   0,    ,  50,   8,      TOMAS,  33
AL, 21, 2010110607, 30, BEST,   0, 217N,  716W,  60,  992, TS,  34, NEQ,  100,  100,   50,   50, 1013,,,,,,,,  32,   7,,  34
AL, 21, 2010110607, 30, BEST,   0, 217N,  716W,  60,  992, TS,  50, NEQ,   40,   40,   20,   30, 1013,,,,,,,,  32,   7,,  34
AL, 21, 2010110612,   , BEST,   0, 226N,  709W,  60,  990, TS,  34, NEQ,  100,  100,   50,   50, 1008,  200,  20,  75,   0,   L,   0,    ,  36,   8,      TOMAS,  35
AL, 21, 2010110612,   , BEST,   0, 226N,  709W,  60,  990, TS,  50, NEQ,   40,   40,   20,   30, 1008,  200,  20,  75,   0,   L,   0,    ,  36,   8,      TOMAS,  35
AL, 21, 2010110618,   , BEST,   0, 238N,  703W,  65,  988, HU,  34, NEQ,  100,  100,   75,   75, 1009,  200,  20,  65,   0,   L,   0,    ,  25,   7,      TOMAS,  36
AL, 21, 2010110618,   , BEST,   0, 238N,  703W,  65,  988, HU,  50, NEQ,   40,   40,   20,   30, 1009,  200,  20,  65,   0,   L,   0,    ,  25,   7,      TOMAS,  36
AL, 21, 2010110618,   , BEST,   0, 238N,  703W,  65,  988, HU,  64, NEQ,   20,   20,    0,    0, 1009,  200,  20,  65,   0,   L,   0,    ,  25,   7,      TOMAS,  36
AL, 21, 2010110700,   , BEST,   0, 249N,  698W,  70,  987, HU,  34, NEQ,  100,  100,   75,   75, 1009,  200,  20,  85,   0,   L,   0,    ,  23,   6,      TOMAS,  37
AL, 21, 2010110700,   , BEST,   0, 249N,  698W,  70,  987, HU,  50, NEQ,   40,   40,   20,   30, 1009,  200,  20,  85,   0,   L,   0,    ,  23,   6,      TOMAS,  37
AL, 21, 2010110700,   , BEST,   0, 249N,  698W,  70,  987, HU,  64, NEQ,   20,   20,    0,    0, 1009,  200,  20,  85,   0,   L,   0,    ,  23,   6,      TOMAS,  37
AL, 21, 2010110706,   , BEST,   0, 254N,  696W,  65,  990, HU,  34, NEQ,  100,  100,   75,   75, 1009,  200,  20,  85,   0,   L,   0,    ,  20,   3,      TOMAS,  38
AL, 21, 2010110706,   , BEST,   0, 254N,  696W,  65,  990, HU,  50, NEQ,   40,   40,   20,   30, 1009,  200,  20,  85,   0,   L,   0,    ,  20,   3,      TOMAS,  38
AL, 21, 2010110706,   , BEST,   0, 254N,  696W,  65,  990, HU,  64, NEQ,   20,   20,    0,    0, 1009,  200,  20,  85,   0,   L,   0,    ,  20,   3,      TOMAS,  38
AL, 21, 2010110712,   , BEST,   0, 257N,  695W,  60,  992, TS,  34, NEQ,  100,  100,  125,  125, 1010,  200,  20,  65,   0,   L,   0,    ,  17,   2,      TOMAS,  39
AL, 21, 2010110712,   , BEST,   0, 257N,  695W,  60,  992, TS,  50, NEQ,   25,   25,   20,   30, 1010,  200,  20,  65,   0,   L,   0,    ,  17,   2,      TOMAS,  39
AL, 21, 2010110718,   , BEST,   0, 260N,  693W,  50,  992, TS,  34, NEQ,  100,  100,  125,  125, 1008,  250,  20,  60,   0,   L,   0,    ,  31,   2,      TOMAS,  40
AL, 21, 2010110718,   , BEST,   0, 260N,  693W,  50,  992, TS,  50, NEQ,    0,    0,   40,   40, 1008,  250,  20,  60,   0,   L,   0,    ,  31,   2,      TOMAS,  40
AL, 21, 2010110800,   , BEST,   0, 260N,  685W,  50,  992, EX,  34, NEQ,  125,  100,  150,  200, 1013,    0,   0,   0,   0,    ,,,  90,   4,,  41
AL, 21, 2010110800,   , BEST,   0, 260N,  685W,  50,  992, EX,  50, NEQ,    0,    0,   40,   40, 1013,    0,   0,   0,   0,    ,,,  90,   4,,  41
AL, 21, 2010110806,   , BEST,   0, 258N,  675W,  50,  992, EX,  34, NEQ,  125,  100,  150,  200, 1008,  250,  40,   0,   0,   L,   0,    , 102,   5,      TOMAS,  42
AL, 21, 2010110806,   , BEST,   0, 258N,  675W,  50,  992, EX,  50, NEQ,    0,    0,   40,   40, 1008,  250,  40,   0,   0,   L,   0,    , 102,   5,      TOMAS,  42
AL, 21, 2010110812,   , BEST,   0, 256N,  662W,  50,  992, EX,  34, NEQ,  125,  100,  150,  200, 1013,    0,   0,   0,   0,    ,,,  99,   6,,  43
AL, 21, 2010110812,   , BEST,   0, 256N,  662W,  50,  992, EX,  50, NEQ,    0,    0,   40,    0, 1013,    0,   0,   0,   0,    ,,,  99,   6,,  43
AL, 21, 2010110818,   , BEST,   0, 258N,  645W,  45,  993, EX,  34, NEQ,  125,  125,  150,  200, 1013,    0,   0,   0,   0,    ,,,  82,   8,,  44
AL, 21, 2010110900,   , BEST,   0, 265N,  623W,  45,  993, EX,  34, NEQ,  125,  125,  150,  200, 1013,    0,   0,   0,   0,    ,,,  70,  11,,  45
AL, 21, 2010110906,   , BEST,   0, 279N,  604W,  45,  994, EX,  34, NEQ,  125,  125,  150,  200, 1013,    0,   0,   0,   0,    ,,,  50,  11,,  46
AL, 21, 2010110912,   , BEST,   0, 294N,  586W,  45,  994, EX,  34, NEQ,  125,  150,  150,  150, 1013,    0,   0,   0,   0,    ,,,  46,  11,,  47
AL, 21, 2010110918,   , BEST,   0, 310N,  569W,  45,  994, EX,  34, NEQ,  125,  150,  150,  150, 1013,    0,   0,   0,   0,    ,,,  42,  11,,  48
