FileFmt      1050624           0           0
NELG           58369        2590        2446
         131
         139
         147
         149
         156
         158
         162
         165
         167
         168
         170
         177
         180
         187
         189
         200
         208
         209
         212
         213
         218
         219
         225
         229
         233
         235
         236
         237
         240
         242
         246
         247
         248
         255
         257
         258
         259
         262
         263
         264
         268
         269
         270
         271
         272
         273
         281
         286
         288
         289
         290
         291
         293
         295
         296
         297
         298
         303
         304
         305
         306
         309
         312
         314
         316
         317
         318
         323
         325
         327
         328
         330
         331
         332
         335
         337
         338
         339
         340
         342
         343
         345
         349
         352
         361
         362
         363
         364
         365
         366
         367
         368
         371
         372
         373
         375
         377
         379
         382
         384
         386
         387
         388
         390
         391
         394
         396
         398
         399
         401
         405
         407
         408
         410
         411
         412
         413
         414
         415
         417
         420
         423
         425
         427
         429
         430
         432
         433
         434
         436
         437
         438
         440
         442
         444
         445
         446
         448
         449
         451
         453
         454
         458
         459
         463
         464
         465
         467
         470
         471
         477
         479
         481
         482
         484
         485
         486
         487
         488
         489
         490
         491
         495
         496
         497
         498
         499
         502
         505
         506
         507
         509
         511
         512
         514
         516
         518
         522
         523
         524
         525
         527
         528
         530
         531
         533
        -534
         535
         538
         539
         540
         542
         543
         545
         547
         551
         553
         554
         555
         556
         558
         560
         562
         563
         565
         567
         570
         572
         573
         575
        -577
         578
         579
         580
         583
         584
         585
         586
         590
         591
         593
         597
         599
         600
         601
         604
         607
         608
         609
         614
         615
         619
         620
         621
         622
         624
         625
         630
         631
         632
         638
         639
         640
         643
         644
         645
         646
         649
         653
         654
         655
         656
        -659
         661
        -664
         667
         670
         672
         676
         678
         682
         683
         684
         685
         686
         689
         690
         693
         697
         698
         699
         701
         706
         709
         712
         713
         714
         718
         719
        -720
         721
         728
         729
         730
         731
         732
         733
         734
         737
         746
         748
         751
         755
         756
         758
         765
         766
         767
         769
        -773
         774
         779
         780
         781
         782
         784
         789
         790
         793
         794
         795
         799
         800
         805
         807
         808
         811
         813
         815
         817
         829
        -830
         831
         833
         837
         840
         841
         843
         851
        -853
         855
         857
         858
         863
         867
         868
         875
         876
         877
         886
         892
         893
         904
         909
         914
         919
         920
         921
         922
         924
        -925
         927
         936
         937
         939
         940
         951
         957
         968
        -978
         987
         989
         994
        1001
        1011
        1015
        1022
        1025
        1036
        1039
        1043
        1050
        1053
        1061
        1062
       -1064
        1071
        1074
        1085
        1098
        1105
        1109
        1110
        1117
       -1118
        1121
        1125
        1128
        1134
        1137
        1155
        1164
        1168
       -1180
        1181
        1186
        1204
        1206
        1227
        1234
        1240
        1250
        1255
        1259
        1262
        1269
        1270
        1281
        1284
        1287
        1295
        1304
        1314
        1318
        1319
        1320
        1326
        1329
       -1331
        1333
        1336
        1339
        1365
        1376
        1380
        1386
        1388
        1391
        1399
        1400
        1404
        1407
        1413
        1414
        1420
        1421
        1426
        1438
        1448
        1451
        1453
        1455
        1460
        1463
        1473
        1482
        1488
        1490
        1492
        1496
        1507
        1516
        1521
        1522
       -1530
        1535
        1537
        1548
        1552
        1556
        1561
        1563
        1566
        1567
        1568
        1577
        1586
        1603
        1606
        1614
        1618
        1625
        1628
        1629
        1633
        1637
        1639
        1648
       -1653
        1659
        1665
        1667
        1669
        1672
        1687
        1696
        1701
        1705
        1711
        1717
        1730
        1742
        1749
        1755
        1759
        1766
        1772
        1774
        1777
        1778
        1780
        1782
        1803
        1814
        1823
        1829
        1837
        1840
        1841
        1848
       -1852
        1854
        1857
        1867
        1868
        1873
        1877
        1882
        1884
        1902
        1904
       -1910
        1913
        1926
        1929
        1932
        1938
        1944
        1948
        1952
        1959
        1963
        1975
        1976
        1992
        2011
        2016
        2019
        2034
        2036
        2038
        2043
        2047
        2050
        2054
        2062
        2064
       -2073
        2083
        2086
        2087
        2088
        2089
        2090
        2092
        2102
        2104
        2111
        2116
        2137
        2138
        2140
        2154
        2168
        2176
        2186
        2189
        2198
        2199
        2204
        2206
        2215
        2217
        2218
        2219
        2221
        2232
        2234
        2248
        2251
        2255
        2263
        2266
        2275
        2284
        2289
        2300
        2313
        2318
        2327
        2332
        2338
        2339
        2343
        2348
       -2352
        2356
        2371
        2384
        2385
        2389
        2390
        2394
        2403
        2406
        2408
        2410
        2413
        2415
        2416
        2417
        2424
        2446
        2465
        2468
        2484
        2495
        2496
        2510
        2512
        2525
        2526
        2534
        2546
        2553
        2559
        2565
        2572
        2576
        2581
        2585
        2592
        2594
        2597
        2609
        2618
        2624
        2627
       -2629
        2632
        2633
        2634
        2656
        2657
        2669
        2681
        2690
        2699
        2707
        2708
        2709
        2713
        2718
        2721
        2731
        2743
        2761
        2766
        2773
        2777
        2780
        2782
        2788
        2795
        2802
        2810
        2815
        2828
        2837
        2839
       -2842
        2852
        2855
        2859
        2886
        2888
        2889
        2898
        2906
        2910
        2914
        2916
        2932
        2943
        2958
        2976
        2979
        2986
        2995
        3012
        3013
        3014
        3017
        3025
        3032
        3065
        3077
        3079
        3098
        3102
        3103
        3111
        3116
        3121
        3142
        3160
        3172
        3177
        3180
        3188
       -3192
        3206
        3211
        3218
        3219
        3242
        3253
        3263
        3264
        3269
        3270
        3273
        3275
        3300
        3305
        3315
        3326
        3342
        3352
        3354
        3360
        3361
        3364
        3377
        3378
        3379
        3388
        3400
        3405
        3414
        3415
        3417
        3429
        3462
        3466
        3473
        3480
        3483
        3486
        3495
        3496
        3498
        3503
        3507
        3524
        3525
       -3531
        3535
        3544
        3546
        3549
        3552
        3562
        3566
        3571
        3579
        3587
        3589
        3605
        3607
        3613
        3626
        3628
        3630
        3645
        3648
        3649
        3654
        3660
        3677
        3683
        3685
        3692
        3694
        3701
        3709
        3716
        3732
        3736
        3740
        3759
        3766
        3769
        3779
        3783
       -3793
        3794
        3798
        3807
        3809
        3810
        3815
        3827
        3831
        3838
        3847
        3851
        3863
        3868
        3879
        3881
        3883
        3885
        3899
        3915
        3923
        3926
        3934
        3938
        3948
        3953
        3961
        3967
        3969
        3979
        3982
        4001
        4002
        4003
        4011
        4015
        4018
        4020
        4037
        4039
        4045
        4046
        4048
       -4054
        4058
        4059
        4070
        4082
        4092
        4093
        4099
        4101
        4108
        4109
        4122
        4130
        4148
        4151
        4153
        4156
        4162
        4163
        4167
        4169
        4173
        4184
        4201
       -4211
        4227
        4229
        4234
        4238
        4242
        4249
        4253
        4255
        4257
        4259
        4273
        4280
        4286
        4303
        4313
        4316
        4322
        4324
        4327
        4330
        4333
        4344
        4350
        4351
        4360
        4367
        4380
        4387
        4389
        4391
        4402
        4404
        4417
        4418
        4422
        4423
        4449
        4463
        4466
        4480
        4481
        4485
        4492
        4497
        4502
        4511
        4512
        4522
        4525
        4539
        4541
        4545
        4550
        4552
        4553
        4556
        4565
        4574
        4589
        4590
        4592
        4599
        4608
        4612
        4626
        4633
        4642
        4643
        4655
        4657
        4661
       -4663
        4666
        4677
        4681
        4689
        4695
        4700
        4713
        4719
        4721
        4722
        4723
        4725
        4727
        4729
        4739
        4750
       -4761
        4763
        4773
        4775
        4776
        4792
        4794
        4796
        4797
        4800
        4813
        4820
        4821
        4825
        4826
        4830
        4837
        4838
        4839
        4856
        4857
        4874
        4877
        4878
        4880
        4891
       -4895
        4898
       -4900
        4903
        4915
        4917
        4922
        4925
        4938
        4941
        4950
        4952
        4957
        4959
        4964
        4967
        4969
        4979
        4983
        4992
        4995
        5000
        5009
        5010
        5012
        5017
        5022
        5023
        5027
        5040
        5046
        5048
        5065
        5066
        5068
        5073
        5076
        5082
        5083
        5085
        5091
        5100
        5101
        5102
        5107
        5111
        5117
        5122
        5132
        5137
        5148
        5150
        5159
        5167
        5171
        5175
        5179
        5181
        5182
        5189
        5191
        5197
        5200
        5202
        5206
        5213
       -5218
        5229
        5231
        5233
        5235
        5236
        5239
        5240
        5241
        5246
        5247
        5254
        5256
        5266
        5267
        5270
        5271
        5275
        5295
        5297
        5305
        5306
        5316
        5319
        5321
        5322
        5326
        5327
        5330
        5335
        5341
        5350
        5363
        5367
        5370
        5372
        5377
        5382
        5386
        5389
        5397
        5399
        5400
        5401
        5403
        5404
        5409
        5411
        5413
        5416
        5417
        5428
        5432
        5441
        5447
        5453
        5454
        5458
        5462
        5467
        5470
        5475
        5480
        5485
        5486
        5495
        5496
        5498
        5501
        5502
        5510
        5513
        5515
       -5517
        5518
        5523
        5528
        5540
        5541
        5545
        5557
        5561
        5563
        5565
        5566
        5569
        5585
        5588
        5593
        5596
        5599
        5605
        5609
        5615
        5616
        5634
        5635
        5648
        5655
        5656
        5660
        5672
        5677
        5686
        5689
        5690
        5693
        5697
        5701
        5704
       -5718
        5724
        5733
        5734
        5735
        5736
        5737
        5741
        5745
        5757
        5770
        5772
        5777
        5788
        5789
        5790
        5801
        5802
        5809
        5824
        5835
        5839
        5852
        5853
        5860
        5863
        5878
        5886
        5901
        5904
        5905
        5912
        5931
       -5932
        5942
        5951
        5953
        5956
        5959
        5966
        5967
        5968
        5981
        5987
        5992
        6003
        6007
        6008
        6014
        6015
        6024
        6030
        6047
        6062
        6066
        6074
        6076
        6086
        6090
        6107
        6121
        6123
       -6131
        6144
        6148
        6149
        6165
        6170
        6172
        6174
        6175
        6181
        6182
        6184
        6187
        6219
        6223
        6224
        6234
        6250
        6257
        6265
        6266
        6271
        6279
        6284
        6291
        6292
        6294
        6303
        6304
        6308
       -6309
        6317
        6318
        6328
        6330
        6338
        6340
        6343
        6344
        6345
        6350
        6351
        6354
        6360
        6363
        6366
        6376
        6378
        6380
        6382
        6385
        6386
        6390
        6396
        6398
        6409
        6416
        6420
        6422
        6423
        6427
        6429
        6442
       -6444
        6450
        6452
        6454
        6456
        6460
        6461
        6464
        6471
        6475
        6477
        6479
        6481
        6483
        6485
        6488
        6494
        6498
        6499
        6501
        6502
        6505
        6515
        6518
        6519
        6520
        6522
        6527
        6531
        6540
        6541
        6542
        6543
       -6547
        6550
        6553
        6555
        6557
        6559
        6562
        6563
        6571
        6574
        6575
        6576
        6578
        6579
        6583
        6587
        6589
        6591
        6592
        6594
        6596
        6598
        6605
        6608
        6612
        6624
        6625
        6628
        6629
        6630
        6640
        6642
       -6643
        6646
        6648
        6649
        6650
        6651
        6654
        6657
        6658
        6660
        6669
        6673
        6676
        6677
        6678
        6680
        6683
        6685
        6689
        6690
        6693
        6695
        6696
        6702
        6704
        6707
        6708
        6710
        6712
        6718
        6720
        6727
        6728
        6730
        6733
        6736
        6737
       -6745
        6748
        6749
        6751
        6752
        6753
        6756
        6760
        6763
        6767
        6769
        6772
        6774
        6775
        6776
        6778
        6779
        6785
        6786
        6788
        6790
        6791
        6797
        6802
        6803
        6804
        6808
        6809
        6810
        6815
        6816
       -6820
        6827
        6830
        6831
        6835
        6838
        6841
        6842
        6845
        6848
        6850
        6852
        6854
        6856
        6858
        6860
        6863
        6865
        6866
        6869
        6871
        6876
        6878
        6879
        6885
        6887
        6888
        6889
        6890
        6892
        6896
        6900
        6905
        6907
        6908
       -6910
        6911
        6913
        6914
        6916
        6919
        6920
        6924
        6929
        6931
        6932
        6937
        6944
        6945
        6946
        6949
        6952
        6955
        6958
        6962
        6963
        6965
        6966
        6978
        6979
        6982
        6983
        6984
        6987
        6988
        6990
       -6995
        6997
        6998
        7000
        7001
        7012
        7015
        7016
        7017
        7018
        7019
        7023
        7027
        7029
        7034
        7035
        7036
        7037
        7038
        7042
        7043
        7052
        7055
        7056
        7059
        7061
        7066
        7068
        7074
        7076
        7077
        7079
        7086
        7087
        7096
       -7098
        7099
        7100
        7104
        7108
        7110
        7112
        7114
        7120
        7121
        7129
        7130
        7132
        7135
        7138
        7143
        7144
        7149
        7150
        7156
        7157
        7163
        7164
        7165
        7166
        7170
        7176
        7178
        7180
        7183
        7184
        7188
        7195
       -7196
        7197
        7198
        7201
        7206
        7210
        7211
        7212
        7214
        7219
        7225
        7226
        7233
        7242
        7243
        7244
        7246
        7248
        7249
        7250
        7254
        7255
        7258
        7263
        7265
        7267
        7274
        7277
        7286
       -7288
        7289
        7293
        7297
        7299
        7303
        7307
        7309
        7313
        7318
        7319
        7322
        7324
        7331
        7334
        7337
        7338
        7340
        7352
        7354
        7355
        7358
        7360
       -7364
        7366
        7368
        7374
        7375
        7383
        7384
        7387
        7391
        7392
        7399
        7404
        7407
        7410
        7413
        7415
        7416
        7418
        7419
        7421
        7422
        7427
        7432
        7433
        7434
        7439
        7441
        7443
        7444
        7448
        7452
        7453
        7458
        7459
       -7461
        7463
        7471
        7478
        7481
        7482
        7485
        7486
        7488
        7489
        7494
        7495
        7503
        7506
        7510
        7514
        7517
        7518
       -7519
        7520
        7521
        7522
        7525
        7529
        7530
        7531
        7535
        7540
        7541
        7545
        7549
        7552
        7557
        7559
        7563
        7564
        7565
        7569
        7570
        7574
        7576
        7579
        7583
        7587
        7588
        7589
        7590
        7592
        7596
        7597
        7598
        7599
        7605
        7606
        7609
        7613
        7614
        7617
        7621
        7625
        7626
        7628
        7629
        7633
        7636
        7637
        7641
        7643
        7649
        7650
        7651
       -7655
        7657
        7666
        7668
        7671
        7673
        7675
        7677
        7680
        7683
        7689
        7692
        7694
        7695
        7698
        7705
        7709
        7712
        7715
        7717
        7719
        7724
        7726
        7737
        7738
        7740
        7741
        7742
        7743
        7748
        7752
        7753
        7755
        7766
        7767
        7769
        7772
        7776
        7778
        7779
        7780
        7784
        7785
        7788
       -7791
        7797
        7800
        7801
        7802
        7803
        7815
        7820
        7822
        7823
        7826
        7829
        7839
        7840
        7842
        7844
        7848
        7856
        7857
        7864
       -7867
        7868
        7871
        7873
        7874
        7881
        7886
        7891
        7895
        7896
        7899
        7901
        7907
        7910
        7912
        7914
        7920
        7922
        7925
        7926
        7927
        7928
        7929
        7936
        7944
        7947
        7949
        7950
        7954
        7962
        7963
        7968
        7973
        7975
        7976
        7977
        7980
        7984
        7989
        7990
        7991
        7993
       -7996
        7997
        8002
        8004
        8005
        8008
        8014
        8016
        8018
        8019
        8020
        8022
        8024
        8026
        8028
        8029
        8030
        8034
        8039
        8041
        8042
        8045
        8047
        8050
        8054
        8055
        8057
        8058
        8059
        8067
        8069
        8071
        8074
        8075
        8077
        8079
       -8081
        8084
        8086
        8090
        8091
        8094
        8096
        8097
        8098
        8102
        8108
        8111
        8116
        8121
        8122
        8127
        8130
        8132
        8133
        8134
        8136
        8137
        8141
        8144
        8150
        8151
        8152
        8154
        8155
        8157
        8159
        8162
        8164
        8166
        8167
        8170
        8171
        8173
        8175
        8179
        8180
        8185
        8186
        8192
        8195
        8201
        8204
        8205
        8207
        8209
        8213
        8216
        8217
        8218
        8225
        8228
        8229
        8230
        8232
        8233
        8242
        8244
        8245
        8248
        8249
        8256
        8257
        8259
        8260
        8265
        8272
       -8273
        8277
        8282
        8283
        8284
        8285
        8287
        8288
        8290
        8292
        8293
        8297
        8298
        8299
        8300
        8307
        8310
        8312
        8315
        8316
        8317
        8318
        8325
        8326
        8331
        8335
        8336
        8339
        8344
        8346
        8352
        8356
        8359
        8362
        8363
        8365
        8367
        8368
        8372
        8373
        8375
        8377
        8386
        8388
        8392
        8393
        8395
        8399
        8407
        8409
        8410
        8411
        8415
        8416
        8417
        8426
        8429
        8430
        8432
        8434
        8447
        8449
        8450
        8454
        8460
        8463
        8466
        8467
        8469
        8470
        8473
        8475
        8479
        8486
        8491
        8492
        8495
        8497
        8498
        8501
        8502
        8515
        8517
        8518
        8529
        8538
        8539
        8542
        8544
        8545
        8546
        8547
        8548
        8551
        8557
        8558
        8568
        8569
        8570
        8575
        8577
        8584
        8591
        8593
        8596
        8599
        8602
        8604
        8612
        8614
        8616
        8618
        8622
        8626
        8629
        8633
        8635
        8642
        8643
        8645
        8647
        8648
        8651
        8655
        8656
        8659
        8660
        8666
        8670
        8677
        8684
        8686
        8693
        8694
        8699
        8702
        8707
        8709
        8717
        8718
        8722
        8723
        8725
        8729
        8732
        8734
        8739
        8749
        8754
        8763
        8765
        8770
        8771
        8774
       -8775
        8777
        8778
        8782
        8784
        8786
        8789
        8795
        8796
        8809
        8810
        8816
        8824
        8828
        8830
        8838
        8839
        8840
        8846
       -8848
        8864
        8868
        8875
        8876
        8877
        8878
        8879
        8883
        8885
        8886
        8890
        8892
        8894
        8902
        8908
        8925
        8929
        8930
        8933
        8934
        8941
        8942
        8944
        8949
        8950
        8954
        8955
        8975
        8979
        8980
        8981
        8983
        8985
        8989
        8990
        8992
        8996
        9006
        9011
        9012
        9017
        9019
        9023
        9025
        9027
        9028
        9034
        9035
        9038
        9040
        9055
        9058
        9066
        9070
        9074
        9079
        9084
        9085
        9090
        9091
        9095
        9097
        9108
        9110
        9117
        9136
        9144
        9150
        9151
        9156
       -9158
        9164
        9167
        9179
        9186
        9189
        9197
        9206
        9212
        9227
        9231
        9232
        9238
        9239
        9244
        9253
        9263
        9264
        9275
        9276
        9282
        9293
        9299
        9313
        9326
        9327
        9334
        9338
        9343
        9355
        9361
        9365
        9381
        9401
        9404
        9409
        9412
        9421
        9424
        9438
        9463
       -9471
        9483
        9486
        9492
        9493
        9498
        9519
        9532
        9533
        9534
        9535
        9540
        9551
        9552
        9562
        9585
        9588
        9592
        9602
        9618
        9625
        9629
        9633
        9640
        9649
        9676
       -9679
        9690
        9691
        9710
        9718
        9730
        9744
        9747
        9753
        9767
        9774
        9788
        9791
        9798
        9826
        9831
        9835
        9840
        9841
        9868
        9881
        9884
        9903
        9907
        9913
        9921
        9937
        9955
        9963
        9964
        9991
        9992
        9996
       10009
       10016
       10031
       10032
       10033
       10049
       10054
       10102
       10103
       10122
       10160
       10171
       10172
       10173
       10190
       10204
       10230
       10250
       10272
       10274
       10279
       10300
       10305
       10323
       10340
       10371
       10386
       10394
       10430
       10437
       10481
       10482
       10514
       10516
       10518
       10556
       10560
       10592
       10598
       10644
       10666
       10677
       10682
       10721
       10749
       10757
       10758
       10770
       10790
       10835
       10882
       10908
       10921
       10936
       10944
       10971
       11031
       11052
       11060
       11114
       11168
       11170
       11184
       11194
       11260
       11279
       11377
       11389
       11398
       11496
       11549
       11654
       11657
       11661
       11757
       11765
       11782
       11940
       11947
       12023
       12075
       12184
       12193
       12269
       12281
       12356
       12379
       12382
       12510
       12513
       12537
       12625
       12704
       12707
       12850
       12857
       13010
       13029
       13034
       13070
       13085
       13156
       13250
       13273
       13402
       13433
       13534
       13536
       13665
       13695
       13754
       13801
       13836
       13882
       13933
       13938
       13991
       14082
       14088
       14144
       14188
       14223
       14242
       14308
       14354
       14440
       14493
       14530
       14558
       14561
       14617
       14634
       14644
       14672
       14764
       14776
       14789
       14826
       14842
       14854
       14874
       14899
       14936
       14983
       15014
       15042
       15045
       15060
       15078
       15106
       15108
       15113
       15176
       15199
       15241
       15288
       15311
       15316
       15561
       15566
       15618
       15629
       15646
       58167
       58168
       58169
       58170
       58171
       58172
       58173
       58174
       58175
       58176
       58177
       58178
       58179
       58180
       58181
       58182
       58183
       58184
       58185
       58186
       58187
       58188
       58189
       58190
NNODG          31435        1437        1338
       -4864
       -4865
       -5139
        5140
        5141
       -5142
       -5144
       -5449
        5450
        5451
        5452
        5453
       -5454
       -5455
        5456
       -5457
       -5458
       -5797
       -5798
       -5800
       -5801
       -5802
       -5803
        5804
        5805
        5806
        5807
        5808
        5809
        5810
        5811
        5812
       -5813
       -6203
        6205
        6206
        6207
        6208
        6209
        6210
        6211
        6212
        6213
        6214
        6215
        6216
        6217
        6218
        6219
       -6619
        6621
        6622
        6623
        6624
        6625
        6626
        6627
        6628
        6629
        6630
        6631
        6632
        6633
        6634
        6635
        6636
        6637
        6638
       -6639
       -6640
       -7022
        7023
        7025
        7026
        7027
        7028
        7029
        7030
        7031
        7032
        7033
        7034
        7035
        7036
        7037
        7038
        7039
        7040
        7041
       -7042
       -7043
       -7044
       -7388
        7389
        7390
        7391
        7393
        7394
        7395
        7396
        7397
        7398
        7399
        7400
        7401
        7402
        7403
        7404
        7405
        7406
        7407
        7408
        7409
        7410
        7411
        7412
       -7413
       -7414
       -7749
       -7750
        7751
        7752
        7753
        7754
        7755
        7757
        7758
        7759
        7760
        7761
        7762
        7763
        7764
        7765
        7766
        7767
        7768
        7769
        7770
        7771
        7772
        7773
        7774
        7775
        7776
        7777
        7778
        7779
        7780
       -7781
       -7782
        8114
       -8115
        8116
        8117
        8118
        8119
        8120
        8121
        8122
        8123
        8125
        8126
        8127
        8128
        8129
        8130
        8131
        8132
        8133
        8134
        8135
        8136
        8137
        8138
        8139
        8140
        8141
        8142
        8143
        8144
        8145
        8146
        8147
        8148
        8149
        8150
       -8151
       -8152
       -8490
        8504
        8505
        8506
        8507
        8508
        8509
        8510
        8511
        8512
        8513
        8514
        8515
        8516
        8517
        8518
        8519
        8520
        8521
        8522
        8523
        8524
        8525
        8526
        8527
        8528
        8529
        8530
        8531
        8532
        8533
        8534
        8535
        8536
        8537
        8538
        8539
        8540
        8541
        8542
        8543
       -8544
       -8885
        8898
        8899
        8900
        8901
        8902
        8903
        8904
        8905
        8906
        8907
        8908
        8909
        8910
        8911
        8912
        8913
        8914
        8915
        8916
        8917
        8918
        8919
        8920
        8921
        8922
        8923
        8924
        8925
        8926
        8927
        8928
        8929
        8930
        8931
        8932
        8933
        8934
        8935
        8936
        8937
        8938
        8939
        8940
       -8941
       -9288
       -9289
        9298
        9299
        9300
        9301
        9302
        9303
        9304
        9305
        9306
        9307
        9308
        9309
        9310
        9311
        9312
        9313
        9314
        9315
        9316
        9317
        9318
        9319
        9320
        9321
        9322
        9323
        9324
        9325
        9326
        9327
        9328
        9329
        9330
        9331
        9332
        9333
        9334
        9335
        9336
        9337
        9338
        9339
        9340
       -9341
        9688
        9689
        9690
        9691
        9692
        9693
        9694
        9695
        9696
        9697
        9698
        9699
        9700
        9701
        9702
        9703
        9704
        9705
        9706
        9707
        9708
        9709
        9710
        9711
        9712
        9713
        9714
        9715
        9716
        9717
        9718
        9719
        9720
        9721
        9722
        9723
        9724
        9725
        9726
        9727
        9728
        9729
        9730
        9731
        9732
       -9733
       10043
       10044
       10045
       10046
       10047
       10048
       10049
       10050
       10051
       10052
       10053
       10054
       10055
       10056
       10057
       10058
       10059
       10060
       10061
       10062
       10063
       10064
       10065
       10066
       10067
       10068
       10069
       10070
       10071
      -10072
       10346
       10347
       10348
       10349
       10350
       10351
       10352
       10353
       10354
       10355
       10356
       10357
       10358
       10359
       10360
       10361
       10362
       10363
       10364
       10365
       10366
       10367
       10368
       10369
      -10370
       10601
       10602
       10603
       10604
       10605
       10606
       10607
       10608
       10609
       10610
       10611
       10612
       10613
       10614
       10615
       10616
       10617
       10618
       10619
       10620
      -10621
      -10622
       10831
       10832
       10833
       10834
       10835
       10836
       10837
       10838
       10839
       10840
       10841
       10842
       10843
       10844
       10845
       10846
       10847
       10848
       10849
       10850
       10851
      -10852
       11055
       11056
       11057
       11058
       11059
       11060
       11061
       11062
       11063
       11064
       11065
       11066
       11067
       11068
       11069
       11070
       11071
       11072
       11073
       11074
       11075
       11076
       11077
       11078
      -11079
       11278
       11279
       11280
       11281
       11282
       11283
       11284
       11285
       11286
       11287
       11288
       11289
       11290
       11291
       11292
       11293
       11294
       11295
       11296
       11297
       11298
       11299
      -11300
       11493
       11494
       11495
       11496
       11497
       11498
       11499
       11500
       11501
       11502
       11503
       11504
       11505
       11506
       11507
       11508
       11509
       11510
       11511
       11512
       11513
       11514
       11515
      -11516
      -11517
       11718
       11719
       11720
       11721
       11722
       11723
       11724
       11725
       11726
       11727
       11728
       11729
       11730
       11731
       11732
       11733
       11734
       11735
       11736
       11737
       11738
       11739
      -11740
      -11741
      -11742
       11944
       11945
       11946
       11947
       11948
       11949
       11950
       11951
       11952
       11953
       11954
       11955
       11956
       11957
       11958
       11959
       11960
       11961
       11962
       11963
       11964
       11965
       11966
       11967
      -11968
       12151
       12152
       12153
       12154
       12155
       12156
       12157
       12158
       12159
       12160
       12161
       12162
       12163
       12164
       12165
       12166
       12167
       12168
       12169
       12170
       12171
       12172
       12173
       12174
      -12175
       12358
       12359
       12360
       12361
       12362
       12363
       12364
       12365
       12366
       12367
       12368
       12369
       12370
       12371
       12372
       12373
       12374
       12375
       12376
       12377
       12378
       12379
       12380
       12381
      -12382
      -12383
       12566
       12567
       12568
       12569
       12570
       12571
       12572
       12573
       12574
       12575
       12576
       12577
       12578
       12579
       12580
       12581
       12582
       12583
       12584
       12585
       12586
       12587
       12588
       12589
       12590
       12591
       12592
       12593
      -12594
       12788
       12789
       12790
       12791
       12792
       12793
       12794
       12795
       12796
       12797
       12798
       12799
       12800
       12801
       12802
       12803
       12804
       12805
       12806
       12807
       12808
       12809
       12810
       12811
       12812
       12813
       12814
       12815
       12816
       12817
       12818
       12819
       12820
      -12821
       13023
       13024
       13025
       13026
       13027
       13028
       13029
       13030
       13031
       13032
       13033
       13034
       13035
       13036
       13037
       13038
       13039
       13040
      -13041
       13042
       13043
       13044
       13045
       13046
       13047
       13048
       13049
       13050
       13051
       13052
       13053
       13054
       13055
       13056
       13057
       13058
       13268
       13269
       13270
      -13271
       13272
       13273
       13274
       13275
       13276
       13277
       13278
       13279
       13280
       13281
       13282
       13283
       13284
       13285
       13286
       13287
       13288
       13290
       13291
       13292
       13293
       13294
       13295
       13296
       13297
       13298
       13299
       13300
       13301
       13302
       13303
       13304
       13305
       13306
       13307
       13308
       13309
       13536
      -13537
       13539
       13540
       13541
       13542
       13543
       13544
       13545
       13546
       13547
       13548
       13549
       13550
       13551
       13552
       13553
       13554
       13555
       13556
       13557
       13558
       13559
       13560
       13561
       13562
       13563
       13564
       13565
       13567
       13568
       13569
       13570
       13571
       13572
       13573
       13574
       13575
       13576
       13577
       13578
       13579
       13831
       13832
      -13833
       13837
       13838
       13839
       13840
       13841
       13842
       13843
       13844
       13845
       13846
       13847
       13848
       13849
       13850
       13851
       13852
       13853
       13854
       13855
       13856
       13857
       13858
       13859
       13860
       13861
       13862
       13863
       13864
       13866
       13867
       13868
       13869
       13870
       13871
       13872
       13873
       14142
       14143
       14144
      -14145
       14146
       14151
       14152
       14153
       14154
       14155
       14156
       14157
       14158
       14159
       14160
       14161
       14162
       14163
       14164
       14165
       14166
       14167
       14168
       14169
       14170
       14171
       14172
       14173
       14174
       14175
       14176
       14177
       14178
       14179
       14180
       14181
       14182
       14184
       14185
       14186
       14187
       14188
       14474
       14475
       14476
       14477
       14478
       14479
      -14480
       14486
       14487
       14488
       14489
       14490
       14491
       14492
       14493
       14494
       14495
       14496
       14497
       14498
       14499
       14500
       14501
       14502
       14503
       14504
       14505
       14506
       14507
       14508
       14509
       14510
       14511
       14512
       14513
       14514
       14515
       14516
       14517
       14518
       14519
       14520
       14521
       14522
       14523
       14524
       14525
       14526
       14527
       14528
       14529
       14530
       14531
       14532
       14850
       14851
       14852
       14853
       14854
       14855
       14856
       14857
      -14858
      -14859
       14866
       14867
       14868
       14869
       14870
       14871
       14872
       14873
       14874
       14875
       14876
       14877
       14878
       14879
       14880
       14881
       14882
       14883
       14884
       14885
       14886
       14887
       14888
       14889
       14890
       14891
       14892
       14893
       14894
       14895
       14896
       14897
       14898
       14899
       14900
       14901
       14902
       14903
       14904
       14905
       14906
       14907
       14908
       14909
       14910
       14911
       14912
       14913
       14914
       14915
       14916
       14917
       14918
       14919
       14920
       14921
       14922
       14923
       15262
       15263
       15264
       15265
       15266
       15267
       15268
       15269
       15270
       15271
      -15272
       15280
       15281
       15282
       15283
       15284
       15285
       15286
       15287
       15288
       15289
       15290
       15291
       15292
       15293
       15294
       15295
       15296
       15297
       15298
       15299
       15300
       15301
       15302
       15303
       15304
       15305
       15306
       15307
       15308
       15309
       15310
       15311
       15312
       15313
       15314
       15315
       15316
       15317
       15318
       15319
       15320
       15321
       15322
       15323
       15324
       15325
       15326
       15327
       15328
       15329
       15330
       15331
       15332
       15333
       15334
       15335
       15336
       15337
       15338
       15339
       15340
       15341
       15342
       15671
       15672
       15673
       15674
       15675
       15676
       15677
       15678
       15679
       15680
       15681
      -15682
       15690
       15691
       15692
       15693
       15694
       15695
       15696
       15697
       15698
       15699
       15700
       15701
       15702
       15703
       15704
       15705
       15706
       15707
       15708
       15709
       15710
       15711
       15712
       15713
       15714
       15715
       15716
       15717
       15718
       15719
       15720
       15721
       15722
       15723
       15724
       15725
       15726
       15727
       15728
       15729
       15730
       15731
       15732
       15733
       15734
       15735
       15736
       15737
       15738
       15739
       15740
       15741
       16072
       16073
       16074
       16075
       16076
       16077
       16078
       16079
       16080
       16081
       16082
       16083
      -16084
       16091
       16092
       16093
       16094
       16095
       16096
       16097
       16098
       16099
       16100
       16101
       16102
       16103
       16104
       16105
       16106
       16107
       16108
       16109
       16110
       16111
       16112
       16113
       16114
       16115
       16116
       16117
       16118
       16119
       16120
       16121
       16122
       16123
       16414
       16415
       16416
       16417
       16418
       16419
       16420
       16421
       16422
       16423
       16424
       16425
       16426
       16427
      -16428
       16435
       16436
       16437
       16438
       16439
       16440
       16441
       16442
       16443
       16444
       16445
       16446
       16447
       16448
       16449
       16450
       16451
       16452
       16453
       16454
       16455
       16456
       16457
       16708
       16709
       16710
       16711
       16712
       16713
       16714
       16715
       16716
       16717
       16719
       16720
       16721
       16722
       16723
       16724
       16725
       16726
       16727
       16728
       16729
       16730
       16731
       16732
       16733
       16734
       16735
       16736
       16970
       16971
       16972
       16973
       16974
       16975
       16976
       16977
       16978
       16979
       16980
       16981
       16982
       16983
       16984
       16985
       16986
       16987
       16988
       16989
       16990
       17198
       17199
       17200
       17201
       17202
       17203
       17204
       17205
       17206
       17207
       17208
       17209
       17210
       17211
       17212
       17409
       17410
       17411
       17412
       17413
       17414
       17415
       17416
       17417
       17617
       17618
       17619
       17620
       17621
       17622
       17623
       17624
       17828
       17829
       17830
       17831
       17832
       17833
       17834
       18035
       18036
NFLUXF             0
NETA             103          37           0
NSTAE              0           0           0
NSTAV              0           0           0
NSTAM              0           0           0
NSTAC              0           0           0
RES NODE           9        1265
                   4           5           9          10          11          12
                  15          24          25          26          27          28
                  29          30          31          32          35          36
                  37          38          39          40          41          42
                  43          44          45          46          47          48
                  49          51          52          53          54          55
                  56          57          58          59          60          61
                  62          63          64          65          66          67
                  68          72          73          74          75          76
                  77          78          79          80          81          82
                  83          84          85          86          87          88
                  89          94          95          96          97          98
                  99         100         101         102         103         104
                 105         106         107         108         109         110
                 111         112         113         114         115         116
                 121         122         123         124         125         126
                 127         128         129         130         131         132
                 133         134         135         136         137         138
                 139         140         141         142         143         144
                 145         146         147         148         149         152
                 154         155         156         157         158         159
                 160         161         162         163         164         165
                 166         167         168         169         170         171
                 172         173         174         175         176         177
                 178         179         180         181         182         183
                 184         185         186         187         191         192
                 193         194         195         196         197         198
                 199         200         201         202         203         204
                 205         206         207         208         209         210
                 211         212         213         214         215         216
                 217         218         219         220         221         222
                 223         224         225         226         227         228
                 229         230         233         234         235         236
                 237         238         239         240         241         242
                 243         244         245         246         247         248
                 249         250         251         252         253         254
                 255         256         257         258         259         260
                 261         262         263         264         265         266
                 267         268         269         270         271         272
                 273         274         275         279         280         281
                 282         283         284         285         286         287
                 288         289         290         291         292         293
                 294         295         296         297         298         299
                 300         301         302         303         304         305
                 306         307         308         309         310         311
                 312         313         314         315         316         317
                 318         319         320         321         323         324
                 325         326         327         328         329         330
                 331         332         333         334         335         336
                 337         338         339         340         341         342
                 343         344         345         346         347         348
                 349         350         351         352         353         354
                 355         356         357         358         359         360
                 361         362         363         364         365         366
                 367         369         370         371         372         373
                 374         375         376         377         378         379
                 380         381         382         383         384         385
                 386         387         388         389         390         391
                 392         393         394         395         396         397
                 399         400         401         402         403         404
                 405         406         407         408         409         410
                 411         412         413         414         415         416
                 417         418         419         420         421         422
                 424         425         426         427         428         429
                 430         431         432         433         434         435
                 436         437         438         439         440         441
                 442         443         446         447         448         449
                 450         451         452         453         454         455
                 456         457         458         459         460         461
                 462         463         464         465         466         468
                 469         470         471         472         473         474
                 475         476         477         478         479         480
                 481         482         483         484         485         486
                 487         488         489         490         491         493
                 494         495         496         497         498         499
                 500         501         502         503         504         505
                 506         507         508         509         510         511
                 512         513         514         516         517         518
                 519         520         521         522         523         524
                 525         526         527         528         529         530
                 531         532         533         534         535         536
                 537         538         541         542         543         544
                 545         546         547         548         549         550
                 551         552         553         554         555         556
                 557         558         559         560         561         562
                 566         567         568         569         570         571
                 572         573         574         575         576         577
                 578         579         580         581         582         583
                 584         585         586         587         588         589
                 591         592         593         594         595         596
                 597         598         599         600         601         602
                 603         604         605         606         607         608
                 609         610         611         612         613         614
                 616         617         618         619         620         621
                 622         623         624         625         626         627
                 628         629         630         631         632         633
                 634         635         636         637         638         639
                 642         643         644         645         646         647
                 648         649         650         651         652         653
                 654         655         656         657         658         659
                 660         661         662         663         664         665
                 666         667         668         669         671         672
                 673         674         675         676         677         678
                 679         680         681         682         683         684
                 685         686         687         688         689         690
                 691         692         693         694         695         696
                 697         698         699         700         701         702
                 703         705         706         707         708         709
                 710         711         712         713         714         715
                 716         717         718         719         720         721
                 722         724         725         726         727         728
                 729         730         731         732         733         734
                 735         736         737         738         739         740
                 741         742         743         745         746         747
                 748         749         750         751         752         753
                 754         755         756         757         758         759
                 760         761         762         763         764         765
                 766         767         768         769         770         771
                 772         773         774         775         776         777
                 778         779         780         781         782         784
                 785         786         787         788         789         790
                 791         792         793         794         795         796
                 797         798         799         800         801         802
                 803         804         805         806         807         808
                 809         810         811         812         813         814
                 815         816         817         818         819         820
                 821         822         823         824         825         827
                 828         829         830         831         832         833
                 834         835         836         837         838         839
                 840         841         842         843         844         845
                 846         847         848         849         850         851
                 852         853         854         855         856         857
                 858         859         860         861         862         863
                 864         865         867         868         869         870
                 871         872         873         874         875         876
                 877         878         879         880         881         882
                 883         884         885         886         887         888
                 889         890         891         892         893         894
                 895         896         897         898         899         900
                 901         902         903         904         905         906
                 907         908         909         910         912         913
                 914         915         916         917         918         919
                 920         921         922         923         924         925
                 926         927         928         929         930         931
                 932         933         934         935         936         937
                 938         939         940         941         942         943
                 944         945         946         947         948         949
                 950         951         952         953         954         955
                 956         957         958         959         960         961
                 962         963         964         965         966         969
                 970         971         972         973         974         975
                 976         977         978         979         980         981
                 982         983         984         985         986         987
                 988         989         990         991         992         993
                 994         995         996         997         998         999
                1000        1001        1002        1003        1004        1005
                1006        1007        1008        1009        1010        1011
                1012        1013        1014        1015        1016        1017
                1018        1019        1020        1021        1022        1023
                1024        1025        1026        1027        1028        1029
                1030        1031        1032        1033        1034        1035
                1036        1038        1039        1040        1041        1042
                1043        1044        1045        1046        1047        1048
                1049        1050        1051        1052        1053        1054
                1055        1056        1057        1058        1059        1060
                1061        1062        1063        1064        1065        1066
                1067        1068        1069        1070        1071        1072
                1073        1074        1075        1076        1077        1078
                1079        1080        1081        1082        1083        1084
                1085        1086        1087        1088        1089        1090
                1091        1092        1093        1094        1095        1096
                1097        1098        1099        1100        1101        1102
                1103        1104        1105        1106        1107        1108
                1109        1110        1111        1113        1114        1115
                1116        1117        1118        1119        1120        1121
                1122        1123        1124        1125        1126        1127
                1128        1129        1130        1131        1132        1133
                1134        1135        1136        1137        1138        1139
                1140        1141        1142        1143        1144        1145
                1146        1147        1148        1149        1150        1151
                1152        1153        1154        1155        1156        1157
                1158        1159        1160        1161        1162        1163
                1164        1165        1166        1167        1168        1169
                1170        1171        1172        1173        1174        1175
                1176        1178        1179        1180        1181        1182
                1183        1184        1185        1186        1187        1188
                1189        1190        1191        1192        1193        1194
                1195        1196        1197        1198        1199        1200
                1201        1202        1203        1204        1205        1206
                1207        1208        1209        1210        1211        1212
                1213        1214        1215        1216        1217        1218
                1219        1220        1221        1222        1223        1224
                1226        1227        1228        1229        1230        1231
                1232        1233        1234        1235        1236        1237
                1238        1239        1240        1241        1242        1243
                1244        1245        1246        1247        1248        1249
                1250        1251        1252        1253        1254        1255
                1256        1257        1258        1259        1260        1261
                1262        1263        1264        1265        1266        1267
                1268        1269        1270        1271        1272        1273
                1274        1275        1276        1277        1278        1279
                1280        1281        1282        1283        1284        1285
                1286        1287        1288        1289        1290        1291
                1292        1293        1294        1295        1296        1297
                1298        1299        1300        1301        1302        1303
                1304        1305        1306        1307        1308        1309
                1310        1311        1312        1313        1314        1315
                1316        1317        1318        1319        1320        1321
                1322        1323        1324        1325        1326        1327
                1328        1329        1330        1331        1332        1333
                1334        1335        1336        1337        1338
COMM PE            3
RECV PE            7          31
                 368         398         423         444         445         467
                 492         515         539         540         563         564
                 565         590         615         640         641         670
                 704         723         744         783         826         866
                 911         967         968        1037        1112        1177
                1225
RECV PE           10          17
                  16          17          33          69          70          90
                  91          92         117         118         150         151
                 188         189         231         276         322
RECV PE           11          25
                   1           2           3           6           7           8
                  13          14          18          19          20          21
                  22          23          34          50          71          93
                 119         120         153         190         232         277
                 278
SEND PE            7          31
                 321         366         367         397         421         422
                 443         466         491         513         514         537
                 538         562         589         613         614         639
                 669         687         709         743         782         824
                 864         910         966        1036        1111        1176
                1218
SEND PE           10          17
                  15          32          49          63          64          65
                  66          67          68          89         115         116
                 149         187         230         275         321
SEND PE           11          25
                   4           5           9          12          15          24
                  31          35          36          37          38          39
                  40          41          51          72          94         121
                 122         152         154         192         233         235
                 280
