eastcoast_95d_ll_select.grd nodal attributes                                    
        1338
           2
primitive_weighting_in_continuity_equation                                      
unitless                                                                        
           1
  0.500000000E-02
mannings_n_at_sea_floor                                                         
unitless                                                                        
           1
  0.250000000E-01
primitive_weighting_in_continuity_equation                                      
          95
      7765    0.20000000E-01
      7770    0.20000000E-01
      7771    0.20000000E-01
      8134    0.20000000E-01
      8135    0.20000000E-01
      8524    0.20000000E-01
      8525    0.20000000E-01
      8526    0.20000000E-01
      8533    0.20000000E-01
      8913    0.20000000E-01
      8919    0.20000000E-01
      8920    0.20000000E-01
      9306    0.20000000E-01
      9308    0.20000000E-01
      9314    0.20000000E-01
      9324    0.20000000E-01
      9690    0.20000000E-01
      9693    0.20000000E-01
      9702    0.20000000E-01
      9703    0.20000000E-01
      9704    0.20000000E-01
      9706    0.20000000E-01
      9715    0.20000000E-01
     10046    0.20000000E-01
     10047    0.20000000E-01
     10048    0.20000000E-01
     10050    0.20000000E-01
     10051    0.20000000E-01
     10059    0.20000000E-01
     10350    0.20000000E-01
     10351    0.20000000E-01
     10610    0.20000000E-01
     10841    0.20000000E-01
     11057    0.20000000E-01
     11060    0.20000000E-01
     11061    0.20000000E-01
     11062    0.20000000E-01
     11064    0.20000000E-01
     11284    0.20000000E-01
     11285    0.20000000E-01
     11286    0.20000000E-01
     11499    0.20000000E-01
     11723    0.20000000E-01
     11724    0.20000000E-01
     11951    0.20000000E-01
     11958    0.20000000E-01
     11959    0.20000000E-01
     11960    0.20000000E-01
     12165    0.20000000E-01
     12166    0.20000000E-01
     12167    0.20000000E-01
     12373    0.20000000E-01
     12374    0.20000000E-01
     12375    0.20000000E-01
     12586    0.20000000E-01
     12587    0.20000000E-01
     12588    0.20000000E-01
     13055    0.20000000E-01
     13056    0.20000000E-01
     13299    0.20000000E-01
     13301    0.20000000E-01
     13302    0.20000000E-01
     13305    0.20000000E-01
     13573    0.20000000E-01
     13574    0.20000000E-01
     13575    0.20000000E-01
     13576    0.20000000E-01
     13577    0.20000000E-01
     13578    0.20000000E-01
     13579    0.20000000E-01
     13870    0.20000000E-01
     13871    0.20000000E-01
     13872    0.20000000E-01
     13873    0.20000000E-01
     14188    0.20000000E-01
     14920    0.20000000E-01
     14921    0.20000000E-01
     15340    0.20000000E-01
     15341    0.20000000E-01
     15342    0.20000000E-01
     15740    0.20000000E-01
     16428    0.20000000E-01
     16732    0.20000000E-01
     16733    0.20000000E-01
     16734    0.20000000E-01
     16984    0.20000000E-01
     16988    0.20000000E-01
     16989    0.20000000E-01
     16990    0.20000000E-01
     17210    0.20000000E-01
     17211    0.20000000E-01
     17212    0.20000000E-01
     17417    0.20000000E-01
     18035    0.20000000E-01
     18036    0.20000000E-01
mannings_n_at_sea_floor                                                         
           0
