OceanMesh2D nodal attributes
2868
2
primitive_weighting_in_continuity_equation
unitless
1
5.0000000000000001E-03
mannings_n_at_sea_floor
unitless
1
2.5000000000000001E-02
primitive_weighting_in_continuity_equation
1084
1 0.03
2 0.03
3 0.03
4 0.03
5 0.03
6 0.03
7 0.03
8 0.03
9 0.03
10 0.03
11 0.03
12 0.03
13 0.03
14 0.03
15 0.03
16 0.03
17 0.03
18 0.03
19 0.03
20 0.03
21 0.03
22 0.03
23 0.03
24 0.03
25 0.03
26 0.03
27 0.03
28 0.03
29 0.03
30 0.03
31 0.03
32 0.03
33 0.03
34 0.03
35 0.03
36 0.03
37 0.03
38 0.03
39 0.03
40 0.03
41 0.03
42 0.03
43 0.03
44 0.03
45 0.03
46 0.03
47 0.03
48 0.03
49 0.03
50 0.03
51 0.03
52 0.03
53 0.03
54 0.03
55 0.03
56 0.03
57 0.03
58 0.03
59 0.03
60 0.03
61 0.03
62 0.03
63 0.03
64 0.03
65 0.03
66 0.03
67 0.03
68 0.03
69 0.02
70 0.03
71 0.03
72 0.03
73 0.03
74 0.03
75 0.03
77 0.02
78 0.03
79 0.03
80 0.03
81 0.03
82 0.03
83 0.03
84 0.03
85 0.03
86 0.03
87 0.03
88 0.03
89 0.03
90 0.03
91 0.03
92 0.03
93 0.03
94 0.03
95 0.03
96 0.03
97 0.03
98 0.03
99 0.03
100 0.03
101 0.03
102 0.03
103 0.03
104 0.03
105 0.03
106 0.03
107 0.03
108 0.03
109 0.03
110 0.03
111 0.03
112 0.03
113 0.03
114 0.03
115 0.03
116 0.03
117 0.03
118 0.03
119 0.03
120 0.03
121 0.03
122 0.03
123 0.03
124 0.03
125 0.03
126 0.03
127 0.03
128 0.03
129 0.03
130 0.03
131 0.03
132 0.03
133 0.03
134 0.03
135 0.03
136 0.03
137 0.03
138 0.03
139 0.02
140 0.02
142 0.03
143 0.03
149 0.02
150 0.03
151 0.03
152 0.03
153 0.03
154 0.03
155 0.03
156 0.03
157 0.03
158 0.03
159 0.03
160 0.03
161 0.03
162 0.03
163 0.03
164 0.03
165 0.03
166 0.03
167 0.03
168 0.03
169 0.03
170 0.03
171 0.03
172 0.03
173 0.03
174 0.03
175 0.03
176 0.03
177 0.03
178 0.03
179 0.03
180 0.03
181 0.03
182 0.03
183 0.03
184 0.03
185 0.03
186 0.03
187 0.03
188 0.03
189 0.03
190 0.03
191 0.03
192 0.03
193 0.03
194 0.03
195 0.03
196 0.03
197 0.03
198 0.03
199 0.03
200 0.03
201 0.03
202 0.03
203 0.03
204 0.03
205 0.03
206 0.03
207 0.03
208 0.03
209 0.03
210 0.03
211 0.03
212 0.03
213 0.03
214 0.03
215 0.03
216 0.03
217 0.03
218 0.03
219 0.03
220 0.03
221 0.03
222 0.03
223 0.03
224 0.03
225 0.03
226 0.03
227 0.03
228 0.03
229 0.03
230 0.03
231 0.03
232 0.03
233 0.03
234 0.02
235 0.02
242 0.02
246 0.02
247 0.03
248 0.03
249 0.03
250 0.03
251 0.03
252 0.03
253 0.03
254 0.03
255 0.03
256 0.03
257 0.03
258 0.03
259 0.03
260 0.03
261 0.03
262 0.03
263 0.03
264 0.03
265 0.03
266 0.03
267 0.03
268 0.03
269 0.03
270 0.03
271 0.03
272 0.03
273 0.03
274 0.03
275 0.03
276 0.03
277 0.03
278 0.03
279 0.03
280 0.03
281 0.03
282 0.03
283 0.03
284 0.03
285 0.03
286 0.03
287 0.03
288 0.03
289 0.03
290 0.03
291 0.03
292 0.03
293 0.03
294 0.03
295 0.03
296 0.03
297 0.03
298 0.03
299 0.03
300 0.03
301 0.03
302 0.03
303 0.03
304 0.03
305 0.03
306 0.03
307 0.03
308 0.03
309 0.03
310 0.03
311 0.03
312 0.03
313 0.03
314 0.03
315 0.03
316 0.03
317 0.03
318 0.03
319 0.03
320 0.03
321 0.03
322 0.03
323 0.03
324 0.03
325 0.02
326 0.02
337 0.03
338 0.03
339 0.03
340 0.03
341 0.03
342 0.03
343 0.03
344 0.03
345 0.03
346 0.03
347 0.03
348 0.03
349 0.03
350 0.03
351 0.03
352 0.03
353 0.03
354 0.03
355 0.03
356 0.03
357 0.03
358 0.03
359 0.03
360 0.03
361 0.03
362 0.03
363 0.03
364 0.03
365 0.03
366 0.03
367 0.03
368 0.03
369 0.03
370 0.03
371 0.03
372 0.03
373 0.03
374 0.03
375 0.03
376 0.03
377 0.03
378 0.03
379 0.03
380 0.03
381 0.03
382 0.03
383 0.03
384 0.03
385 0.03
386 0.03
387 0.03
388 0.03
389 0.03
390 0.03
391 0.03
392 0.03
393 0.03
394 0.03
395 0.03
396 0.03
397 0.03
398 0.03
399 0.03
400 0.03
401 0.02
404 0.02
413 0.03
414 0.03
415 0.03
416 0.03
417 0.03
418 0.03
419 0.03
420 0.03
421 0.03
422 0.03
423 0.03
424 0.03
425 0.03
426 0.03
427 0.03
428 0.03
429 0.03
430 0.03
431 0.03
432 0.03
433 0.03
434 0.03
435 0.03
436 0.03
437 0.03
438 0.03
439 0.03
440 0.03
441 0.03
442 0.03
443 0.03
444 0.03
445 0.03
446 0.03
447 0.03
448 0.03
449 0.03
450 0.03
451 0.03
452 0.03
453 0.03
454 0.03
455 0.03
456 0.03
457 0.03
458 0.03
459 0.03
460 0.03
461 0.03
462 0.03
463 0.03
464 0.03
465 0.03
466 0.03
467 0.03
468 0.03
469 0.03
470 0.03
471 0.02
476 0.02
478 0.02
479 0.02
486 0.03
487 0.03
488 0.03
489 0.03
490 0.03
491 0.03
492 0.03
493 0.03
494 0.03
495 0.03
496 0.03
497 0.03
498 0.03
499 0.03
500 0.03
501 0.03
502 0.03
503 0.03
504 0.03
505 0.03
506 0.03
507 0.03
508 0.03
509 0.03
510 0.03
511 0.03
512 0.03
513 0.03
514 0.03
515 0.03
516 0.03
517 0.03
518 0.03
519 0.03
520 0.03
521 0.03
522 0.03
523 0.03
524 0.03
525 0.03
526 0.03
527 0.03
528 0.03
529 0.03
530 0.03
531 0.03
532 0.03
533 0.03
534 0.03
535 0.03
536 0.03
537 0.03
538 0.03
540 0.02
544 0.03
547 0.03
548 0.02
557 0.02
558 0.03
559 0.03
560 0.03
561 0.03
562 0.03
563 0.03
564 0.03
565 0.03
566 0.03
567 0.03
568 0.03
569 0.03
570 0.03
571 0.03
572 0.03
573 0.03
574 0.03
575 0.03
576 0.03
577 0.03
578 0.03
579 0.03
580 0.03
581 0.03
582 0.03
583 0.03
584 0.03
585 0.03
586 0.03
587 0.03
588 0.03
589 0.03
590 0.03
591 0.03
592 0.03
593 0.03
594 0.03
595 0.03
596 0.03
597 0.03
598 0.03
599 0.03
600 0.03
601 0.03
602 0.03
603 0.03
606 0.02
611 0.03
612 0.03
615 0.03
625 0.02
626 0.03
627 0.03
628 0.03
629 0.03
630 0.03
631 0.03
632 0.03
633 0.03
634 0.03
635 0.03
636 0.03
637 0.03
638 0.03
639 0.03
640 0.03
641 0.03
642 0.03
643 0.03
644 0.03
645 0.03
646 0.03
647 0.03
648 0.03
649 0.03
650 0.03
651 0.03
652 0.03
653 0.03
654 0.03
655 0.03
656 0.03
657 0.03
658 0.03
659 0.03
660 0.03
661 0.03
662 0.03
663 0.03
666 0.02
674 0.02
686 0.02
687 0.03
688 0.03
689 0.03
690 0.03
691 0.03
692 0.03
693 0.03
694 0.03
695 0.03
696 0.03
697 0.03
698 0.03
699 0.03
700 0.03
701 0.03
702 0.03
703 0.03
704 0.03
705 0.03
706 0.03
707 0.03
708 0.03
709 0.03
710 0.03
711 0.03
712 0.03
713 0.03
714 0.03
715 0.03
716 0.03
717 0.03
718 0.03
719 0.03
720 0.03
721 0.03
722 0.03
723 0.03
724 0.03
725 0.03
726 0.03
727 0.03
728 0.03
731 0.02
734 0.02
743 0.02
745 0.02
746 0.03
755 0.03
756 0.03
757 0.03
758 0.02
766 0.02
767 0.03
768 0.03
769 0.03
770 0.03
771 0.03
772 0.03
773 0.03
774 0.03
775 0.03
776 0.03
777 0.03
778 0.03
779 0.03
780 0.03
781 0.03
782 0.03
783 0.03
784 0.03
785 0.03
786 0.03
787 0.03
788 0.03
789 0.03
790 0.03
791 0.03
792 0.03
793 0.03
794 0.03
795 0.03
796 0.03
797 0.03
798 0.03
799 0.03
800 0.03
801 0.03
802 0.03
803 0.03
804 0.03
805 0.03
808 0.02
810 0.02
817 0.02
829 0.03
830 0.03
831 0.03
832 0.03
833 0.02
840 0.02
841 0.03
842 0.03
843 0.03
844 0.03
845 0.03
846 0.03
847 0.03
848 0.03
849 0.03
850 0.03
851 0.03
852 0.03
853 0.03
854 0.03
855 0.03
856 0.03
857 0.03
858 0.03
859 0.03
860 0.03
861 0.03
862 0.03
863 0.03
864 0.03
865 0.03
866 0.03
867 0.03
868 0.03
869 0.03
870 0.03
871 0.03
872 0.03
874 0.02
875 0.02
883 0.02
886 0.02
888 0.02
889 0.02
897 0.03
898 0.03
899 0.02
905 0.02
906 0.03
907 0.03
908 0.03
909 0.03
910 0.03
911 0.03
912 0.03
913 0.03
914 0.03
915 0.03
916 0.03
917 0.03
918 0.03
919 0.03
920 0.03
921 0.03
922 0.03
923 0.03
924 0.03
925 0.03
926 0.03
927 0.03
928 0.03
929 0.03
930 0.03
931 0.03
932 0.03
933 0.03
934 0.03
935 0.03
936 0.03
943 0.03
944 0.03
945 0.03
951 0.03
955 0.02
961 0.03
962 0.02
969 0.02
970 0.03
972 0.02
973 0.03
974 0.03
975 0.03
976 0.03
977 0.03
978 0.03
979 0.03
980 0.03
981 0.03
982 0.03
983 0.03
984 0.03
985 0.03
986 0.03
987 0.03
988 0.03
989 0.03
990 0.03
991 0.03
992 0.03
993 0.03
994 0.03
995 0.03
996 0.03
997 0.03
998 0.03
999 0.03
1000 0.03
1001 0.03
1002 0.03
1004 0.02
1010 0.03
1011 0.03
1012 0.03
1014 0.03
1015 0.02
1024 0.02
1025 0.02
1030 0.02
1031 0.02
1032 0.02
1040 0.02
1041 0.03
1043 0.03
1044 0.03
1045 0.03
1046 0.03
1047 0.03
1048 0.03
1049 0.03
1050 0.03
1051 0.03
1052 0.03
1053 0.03
1054 0.03
1055 0.03
1056 0.03
1057 0.03
1058 0.03
1059 0.02
1060 0.03
1061 0.03
1062 0.03
1063 0.03
1064 0.03
1065 0.03
1066 0.03
1067 0.03
1068 0.03
1069 0.03
1070 0.03
1071 0.03
1079 0.03
1080 0.03
1081 0.03
1082 0.03
1084 0.02
1100 0.03
1101 0.02
1102 0.02
1113 0.02
1114 0.03
1115 0.03
1116 0.03
1117 0.03
1118 0.03
1119 0.03
1120 0.03
1121 0.03
1122 0.03
1123 0.03
1124 0.03
1125 0.03
1126 0.03
1127 0.03
1128 0.03
1129 0.03
1130 0.03
1132 0.03
1133 0.03
1134 0.03
1135 0.03
1136 0.03
1137 0.03
1138 0.03
1139 0.03
1140 0.03
1141 0.03
1142 0.03
1143 0.03
1144 0.03
1152 0.03
1159 0.02
1166 0.02
1167 0.03
1168 0.03
1169 0.03
1170 0.03
1171 0.02
1185 0.03
1186 0.02
1188 0.03
1189 0.03
1190 0.03
1191 0.03
1193 0.03
1194 0.03
1195 0.03
1196 0.03
1197 0.03
1198 0.03
1199 0.03
1200 0.03
1201 0.03
1202 0.03
1204 0.02
1205 0.03
1206 0.03
1207 0.03
1208 0.03
1209 0.03
1211 0.03
1212 0.03
1213 0.03
1215 0.03
1216 0.03
1225 0.03
1226 0.03
1227 0.03
1233 0.02
1237 0.02
1240 0.02
1241 0.02
1242 0.03
1243 0.03
1244 0.03
1245 0.03
1262 0.03
1269 0.03
1270 0.03
1274 0.02
1276 0.03
1277 0.03
1297 0.02
1298 0.03
1299 0.03
1300 0.03
1301 0.03
1302 0.03
1303 0.03
1308 0.02
1316 0.02
1317 0.02
1318 0.02
1319 0.03
1320 0.03
1322 0.03
1323 0.03
1324 0.03
1325 0.03
1350 0.03
1354 0.02
1376 0.02
1377 0.03
1378 0.03
1379 0.03
1380 0.03
1381 0.03
1382 0.02
1384 0.02
1399 0.02
1403 0.02
1423 0.02
1443 0.02
1458 0.02
1461 0.03
1462 0.03
1463 0.02
1475 0.02
1478 0.02
1507 0.02
1523 0.02
1528 0.02
1529 0.02
1530 0.02
1531 0.02
1532 0.02
1533 0.02
1548 0.02
1588 0.03
1596 0.02
1597 0.02
1598 0.02
1599 0.02
1624 0.03
1625 0.03
1644 0.02
1657 0.03
1658 0.03
1659 0.02
1665 0.02
1666 0.02
1667 0.03
1668 0.02
1669 0.02
1670 0.03
1671 0.02
1685 0.02
1696 0.02
1697 0.03
1698 0.03
1699 0.03
1700 0.03
1750 0.03
1751 0.03
1761 0.02
1789 0.02
1790 0.03
1792 0.03
1793 0.03
1794 0.03
1842 0.03
1843 0.03
1844 0.03
1845 0.03
1846 0.03
1847 0.03
1883 0.02
1884 0.03
1885 0.03
1886 0.03
1887 0.03
1889 0.02
1934 0.02
1935 0.03
1936 0.03
1975 0.02
1977 0.03
1978 0.02
1981 0.02
2028 0.03
2061 0.02
2062 0.02
2063 0.02
2064 0.02
2065 0.02
2066 0.02
2067 0.03
2068 0.03
2069 0.03
2070 0.03
2075 0.02
2120 0.02
2130 0.02
2144 0.02
2145 0.02
2146 0.02
2147 0.02
2148 0.02
2149 0.03
2150 0.03
2151 0.03
2152 0.02
2159 0.02
2208 0.02
2216 0.02
2217 0.02
2218 0.02
2219 0.02
2221 0.03
2222 0.03
2225 0.03
2226 0.03
2234 0.02
2284 0.03
2331 0.02
2375 0.02
2415 0.02
2570 0.02
2589 0.02
2606 0.02
2620 0.02
2648 0.02
2662 0.02
2720 0.02
2730 0.02
2741 0.02
2752 0.02
2764 0.02
2775 0.02
2789 0.02
2856 0.02
2868 0.02
mannings_n_at_sea_floor
0