eastcoast_95d_ll_select.grd nodal attributes                                    
        1340
           2
primitive_weighting_in_continuity_equation                                      
unitless                                                                        
           1
  0.500000000E-02
mannings_n_at_sea_floor                                                         
unitless                                                                        
           1
  0.250000000E-01
primitive_weighting_in_continuity_equation                                      
         216
     18779    0.20000000E-01
     19081    0.20000000E-01
     19825    0.20000000E-01
     19828    0.20000000E-01
     20204    0.20000000E-01
     20205    0.20000000E-01
     20206    0.20000000E-01
     20207    0.20000000E-01
     20208    0.20000000E-01
     20209    0.20000000E-01
     20210    0.20000000E-01
     20213    0.20000000E-01
     20556    0.20000000E-01
     20557    0.20000000E-01
     20558    0.20000000E-01
     20559    0.20000000E-01
     20600    0.20000000E-01
     20601    0.20000000E-01
     20602    0.20000000E-01
     20603    0.20000000E-01
     20604    0.20000000E-01
     20605    0.20000000E-01
     20606    0.20000000E-01
     20607    0.20000000E-01
     20608    0.20000000E-01
     20609    0.20000000E-01
     20610    0.20000000E-01
     20611    0.20000000E-01
     20612    0.20000000E-01
     20613    0.20000000E-01
     20967    0.20000000E-01
     20974    0.20000000E-01
     21001    0.20000000E-01
     21003    0.20000000E-01
     21004    0.20000000E-01
     21005    0.20000000E-01
     21006    0.20000000E-01
     21008    0.20000000E-01
     21009    0.20000000E-01
     21010    0.20000000E-01
     21012    0.20000000E-01
     21014    0.20000000E-01
     21378    0.20000000E-01
     21379    0.20000000E-01
     21402    0.20000000E-01
     21403    0.20000000E-01
     21404    0.20000000E-01
     21406    0.20000000E-01
     21407    0.20000000E-01
     21408    0.20000000E-01
     21418    0.20000000E-01
     21814    0.20000000E-01
     21815    0.20000000E-01
     21818    0.20000000E-01
     21819    0.20000000E-01
     21820    0.20000000E-01
     21831    0.20000000E-01
     21832    0.20000000E-01
     21834    0.20000000E-01
     22235    0.20000000E-01
     22236    0.20000000E-01
     22238    0.20000000E-01
     22240    0.20000000E-01
     22241    0.20000000E-01
     22242    0.20000000E-01
     22254    0.20000000E-01
     22255    0.20000000E-01
     22652    0.20000000E-01
     22653    0.20000000E-01
     22654    0.20000000E-01
     22655    0.20000000E-01
     22656    0.20000000E-01
     22665    0.20000000E-01
     23065    0.20000000E-01
     23077    0.20000000E-01
     23094    0.20000000E-01
     23512    0.20000000E-01
     23516    0.20000000E-01
     23520    0.20000000E-01
     23522    0.20000000E-01
     23523    0.20000000E-01
     23960    0.20000000E-01
     23966    0.20000000E-01
     23967    0.20000000E-01
     24382    0.20000000E-01
     24389    0.20000000E-01
     24390    0.20000000E-01
     24391    0.20000000E-01
     24392    0.20000000E-01
     24765    0.20000000E-01
     24771    0.20000000E-01
     24774    0.20000000E-01
     24775    0.20000000E-01
     24777    0.20000000E-01
     25122    0.20000000E-01
     25128    0.20000000E-01
     25130    0.20000000E-01
     25131    0.20000000E-01
     25135    0.20000000E-01
     25420    0.20000000E-01
     25421    0.20000000E-01
     25427    0.20000000E-01
     25428    0.20000000E-01
     25429    0.20000000E-01
     25430    0.20000000E-01
     25431    0.20000000E-01
     25433    0.20000000E-01
     25441    0.20000000E-01
     25687    0.20000000E-01
     25688    0.20000000E-01
     25689    0.20000000E-01
     25690    0.20000000E-01
     25691    0.20000000E-01
     25692    0.20000000E-01
     25693    0.20000000E-01
     25694    0.20000000E-01
     25695    0.20000000E-01
     25697    0.20000000E-01
     25703    0.20000000E-01
     25943    0.20000000E-01
     25947    0.20000000E-01
     25949    0.20000000E-01
     25950    0.20000000E-01
     25951    0.20000000E-01
     25952    0.20000000E-01
     25953    0.20000000E-01
     25954    0.20000000E-01
     25955    0.20000000E-01
     25956    0.20000000E-01
     25958    0.20000000E-01
     25959    0.20000000E-01
     25965    0.20000000E-01
     26206    0.20000000E-01
     26207    0.20000000E-01
     26208    0.20000000E-01
     26209    0.20000000E-01
     26210    0.20000000E-01
     26211    0.20000000E-01
     26212    0.20000000E-01
     26213    0.20000000E-01
     26214    0.20000000E-01
     26215    0.20000000E-01
     26216    0.20000000E-01
     26217    0.20000000E-01
     26218    0.20000000E-01
     26219    0.20000000E-01
     26220    0.20000000E-01
     26221    0.20000000E-01
     26222    0.20000000E-01
     26223    0.20000000E-01
     26224    0.20000000E-01
     26467    0.20000000E-01
     26468    0.20000000E-01
     26469    0.20000000E-01
     26470    0.20000000E-01
     26471    0.20000000E-01
     26472    0.20000000E-01
     26473    0.20000000E-01
     26474    0.20000000E-01
     26475    0.20000000E-01
     26477    0.20000000E-01
     26478    0.20000000E-01
     26479    0.20000000E-01
     26480    0.20000000E-01
     26481    0.20000000E-01
     26482    0.20000000E-01
     26483    0.20000000E-01
     26484    0.20000000E-01
     26734    0.20000000E-01
     26735    0.20000000E-01
     26736    0.20000000E-01
     26737    0.20000000E-01
     26738    0.20000000E-01
     26740    0.20000000E-01
     27001    0.20000000E-01
     27002    0.20000000E-01
     27003    0.20000000E-01
     27004    0.20000000E-01
     27256    0.20000000E-01
     27257    0.20000000E-01
     27258    0.20000000E-01
     27259    0.20000000E-01
     27260    0.20000000E-01
     27261    0.20000000E-01
     27263    0.20000000E-01
     27265    0.20000000E-01
     27266    0.20000000E-01
     27267    0.20000000E-01
     27489    0.20000000E-01
     27490    0.20000000E-01
     27492    0.20000000E-01
     27493    0.20000000E-01
     27494    0.20000000E-01
     27495    0.20000000E-01
     27720    0.20000000E-01
     27721    0.20000000E-01
     27722    0.20000000E-01
     27723    0.20000000E-01
     27724    0.20000000E-01
     27945    0.20000000E-01
     27946    0.20000000E-01
     27947    0.20000000E-01
     27948    0.20000000E-01
     28147    0.20000000E-01
     28148    0.20000000E-01
     28149    0.20000000E-01
     28333    0.20000000E-01
     28334    0.20000000E-01
     28335    0.20000000E-01
     28523    0.20000000E-01
     28524    0.20000000E-01
     28525    0.20000000E-01
     28710    0.20000000E-01
     28711    0.20000000E-01
     28907    0.20000000E-01
     28908    0.20000000E-01
mannings_n_at_sea_floor                                                         
           0
