FileFmt      1050624           0           0
NELG           58369        2590        2430
           1
           2
           3
           4
           5
           6
           7
           8
           9
          10
          11
          12
          13
          14
          15
          16
          17
          18
          19
          20
          21
          22
          23
          24
          25
          26
          27
          28
          29
          30
          31
          32
          33
          34
          39
          41
          44
          45
          46
          48
          49
          53
          57
          59
          60
          62
          64
          66
          70
          72
          75
          76
          77
          78
          79
          80
          81
          84
          85
          86
          87
          89
          90
          93
          94
          96
          97
          98
         100
         101
         102
         104
         105
         106
         107
         108
         109
         112
         113
         114
         116
         118
         119
         120
         121
         122
         125
         126
         127
         128
         129
         130
         132
         133
         134
         135
         136
         137
         140
         143
         144
         146
         148
         151
         152
         153
         154
         155
         157
         159
         161
         163
         164
         166
         169
         172
         173
         174
         176
         179
         181
         183
         184
         185
         186
         188
         190
         191
         192
         193
         194
         195
         197
         198
         199
         201
         202
         203
         204
         205
         207
         210
         214
         215
         216
         217
         220
         221
         222
         223
         224
         226
         227
         228
         230
         238
         239
         241
         244
         245
         249
         250
         251
         253
         254
         256
         260
         261
         265
         266
         275
         276
         277
         278
         279
         280
         283
         284
         285
         287
         292
         294
         299
         300
         301
         302
         308
         310
         311
         313
         319
         320
         321
         322
         324
         329
         333
         341
         344
         346
         347
         348
         350
         351
         354
         356
         357
         358
         360
         369
         370
         374
         376
         378
         380
         381
         383
         392
         393
         395
         397
         400
         402
         403
         404
         406
         416
         418
         419
         421
         422
         426
         431
         435
         439
         441
         443
         447
         450
         455
         457
         460
         461
         462
         466
         473
         475
         476
         478
         480
         492
         493
         494
         501
         503
         504
         508
         510
         513
         519
         520
         521
         526
         529
         534
         537
         544
         546
         548
         549
         550
         564
         566
         569
         571
         574
         576
         577
         581
         582
         587
         588
         589
         594
         595
         596
         598
         602
         603
         605
         606
         612
         618
         623
         629
         633
         634
         635
         636
         641
         642
         647
         648
         650
         652
         658
         659
         660
         662
         663
         664
         665
         668
         669
         671
         673
         674
         675
         677
         679
         680
         681
         687
         694
         695
         696
         700
         702
         703
         708
         710
         711
         716
         717
         720
         722
         723
         724
         725
         726
         727
         735
         736
         739
         740
         741
         742
         744
         745
         749
         750
         752
         753
         754
         757
         759
         760
         762
         763
         764
         768
         770
         772
         773
         776
         777
         778
         785
         786
         787
         788
         791
         797
         798
         801
         802
         803
         806
         809
         810
         812
         814
         816
         818
         819
         820
         821
         822
         823
         824
         825
         826
         827
         830
         832
         834
         835
         836
         838
         839
         848
         849
         850
         852
         853
         854
         856
         859
         860
         861
         862
         864
         869
         871
         872
         873
         874
         879
         880
         881
         882
         883
         884
         885
         887
         888
         889
         890
         891
         894
         896
         897
         898
         899
         902
         903
         905
         906
         907
         908
         910
         911
         912
         913
         915
         916
         917
         918
         925
         926
         928
         929
         931
         934
         935
         942
         943
         944
         945
         946
         947
         948
         949
         950
         952
         954
         955
         956
         958
         959
         960
         961
         962
         963
         964
         966
         967
         969
         970
         971
         972
         973
         974
         975
         977
         978
         979
         980
         981
         982
         984
         985
         986
         988
         990
         992
         995
         996
         997
         998
         999
        1000
        1002
        1003
        1004
        1005
        1006
        1007
        1008
        1009
        1012
        1013
        1014
        1016
        1017
        1018
        1019
        1020
        1021
        1023
        1024
        1027
        1028
        1030
        1033
        1034
        1035
        1037
        1038
        1040
        1041
        1042
        1045
        1046
        1047
        1048
        1051
        1052
        1055
        1057
        1059
        1060
        1063
        1064
        1065
        1066
        1068
        1069
        1070
        1072
        1073
        1075
        1077
        1078
        1079
        1080
        1081
        1082
        1083
        1084
        1086
        1087
        1088
        1089
        1090
        1091
        1092
        1093
        1094
        1095
        1096
        1097
        1099
        1100
        1101
        1102
        1103
        1104
        1106
        1108
        1111
        1112
        1113
        1114
        1115
        1116
        1118
        1119
        1123
        1126
        1127
        1130
        1132
        1133
        1135
        1138
        1139
        1141
        1142
        1144
        1145
        1146
        1147
        1148
        1149
        1150
        1153
        1154
        1156
        1157
        1158
        1159
        1160
        1161
        1163
        1165
        1166
        1167
        1170
        1171
        1172
        1174
        1175
        1176
        1177
        1178
        1179
        1180
        1183
        1184
        1187
        1189
        1190
        1191
        1192
        1193
        1194
        1195
        1196
        1197
        1198
        1199
        1200
        1201
        1202
        1203
        1205
        1207
        1208
        1210
        1211
        1212
        1214
        1215
        1216
        1217
        1219
        1221
        1222
        1223
        1224
        1225
        1226
        1228
        1229
        1230
        1231
        1232
        1233
        1237
        1238
        1239
        1242
        1243
        1244
        1245
        1247
        1248
        1249
        1251
        1252
        1253
        1254
        1256
        1257
        1258
        1260
        1261
        1263
        1264
        1265
        1267
        1268
        1271
        1272
        1273
        1274
        1276
        1277
        1278
        1279
        1280
        1282
        1285
        1286
        1288
        1289
        1290
        1293
        1294
        1297
        1298
        1299
        1300
        1302
        1303
        1307
        1308
        1311
        1312
        1313
        1315
        1316
        1317
        1321
        1323
        1324
        1325
        1330
        1331
        1334
        1337
        1340
        1341
        1342
        1345
        1346
        1347
        1348
        1349
        1351
        1352
        1353
        1354
        1355
        1356
        1357
        1358
        1359
        1360
        1361
        1363
        1366
        1367
        1368
        1369
        1370
        1372
        1374
        1375
        1377
        1378
        1379
        1382
        1383
        1384
        1387
        1390
        1392
        1393
        1394
        1396
        1397
        1398
        1408
        1409
        1410
        1412
        1415
        1416
        1417
        1419
        1422
        1424
        1425
        1427
        1429
        1430
        1431
        1432
        1433
        1434
        1435
        1436
        1439
        1440
        1441
        1443
        1444
        1445
        1446
        1449
        1454
        1456
        1457
        1459
        1461
        1462
        1464
        1465
        1469
        1470
        1471
        1476
        1478
        1479
        1480
        1481
        1483
        1484
        1485
        1489
        1491
        1493
        1494
        1499
        1500
        1502
        1503
        1504
        1505
        1509
        1510
        1511
        1513
        1514
        1517
        1518
        1519
        1520
        1523
        1525
        1526
        1527
        1528
        1530
        1532
        1533
        1534
        1539
        1542
        1546
        1547
        1549
        1550
        1551
        1555
        1557
        1560
        1565
        1572
        1574
        1575
        1576
        1578
        1579
        1580
        1581
        1582
        1583
        1584
        1585
        1587
        1590
        1592
        1594
        1595
        1596
        1599
        1600
        1601
        1602
        1604
        1608
        1609
        1616
        1617
        1622
        1626
        1627
        1634
        1635
        1636
        1638
        1641
        1643
        1644
        1645
        1647
        1651
        1652
        1653
        1656
        1657
        1658
        1668
        1670
        1676
        1677
        1681
        1685
        1688
        1689
        1690
        1691
        1692
        1693
        1695
        1697
        1698
        1699
        1700
        1704
        1706
        1707
        1709
        1712
        1714
        1715
        1718
        1720
        1725
        1726
        1728
        1729
        1732
        1735
        1737
        1747
        1752
        1756
        1757
        1758
        1760
        1762
        1763
        1764
        1765
        1767
        1773
        1775
        1779
        1781
        1784
        1785
        1788
        1790
        1793
        1794
        1795
        1797
        1798
        1804
        1806
        1807
        1810
        1812
        1813
        1815
        1817
        1820
        1821
        1828
        1830
        1832
        1833
        1835
        1838
        1842
        1844
        1849
        1850
        1851
        1852
        1856
        1858
        1865
        1866
        1871
        1872
        1876
        1878
        1880
        1883
        1889
        1893
        1895
        1898
        1900
        1903
        1905
        1908
        1910
        1916
        1919
        1921
        1923
        1924
        1928
        1930
        1933
        1935
        1936
        1937
        1939
        1940
        1954
        1960
        1967
        1968
        1971
        1972
        1978
        1980
        1981
        1983
        1984
        1986
        1991
        1993
        1994
        1995
        1998
        2000
        2002
        2003
        2007
        2014
        2015
        2017
        2021
        2024
        2033
        2040
        2048
        2052
        2053
        2057
        2058
        2060
        2067
        2069
        2070
        2073
        2074
        2077
        2082
        2097
        2108
        2113
        2114
        2119
        2120
        2122
        2125
        2130
        2131
        2132
        2134
        2135
        2136
        2143
        2144
        2157
        2159
        2161
        2164
        2173
        2179
        2182
        2184
        2192
        2193
        2195
        2200
        2207
        2213
        2225
        2226
        2236
        2240
        2241
        2244
        2247
        2264
        2270
        2271
        2277
        2279
        2285
        2286
        2299
        2307
        2315
        2317
        2321
        2322
        2323
        2342
        2349
        2352
        2357
        2359
        2360
        2365
        2367
        2372
        2377
        2382
        2386
        2401
        2404
        2407
        2426
        2434
        2442
        2448
        2450
        2454
        2470
        2480
        2485
        2489
        2492
        2506
        2507
        2508
        2521
        2531
        2551
        2556
        2564
        2574
        2578
        2579
        2582
        2583
        2598
        2612
        2613
        2623
        2625
        2629
        2631
        2637
        2641
        2642
        2648
        2655
        2663
        2666
        2678
        2686
        2689
        2700
        2703
        2728
        2730
        2732
        2733
        2740
        2744
        2752
        2756
        2757
        2800
        2805
        2814
        2832
        2836
        2840
        2842
        2846
        2856
        2861
        2864
        2872
        2877
        2894
        2895
        2905
        2911
        2920
        2926
        2929
        2942
        2971
        2975
        2982
        2987
        2988
        2993
        2999
        3002
        3003
        3006
        3010
        3022
        3026
        3034
        3043
        3047
        3048
        3053
        3062
        3074
        3081
        3085
        3101
        3105
        3106
        3130
        3135
        3136
        3138
        3139
        3154
        3159
        3162
        3163
        3167
        3170
        3190
        3191
        3192
        3196
        3203
        3204
        3210
        3226
        3233
        3234
        3243
        3244
        3247
        3257
        3260
        3281
        3285
        3293
        3294
        3301
        3303
        3308
        3312
        3319
        3320
        3325
        3328
        3329
        3333
        3341
        3343
        3346
        3348
        3367
        3370
        3372
        3376
        3389
        3394
        3395
        3406
        3409
        3413
        3416
        3426
        3431
        3435
        3440
        3441
        3442
        3445
        3446
        3448
        3470
        3484
        3488
        3490
        3494
        3500
        3508
        3509
        3511
        3512
        3526
        3531
        3539
        3542
        3550
        3556
        3575
        3582
        3584
        3586
        3588
        3592
        3595
        3597
        3604
        3614
        3615
        3616
        3619
        3631
        3633
        3637
        3643
        3651
        3652
        3662
        3667
        3682
        3689
        3691
        3700
        3702
        3703
        3704
        3708
        3715
        3724
        3726
        3730
        3734
        3738
        3742
        3743
        3748
        3753
        3755
        3760
        3763
        3773
        3787
        3793
        3796
        3799
        3800
        3805
        3806
        3808
        3818
        3823
        3829
        3839
        3841
        3842
        3844
        3848
        3857
        3858
        3871
        3884
        3892
        3895
        3897
        3901
        3903
        3904
        3907
        3912
        3916
        3921
        3928
        3929
        3931
        3949
        3952
        3958
        3964
        3970
        3977
        3980
        3983
        3986
        3994
        3995
        4009
        4017
        4019
        4024
        4028
        4033
        4051
        4054
        4060
        4063
        4064
        4072
        4074
        4077
        4078
        4080
        4088
        4090
        4091
        4100
        4103
        4104
        4110
        4112
        4124
        4126
        4133
        4135
        4140
        4144
        4146
        4147
        4149
        4152
        4155
        4157
        4159
        4168
        4177
        4178
        4180
        4182
        4183
        4187
        4200
        4206
        4208
        4211
        4213
        4214
        4218
        4220
        4222
        4228
        4231
        4233
        4235
        4240
        4243
        4245
        4246
        4254
        4258
        4264
        4267
        4268
        4271
        4274
        4277
        4279
        4284
        4285
        4293
        4295
        4296
        4299
        4300
        4301
        4308
        4309
        4310
        4314
        4318
        4320
        4329
        4336
        4337
        4340
        4346
        4349
        4354
        4355
        4363
        4364
        4369
        4371
        4373
        4376
        4384
        4395
        4397
        4398
        4400
        4409
        4410
        4411
        4412
        4416
        4419
        4420
        4421
        4427
        4428
        4430
        4435
        4438
        4441
        4444
        4445
        4454
        4456
        4457
        4467
        4477
        4478
        4484
        4486
        4489
        4490
        4496
        4498
        4504
        4505
        4507
        4508
        4514
        4515
        4516
        4517
        4521
        4526
        4532
        4535
        4542
        4551
        4559
        4561
        4563
        4564
        4571
        4573
        4577
        4578
        4580
        4582
        4587
        4593
        4597
        4602
        4610
        4611
        4613
        4614
        4619
        4625
        4628
        4632
        4636
        4638
        4644
        4645
        4646
        4650
        4652
        4662
        4663
        4664
        4676
        4678
        4679
        4680
        4687
        4692
        4693
        4698
        4702
        4711
        4714
        4715
        4716
        4724
        4728
        4731
        4736
        4737
        4744
        4753
        4754
        4755
        4761
        4765
        4767
        4770
        4771
        4778
        4782
        4784
        4785
        4807
        4811
        4818
        4822
        4824
        4827
        4829
        4832
        4843
        4847
        4852
        4853
        4860
        4865
        4875
        4876
        4879
        4886
        4888
        4889
        4890
        4893
        4895
        4899
        4900
        4901
        4902
        4904
        4910
        4912
        4914
        4918
        4927
        4930
        4936
        4947
        4951
        4953
        4954
        4955
        4968
        4970
        4972
        4973
        4974
        4977
        4980
        4988
        4989
        4997
        5003
        5011
        5013
        5014
        5016
        5018
        5025
        5029
        5030
        5032
        5041
        5042
        5047
        5053
        5055
        5057
        5063
        5064
        5070
        5079
        5086
        5088
        5094
        5105
        5108
        5112
        5118
        5119
        5120
        5127
        5128
        5129
        5130
        5131
        5134
        5135
        5140
        5141
        5143
        5145
        5147
        5151
        5154
        5156
        5161
        5170
        5173
        5176
        5178
        5180
        5183
        5184
        5193
        5194
        5195
        5199
        5205
        5208
        5209
        5212
        5217
        5218
        5220
        5221
        5223
        5224
        5225
        5237
        5238
        5242
        5243
        5245
        5249
        5250
        5255
        5258
        5259
        5260
        5262
        5277
        5282
        5283
        5287
        5292
        5299
        5301
        5302
        5307
        5311
        5313
        5315
        5317
        5318
        5323
        5331
        5332
        5336
        5337
        5349
        5351
        5353
        5355
        5359
        5360
        5364
        5365
        5368
        5371
        5374
        5380
        5383
        5387
        5388
        5392
        5393
        5398
        5405
        5412
        5415
        5418
        5419
        5420
        5425
        5427
        5433
        5434
        5435
        5436
        5442
        5443
        5444
        5445
        5448
        5450
        5452
        5455
        5457
        5465
        5477
        5478
        5479
        5483
        5488
        5492
        5494
        5500
        5503
        5505
        5506
        5509
        5514
        5516
        5517
        5521
        5526
        5531
        5533
        5538
        5542
        5544
        5546
        5547
        5548
        5553
        5556
        5564
        5568
        5570
        5572
        5573
        5574
        5576
        5577
        5580
        5583
        5601
        5603
        5607
        5618
        5619
        5620
        5621
        5624
        5625
        5628
        5631
        5632
        5633
        5636
        5641
        5646
        5650
        5657
        5663
        5664
        5669
        5670
        5671
        5674
        5678
        5679
        5680
        5682
        5684
        5685
        5687
        5694
        5700
        5708
        5712
        5714
        5716
        5718
        5721
        5722
        5725
        5726
        5730
        5732
        5742
        5744
        5747
        5748
        5751
        5752
        5755
        5758
        5765
        5769
        5771
        5774
        5776
        5778
        5781
        5784
        5787
        5795
        5796
        5805
        5807
        5810
        5817
        5818
        5819
        5820
        5823
        5825
        5826
        5827
        5829
        5831
        5837
        5838
        5841
        5843
        5845
        5848
        5849
        5851
        5870
        5873
        5874
        5876
        5883
        5884
        5888
        5890
        5892
        5894
        5898
        5899
        5900
        5903
        5911
        5915
        5917
        5918
        5922
        5923
        5925
        5932
        5933
        5934
        5938
        5941
        5945
        5950
        5952
        5960
        5962
        5964
        5969
        5970
        5971
        5974
        5979
        5984
        6004
        6005
        6010
        6011
        6012
        6016
        6026
        6028
        6033
        6034
        6035
        6039
        6040
        6044
        6046
        6051
        6055
        6065
        6071
        6072
        6081
        6085
        6100
        6101
        6102
        6104
        6106
        6111
        6119
        6130
        6131
        6133
        6147
        6153
        6156
        6158
        6161
        6162
        6166
        6167
        6185
        6189
        6191
        6198
        6203
        6206
        6207
        6208
        6212
        6217
        6218
        6221
        6227
        6228
        6230
        6235
        6239
        6240
        6242
        6243
        6247
        6251
        6253
        6256
        6268
        6269
        6277
        6282
        6285
        6287
        6290
        6297
        6299
        6307
        6309
        6310
        6316
        6319
        6323
        6334
        6336
        6339
        6341
        6349
        6355
        6358
        6359
        6361
        6370
        6371
        6377
        6379
        6381
        6384
        6387
        6389
        6391
        6392
        6393
        6401
        6411
        6415
        6424
        6426
        6431
        6435
        6440
        6444
        6447
        6457
        6458
        6466
        6468
        6472
        6476
        6480
        6487
        6490
        6496
        6497
        6503
        6509
        6510
        6516
        6523
        6524
        6525
        6526
        6530
        6536
        6538
        6547
        6548
        6551
        6556
        6565
        6569
        6570
        6581
        6585
        6595
        6600
        6601
        6603
        6610
        6614
        6616
        6618
        6620
        6621
        6622
        6631
        6636
        6637
        6643
        6644
        6655
        6663
        6665
        6670
        6674
        6686
        6687
        6694
        6698
        6699
        6700
        6703
        6706
        6716
        6717
        6731
        6739
        6742
        6743
        6745
        6747
        6758
        6764
        6765
        6766
        6780
        6784
        6787
        6795
        6796
        6800
        6806
        6814
        6820
        6825
        6836
        6844
        6849
        6851
        6862
        6864
        6870
        6880
        6882
        6886
        6891
        6894
        6903
        6904
        6910
        6915
        6921
        6925
        6926
        6936
        6939
        6950
        6956
        6969
        6971
        6981
        6989
        6991
        6994
        6995
        7003
        7004
        7014
        7032
        7045
        7054
        7060
        7062
        7072
        7073
        7082
        7084
        7090
        7097
        7098
        7103
        7116
        7137
        7152
        7162
        7167
        7177
        7187
        7190
        7191
        7196
        7208
        7216
        7221
        7235
        7247
        7260
        7271
        7279
        7284
        7285
        7287
        7288
        7292
        7298
        7302
        7315
        7327
        7339
        7356
        7361
        7364
        7369
        7370
        7377
        7395
        7397
        7401
        7411
        7424
        7435
        7446
        7456
        7460
        7461
        7466
        7467
        7472
        7497
        7499
        7501
        7509
        7519
        7524
        7537
        7542
        7544
        7558
        7567
        7568
        7578
        7600
        7611
        7618
        7623
        7627
        7634
        7652
        7655
        7661
        7664
        7679
        7686
        7691
        7713
        7721
        7722
        7727
        7736
        7746
        7754
        7762
        7768
        7783
        7791
        7799
        7827
        7836
        7850
        7851
        7852
        7862
        7867
        7869
        7882
        7892
        7908
        7915
        7938
        7951
        7961
        7967
        7971
        7974
        7978
        7988
        7996
        8000
        8021
        8025
        8048
        8076
        8081
        8099
        8101
        8103
        8109
        8115
        8117
        8128
        8140
        8149
        8172
        8236
        8237
        8240
        8241
        8258
        8263
        8273
        8276
        8281
        8302
        8364
        8471
        8487
        8490
        8494
        8503
        8524
        8560
        8658
        8665
        8727
        8775
        8815
        8837
        8848
        8859
        8865
        8945
        8951
        8956
        8994
        9089
        9142
        9158
        9174
        9177
        9210
        9216
        9226
        9286
        9287
        9345
        9385
        9411
        9417
        9429
        9464
        9471
        9504
        9511
        9520
        9550
        9569
        9603
        9622
        9651
        9656
        9679
        9685
        9687
        9711
        9749
        9784
        9801
        9836
        9848
        9852
        9858
        9882
        9900
        9902
        9916
        9969
       10013
       10019
       10027
       10044
       10047
       10093
       10100
       10136
       10211
       10227
       10228
       10261
       10299
       10417
       10427
       10445
       10608
       10641
       58191
       58192
       58193
       58194
       58195
       58196
       58197
       58198
       58199
       58200
       58201
       58202
       58203
       58204
       58205
       58206
       58207
       58208
       58209
       58210
       58211
       58212
       58213
       58214
       58215
       58216
       58217
       58218
       58221
       58222
       58223
       58224
       58225
       58226
       58227
       58228
       58229
NNODG          31435        1437        1331
       -9340
       -9341
       -9731
       -9732
        9733
        9734
       -9735
      -10071
       10072
       10073
       10074
       10075
       10076
      -10077
      -10368
      -10369
       10370
       10371
       10372
       10373
       10374
       10375
       10376
      -10377
      -10620
       10621
       10622
       10623
       10624
       10625
       10626
       10627
       10628
       10629
       10630
      -10631
      -10851
       10852
       10853
       10854
       10855
       10856
       10857
       10858
       10859
       10860
       10861
       10862
      -10863
      -11078
       11079
       11080
       11081
       11082
       11083
       11084
       11085
       11086
       11087
       11088
       11089
       11090
       11091
      -11092
      -11298
      -11299
       11300
       11301
       11302
       11303
       11304
       11305
       11306
       11307
       11308
       11309
       11310
       11311
       11312
       11313
      -11314
      -11514
      -11515
       11516
       11517
       11518
       11519
       11520
       11521
       11522
       11523
       11524
       11525
       11526
       11527
       11528
       11529
      -11530
      -11531
      -11739
       11740
       11741
       11742
       11743
       11744
       11745
       11746
       11747
       11748
       11749
       11750
       11751
       11752
       11753
      -11754
      -11755
      -11756
      -11757
      -11967
       11968
       11969
       11970
       11971
       11972
       11973
       11974
       11975
       11976
       11977
       11978
       11979
       11980
       11981
       11982
      -11983
      -12173
      -12174
       12175
       12176
       12177
       12178
       12179
       12180
       12181
       12182
       12183
       12184
       12185
       12186
       12187
       12188
       12189
       12190
      -12191
      -12381
       12382
       12383
       12384
       12385
       12386
       12387
       12388
       12389
       12390
       12391
       12392
       12393
       12394
       12395
       12396
       12397
       12398
       12399
      -12400
      -12593
       12594
       12595
       12596
       12597
       12598
       12599
       12600
       12601
       12602
       12603
       12604
       12605
       12606
       12607
       12608
       12609
       12610
       12611
       12612
       12613
       12614
      -12615
      -12804
       12821
       12822
       12823
       12824
       12825
       12826
       12827
       12828
       12829
       12830
       12831
       12832
       12833
       12834
       12835
       12836
       12837
       12838
       12839
       12840
       12841
       12842
       12843
       12844
      -12845
      -13027
       13041
       13059
       13060
       13061
       13062
       13063
       13064
       13065
       13066
       13067
       13068
       13069
       13070
       13071
       13072
       13073
       13074
       13075
       13076
       13077
       13078
       13079
       13080
       13081
       13082
       13083
       13084
       13085
       13086
       13087
       13088
      -13089
      -13270
       13271
       13289
       13310
       13311
       13312
       13313
       13314
       13315
       13316
       13317
       13318
       13319
       13320
       13321
       13322
       13323
       13324
       13325
       13326
       13327
       13328
       13329
       13330
       13331
       13332
       13333
       13334
       13335
       13336
       13337
       13338
       13339
       13340
       13341
       13342
       13343
       13344
       13345
       13346
       13347
       13348
      -13349
      -13536
       13537
       13538
       13566
       13580
       13581
       13582
       13583
       13584
       13585
       13586
       13587
       13588
       13589
       13590
       13591
       13592
       13593
       13594
       13595
       13596
       13597
       13598
       13599
       13600
       13601
       13602
       13603
       13604
       13605
       13606
       13607
       13608
       13609
       13610
       13611
       13612
       13613
       13614
       13615
       13616
       13617
       13618
       13619
       13620
       13621
       13622
       13623
       13624
       13625
       13626
       13627
       13628
       13629
       13630
       13631
      -13632
      -13831
       13833
       13834
       13835
       13836
       13865
       13874
       13875
       13876
       13877
       13878
       13879
       13880
       13881
       13882
       13883
       13884
       13885
       13886
       13887
       13888
       13889
       13890
       13891
       13892
       13893
       13894
       13895
       13896
       13897
       13898
       13899
       13900
       13901
       13902
       13903
       13904
       13905
       13906
       13907
       13908
       13909
       13910
       13911
       13912
       13913
       13914
       13915
       13916
       13917
       13918
       13919
       13920
       13921
       13922
       13923
       13924
       13925
       13926
       13927
       13928
       13929
       13930
       13931
       13932
       13933
       13934
       13935
       13936
       13937
      -13938
      -13939
      -14143
       14145
       14147
       14148
       14149
       14150
       14183
       14189
       14190
       14191
       14192
       14193
       14194
       14195
       14196
       14197
       14198
       14199
       14200
       14201
       14202
       14203
       14204
       14205
       14206
       14207
       14208
       14209
       14210
       14211
       14212
       14213
       14214
       14215
       14216
       14217
       14218
       14219
       14220
       14221
       14222
       14223
       14224
       14225
       14226
       14227
       14228
       14229
       14230
       14231
       14232
       14233
       14234
       14235
       14236
       14237
       14238
       14239
       14240
       14241
       14242
       14243
       14244
       14245
       14246
       14247
       14248
       14249
       14250
       14251
       14252
       14253
       14254
       14255
       14256
       14257
       14258
       14259
       14260
       14261
       14262
       14263
       14264
       14265
       14266
       14267
       14268
       14269
       14270
       14271
       14272
      -14273
      -14274
      -14479
       14480
       14481
       14482
       14483
       14484
       14485
       14533
       14534
       14535
       14536
       14537
       14538
       14539
       14540
       14541
       14542
       14543
       14544
       14545
       14546
       14547
       14548
       14549
       14550
       14551
       14552
       14553
       14554
       14555
       14556
       14557
       14558
       14559
       14560
       14561
       14562
       14563
       14564
       14565
       14566
       14567
       14568
       14569
       14570
       14571
       14572
       14573
       14574
       14575
       14576
       14577
       14578
       14579
       14580
       14581
       14582
       14583
       14584
       14585
       14586
       14587
       14588
       14589
       14590
       14591
       14592
       14593
       14594
       14595
       14596
       14597
       14598
       14599
       14600
       14601
       14602
       14603
       14604
       14605
       14606
       14607
       14608
       14609
       14610
       14611
       14612
       14613
       14614
       14615
       14616
       14617
       14618
       14619
       14620
       14621
       14622
       14623
       14624
       14625
       14626
       14627
       14628
       14629
       14630
       14631
       14632
       14633
       14634
       14635
       14636
       14637
       14638
       14639
       14640
       14641
       14642
       14643
       14644
       14645
      -14646
      -14857
       14858
       14859
       14860
       14861
       14862
       14863
       14864
       14865
       14924
       14925
       14926
       14927
       14928
       14929
       14930
       14931
       14932
       14933
       14934
       14935
       14936
       14937
       14938
       14939
       14940
       14941
       14942
       14943
       14944
       14945
       14946
       14947
       14948
       14949
       14950
       14951
       14952
       14953
       14954
       14955
       14956
       14957
       14958
       14959
       14960
       14961
       14962
       14963
       14964
       14965
       14966
       14967
       14968
       14969
       14970
       14971
       14972
       14973
       14974
       14975
       14976
       14977
       14978
       14979
       14980
       14981
       14982
       14983
       14984
       14985
       14986
       14987
       14988
       14989
       14990
       14991
       14992
       14993
       14994
       14995
       14996
       14997
       14998
       14999
       15000
       15001
       15002
       15003
       15004
       15005
       15006
       15007
       15008
       15009
       15010
       15011
       15012
       15013
       15014
       15015
       15016
       15017
       15018
       15019
       15020
       15021
       15022
       15023
       15024
       15025
       15026
       15027
       15028
       15029
       15030
       15031
       15032
       15033
       15034
       15035
       15036
       15037
       15038
       15039
       15040
       15041
       15042
       15043
      -15044
      -15045
      -15271
       15272
       15273
       15274
       15275
       15276
       15277
       15278
       15279
       15343
       15344
       15345
       15346
       15347
       15348
       15349
       15350
       15351
       15352
       15353
       15354
       15355
       15356
       15357
       15358
       15359
       15360
       15361
       15362
       15363
       15364
       15365
       15366
       15367
       15368
       15369
       15370
       15371
       15372
       15373
       15374
       15375
       15376
       15377
       15378
       15379
       15380
       15381
       15382
       15383
       15384
       15385
       15386
       15387
       15388
       15389
       15390
       15391
       15392
       15393
       15394
       15395
       15396
       15397
       15398
       15399
       15400
       15401
       15402
       15403
       15404
       15405
       15406
       15407
       15408
       15409
       15410
       15411
       15412
       15413
       15414
       15415
       15416
       15417
       15418
       15419
       15420
       15421
       15422
       15423
       15424
       15425
       15426
       15427
       15428
       15429
       15430
       15431
       15432
       15433
       15434
       15435
       15436
       15437
       15438
       15439
       15440
       15441
       15442
       15443
       15444
       15445
       15446
       15447
       15448
       15449
       15450
       15451
       15452
       15453
       15454
       15455
       15456
       15457
       15458
       15459
       15460
       15461
       15462
      -15463
      -15681
       15682
       15683
       15684
       15685
       15686
       15687
       15688
       15689
       15742
       15743
       15744
       15745
       15746
       15747
       15748
       15749
       15750
       15751
       15752
       15753
       15754
       15755
       15756
       15757
       15758
       15759
       15760
       15761
       15762
       15763
       15764
       15765
       15766
       15767
       15768
       15769
       15770
       15771
       15772
       15773
       15774
       15775
       15776
       15777
       15778
       15779
       15780
       15781
       15782
       15783
       15784
       15785
       15786
       15787
       15788
       15789
       15790
       15791
       15792
       15793
       15794
       15795
       15796
       15797
       15798
       15799
       15800
       15801
       15802
       15803
       15804
       15805
       15806
       15807
       15808
       15809
       15810
       15811
       15812
       15813
       15814
       15815
       15816
       15817
       15818
       15819
       15820
       15821
       15822
       15823
       15824
       15825
       15826
       15827
       15828
       15829
       15830
       15831
       15832
       15833
       15834
       15835
       15836
       15837
       15838
       15839
       15840
       15841
       15842
       15843
       15844
       15845
       15846
       15847
       15848
       15849
       15850
       15851
       15852
       15853
       15854
       15855
       15856
      -15857
      -16083
       16084
       16085
       16086
       16087
       16088
       16089
       16090
       16124
       16125
       16126
       16127
       16128
       16129
       16130
       16131
       16132
       16133
       16134
       16135
       16136
       16137
       16138
       16139
       16140
       16141
       16142
       16143
       16144
       16145
       16146
       16147
       16148
       16149
       16150
       16151
       16152
       16153
       16154
       16155
       16156
       16157
       16158
       16159
       16160
       16161
       16162
       16163
       16164
       16165
       16166
       16167
       16168
       16169
       16170
       16171
       16172
       16173
       16174
       16175
       16176
       16177
       16178
       16179
       16180
       16181
       16182
       16183
       16184
       16185
       16186
       16187
       16188
       16189
       16190
       16191
       16192
       16193
       16194
       16195
       16196
       16197
       16198
       16199
       16200
       16201
       16202
       16203
       16204
       16205
       16206
       16207
       16208
       16209
       16210
       16211
       16212
       16213
       16214
       16215
       16216
      -16421
       16428
       16429
       16430
       16431
       16432
       16433
       16434
       16458
       16459
       16460
       16461
       16462
       16463
       16464
       16465
       16466
       16467
       16468
       16469
       16470
       16471
       16472
       16473
       16474
       16475
       16476
       16477
       16478
       16479
       16480
       16481
       16482
       16483
       16484
       16485
       16486
       16487
       16488
       16489
       16490
       16491
       16492
       16493
       16494
       16495
       16496
       16497
       16498
       16499
       16500
       16501
       16502
       16503
       16504
       16505
       16506
       16507
       16508
       16509
       16510
       16511
       16512
       16513
       16514
       16515
       16516
       16517
       16518
       16519
       16520
       16521
       16522
       16523
       16524
       16525
       16526
       16527
       16528
       16529
       16530
       16531
       16532
       16718
       16737
       16738
       16739
       16740
       16741
       16742
       16743
       16744
       16745
       16746
       16747
       16748
       16749
       16750
       16751
       16752
       16753
       16754
       16755
       16756
       16757
       16758
       16759
       16760
       16761
       16762
       16763
       16764
       16765
       16766
       16767
       16768
       16769
       16770
       16771
       16772
       16773
       16774
       16775
       16776
       16777
       16778
       16779
       16780
       16781
       16782
       16783
       16784
       16785
       16786
       16787
       16991
       16992
       16993
       16994
       16995
       16996
       16997
       16998
       16999
       17000
       17001
       17002
       17003
       17004
       17005
       17006
       17007
       17008
       17009
       17010
       17011
       17012
       17013
       17014
       17015
       17016
       17017
       17018
       17213
       17214
       17215
       17216
       17217
       17218
       17219
       17220
       17221
       17222
       17418
       17419
       17420
       17421
       17422
       17423
       17424
       17425
       17426
       17625
       17626
       17627
       17628
       17629
       17630
       17631
       17835
       17836
       17837
       18037
       18038
       18039
       18258
       18259
       18493
       18494
       18495
       18760
       18761
NFLUXF             0
NETA             103          37           0
NSTAE              0           0           0
NSTAV              0           0           0
NSTAM              0           0           0
NSTAC              0           0           0
RES NODE           7        1269
                   5           6           9          10          11          12
                  13          17          18          19          20          21
                  22          23          26          27          28          29
                  30          31          32          33          34          35
                  38          39          40          41          42          43
                  44          45          46          47          48          51
                  52          53          54          55          56          57
                  58          59          60          61          62          63
                  67          68          69          70          71          72
                  73          74          75          76          77          78
                  79          80          84          85          86          87
                  88          89          90          91          92          93
                  94          95          96          97         101         102
                 103         104         105         106         107         108
                 109         110         111         112         113         114
                 120         121         122         123         124         125
                 126         127         128         129         130         131
                 132         133         134         138         139         140
                 141         142         143         144         145         146
                 147         148         149         150         151         152
                 153         156         157         158         159         160
                 161         162         163         164         165         166
                 167         168         169         170         171         172
                 173         176         177         178         179         180
                 181         182         183         184         185         186
                 187         188         189         190         191         192
                 193         194         195         196         199         200
                 201         202         203         204         205         206
                 207         208         209         210         211         212
                 213         214         215         216         217         218
                 219         220         221         222         225         226
                 227         228         229         230         231         232
                 233         234         235         236         237         238
                 239         240         241         242         243         244
                 245         246         247         248         249         250
                 251         252         253         254         255         258
                 259         260         261         262         263         264
                 265         266         267         268         269         270
                 271         272         273         274         275         276
                 277         278         279         280         281         282
                 283         284         285         286         287         288
                 289         290         291         292         293         294
                 295         296         297         298         301         302
                 303         304         305         306         307         308
                 309         310         311         312         313         314
                 315         316         317         318         319         320
                 321         322         323         324         325         326
                 327         328         329         330         331         332
                 333         334         335         336         337         338
                 339         340         341         342         343         344
                 345         346         347         348         349         350
                 351         352         353         354         355         358
                 359         360         361         362         363         364
                 365         366         367         368         369         370
                 371         372         373         374         375         376
                 377         378         379         380         381         382
                 383         384         385         386         387         388
                 389         390         391         392         393         394
                 395         396         397         398         399         400
                 401         402         403         404         405         406
                 407         408         409         410         411         412
                 413         414         415         416         417         418
                 419         420         421         422         423         424
                 425         426         430         431         432         433
                 434         435         436         437         438         439
                 440         441         442         443         444         445
                 446         447         448         449         450         451
                 452         453         454         455         456         457
                 458         459         460         461         462         463
                 464         465         466         467         468         469
                 470         471         472         473         474         475
                 476         477         478         479         480         481
                 482         483         484         485         486         487
                 488         489         490         491         492         493
                 494         495         496         497         498         499
                 500         501         502         503         504         505
                 506         507         508         509         510         511
                 512         513         514         515         516         517
                 518         519         523         524         525         526
                 527         528         529         530         531         532
                 533         534         535         536         537         538
                 539         540         541         542         543         544
                 545         546         547         548         549         550
                 551         552         553         554         555         556
                 557         558         559         560         561         562
                 563         564         565         566         567         568
                 569         570         571         572         573         574
                 575         576         577         578         579         580
                 581         582         583         584         585         586
                 587         588         589         590         591         592
                 593         594         595         596         597         598
                 599         600         601         602         603         604
                 605         606         607         608         609         610
                 611         612         613         614         615         616
                 617         618         619         620         621         622
                 623         624         625         626         627         628
                 629         630         631         632         633         634
                 635         636         637         638         639         640
                 641         644         645         646         647         648
                 649         650         651         652         653         654
                 655         656         657         658         659         660
                 661         662         663         664         665         666
                 667         668         669         670         671         672
                 673         674         675         676         677         678
                 679         680         681         682         683         684
                 685         686         687         688         689         690
                 691         692         693         694         695         696
                 697         698         699         700         701         702
                 703         704         705         706         707         708
                 709         710         711         712         713         714
                 715         716         717         718         719         720
                 721         722         723         724         725         726
                 727         728         729         730         731         732
                 733         734         735         736         737         738
                 739         740         741         742         743         744
                 745         746         747         748         749         750
                 751         752         753         754         755         756
                 757         758         759         760         761         762
                 763         764         765         766         767         768
                 769         770         771         775         776         777
                 778         779         780         781         782         783
                 784         785         786         787         788         789
                 790         791         792         793         794         795
                 796         797         798         799         800         801
                 802         803         804         805         806         807
                 808         809         810         811         812         813
                 814         815         816         817         818         819
                 820         821         822         823         824         825
                 826         827         828         829         830         831
                 832         833         834         835         836         837
                 838         839         840         841         842         843
                 844         845         846         847         848         849
                 850         851         852         853         854         855
                 856         857         858         859         860         861
                 862         863         864         865         866         867
                 868         869         870         871         872         873
                 874         875         876         877         878         879
                 880         881         882         883         884         885
                 886         887         888         889         890         891
                 892         893         894         895         896         897
                 898         899         900         901         902         905
                 906         907         908         909         910         911
                 912         913         914         915         916         917
                 918         919         920         921         922         923
                 924         925         926         927         928         929
                 930         931         932         933         934         935
                 936         937         938         939         940         941
                 942         943         944         945         946         947
                 948         949         950         951         952         953
                 954         955         956         957         958         959
                 960         961         962         963         964         965
                 966         967         968         969         970         971
                 972         973         974         975         976         977
                 978         979         980         981         982         983
                 984         985         986         987         988         989
                 990         991         992         993         994         995
                 996         997         998         999        1000        1001
                1002        1003        1004        1005        1006        1007
                1008        1009        1010        1011        1012        1013
                1014        1015        1016        1017        1018        1019
                1020        1021        1022        1023        1024        1025
                1026        1027        1030        1031        1032        1033
                1034        1035        1036        1037        1038        1039
                1040        1041        1042        1043        1044        1045
                1046        1047        1048        1049        1050        1051
                1052        1053        1054        1055        1056        1057
                1058        1059        1060        1061        1062        1063
                1064        1065        1066        1067        1068        1069
                1070        1071        1072        1073        1074        1075
                1076        1077        1078        1079        1080        1081
                1082        1083        1084        1085        1086        1087
                1088        1089        1090        1091        1092        1093
                1094        1095        1096        1097        1098        1099
                1100        1101        1102        1103        1104        1105
                1106        1107        1108        1109        1110        1111
                1112        1113        1114        1115        1116        1117
                1118        1119        1120        1121        1122        1123
                1124        1125        1126        1127        1128        1129
                1131        1132        1133        1134        1135        1136
                1137        1138        1139        1140        1141        1142
                1143        1144        1145        1146        1147        1148
                1149        1150        1151        1152        1153        1154
                1155        1156        1157        1158        1159        1160
                1161        1162        1163        1164        1165        1166
                1167        1168        1169        1170        1171        1172
                1173        1174        1175        1176        1177        1178
                1179        1180        1181        1182        1183        1184
                1185        1186        1187        1188        1189        1190
                1191        1192        1193        1194        1195        1196
                1197        1198        1199        1200        1201        1202
                1203        1204        1205        1206        1207        1208
                1209        1210        1211        1212        1213        1214
                1215        1216        1217        1218        1219        1220
                1221        1222        1223        1224        1225        1226
                1227        1228        1229        1230        1231        1232
                1233        1234        1235        1236        1237        1238
                1239        1240        1241        1242        1243        1244
                1245        1246        1247        1248        1249        1250
                1251        1252        1253        1254        1255        1256
                1257        1258        1259        1260        1261        1262
                1263        1264        1265        1266        1267        1268
                1269        1270        1271        1272        1273        1274
                1275        1276        1277        1278        1279        1280
                1281        1282        1283        1284        1285        1286
                1287        1288        1289        1290        1291        1292
                1293        1294        1295        1296        1297        1298
                1299        1300        1301        1302        1303        1304
                1305        1306        1307        1308        1309        1310
                1311        1312        1313        1314        1315        1316
                1317        1318        1319        1320        1321        1322
                1323        1324        1325        1326        1327        1328
                1329        1330        1331
COMM PE            3
RECV PE            8          23
                  98          99         115         116         117         118
                 135         154         174         197         223         256
                 299         356         427         428         520         521
                 642         772         773         903        1028
RECV PE            9          31
                   1           3           4           8          15          16
                  25          37          50          65          66          82
                  83         100         119         136         137         155
                 175         198         224         257         300         357
                 429         522         643         774         904        1029
                1130
RECV PE           10           8
                   2           7          14          24          36          49
                  64          81
SEND PE            8          21
                  79          80          95          96          97         114
                 134         153         173         196         222         255
                 298         355         426         519         641         771
                 902        1027        1129
SEND PE            9          31
                   5           9          17          26          27          38
                  51          67          84          85         101         102
                 103         120         138         156         157         176
                 199         225         258         301         358         430
                 523         644         645         775         905        1030
                1131
SEND PE           10           8
                   5           6          13          23          35          48
                  63          80
