eastcoast_95d_ll_select.grd nodal attributes                                    
        1331
           2
primitive_weighting_in_continuity_equation                                      
unitless                                                                        
           1
  0.500000000E-02
mannings_n_at_sea_floor                                                         
unitless                                                                        
           1
  0.250000000E-01
primitive_weighting_in_continuity_equation                                      
          78
     14537    0.20000000E-01
     15847    0.20000000E-01
     15848    0.20000000E-01
     16124    0.20000000E-01
     16125    0.20000000E-01
     16129    0.20000000E-01
     16130    0.20000000E-01
     16194    0.20000000E-01
     16207    0.20000000E-01
     16428    0.20000000E-01
     16489    0.20000000E-01
     16491    0.20000000E-01
     16500    0.20000000E-01
     16501    0.20000000E-01
     16510    0.20000000E-01
     16511    0.20000000E-01
     16512    0.20000000E-01
     16525    0.20000000E-01
     16526    0.20000000E-01
     16527    0.20000000E-01
     16762    0.20000000E-01
     16763    0.20000000E-01
     16764    0.20000000E-01
     16765    0.20000000E-01
     16766    0.20000000E-01
     16767    0.20000000E-01
     16768    0.20000000E-01
     16773    0.20000000E-01
     16775    0.20000000E-01
     16777    0.20000000E-01
     16782    0.20000000E-01
     16783    0.20000000E-01
     16784    0.20000000E-01
     16786    0.20000000E-01
     17004    0.20000000E-01
     17005    0.20000000E-01
     17006    0.20000000E-01
     17007    0.20000000E-01
     17008    0.20000000E-01
     17009    0.20000000E-01
     17010    0.20000000E-01
     17011    0.20000000E-01
     17013    0.20000000E-01
     17014    0.20000000E-01
     17015    0.20000000E-01
     17016    0.20000000E-01
     17017    0.20000000E-01
     17018    0.20000000E-01
     17215    0.20000000E-01
     17217    0.20000000E-01
     17218    0.20000000E-01
     17220    0.20000000E-01
     17221    0.20000000E-01
     17222    0.20000000E-01
     17419    0.20000000E-01
     17420    0.20000000E-01
     17421    0.20000000E-01
     17422    0.20000000E-01
     17423    0.20000000E-01
     17425    0.20000000E-01
     17426    0.20000000E-01
     17625    0.20000000E-01
     17626    0.20000000E-01
     17627    0.20000000E-01
     17628    0.20000000E-01
     17629    0.20000000E-01
     17835    0.20000000E-01
     17836    0.20000000E-01
     17837    0.20000000E-01
     18037    0.20000000E-01
     18038    0.20000000E-01
     18039    0.20000000E-01
     18258    0.20000000E-01
     18259    0.20000000E-01
     18493    0.20000000E-01
     18494    0.20000000E-01
     18495    0.20000000E-01
     18761    0.20000000E-01
mannings_n_at_sea_floor                                                         
           0
