eastcoast_95d_ll_select.grd nodal attributes                                    
        3136
           2
primitive_weighting_in_continuity_equation                                      
unitless                                                                        
           1
  0.500000000E-02
mannings_n_at_sea_floor                                                         
unitless                                                                        
           1
  0.250000000E-01
primitive_weighting_in_continuity_equation                                      
         656
      3513    0.20000000E-01
      3706    0.20000000E-01
      3896    0.20000000E-01
      3899    0.20000000E-01
      4067    0.20000000E-01
      4068    0.20000000E-01
      4069    0.20000000E-01
      4070    0.20000000E-01
      4071    0.20000000E-01
      4073    0.20000000E-01
      4250    0.20000000E-01
      4251    0.20000000E-01
      4252    0.20000000E-01
      4253    0.20000000E-01
      4254    0.20000000E-01
      4255    0.20000000E-01
      4449    0.20000000E-01
      4450    0.20000000E-01
      4451    0.20000000E-01
      4452    0.20000000E-01
      4453    0.20000000E-01
      4454    0.20000000E-01
      4455    0.20000000E-01
      4456    0.20000000E-01
      4457    0.20000000E-01
      4458    0.20000000E-01
      4459    0.20000000E-01
      4460    0.20000000E-01
      4671    0.20000000E-01
      4672    0.20000000E-01
      4673    0.20000000E-01
      4674    0.20000000E-01
      4675    0.20000000E-01
      4676    0.20000000E-01
      4677    0.20000000E-01
      4678    0.20000000E-01
      4679    0.20000000E-01
      4680    0.20000000E-01
      4681    0.20000000E-01
      4682    0.20000000E-01
      4683    0.20000000E-01
      4919    0.20000000E-01
      4921    0.20000000E-01
      4922    0.20000000E-01
      4923    0.20000000E-01
      4924    0.20000000E-01
      4925    0.20000000E-01
      4926    0.20000000E-01
      4927    0.20000000E-01
      4928    0.20000000E-01
      4929    0.20000000E-01
      4930    0.20000000E-01
      4931    0.20000000E-01
      4932    0.20000000E-01
      4933    0.20000000E-01
      5198    0.20000000E-01
      5199    0.20000000E-01
      5200    0.20000000E-01
      5201    0.20000000E-01
      5202    0.20000000E-01
      5203    0.20000000E-01
      5204    0.20000000E-01
      5205    0.20000000E-01
      5206    0.20000000E-01
      5207    0.20000000E-01
      5208    0.20000000E-01
      5209    0.20000000E-01
      5210    0.20000000E-01
      5211    0.20000000E-01
      5212    0.20000000E-01
      5213    0.20000000E-01
      5214    0.20000000E-01
      5239    0.20000000E-01
      5240    0.20000000E-01
      5241    0.20000000E-01
      5242    0.20000000E-01
      5243    0.20000000E-01
      5244    0.20000000E-01
      5248    0.20000000E-01
      5252    0.20000000E-01
      5255    0.20000000E-01
      5517    0.20000000E-01
      5518    0.20000000E-01
      5519    0.20000000E-01
      5520    0.20000000E-01
      5521    0.20000000E-01
      5522    0.20000000E-01
      5523    0.20000000E-01
      5524    0.20000000E-01
      5525    0.20000000E-01
      5526    0.20000000E-01
      5527    0.20000000E-01
      5528    0.20000000E-01
      5529    0.20000000E-01
      5530    0.20000000E-01
      5532    0.20000000E-01
      5534    0.20000000E-01
      5535    0.20000000E-01
      5536    0.20000000E-01
      5537    0.20000000E-01
      5538    0.20000000E-01
      5539    0.20000000E-01
      5542    0.20000000E-01
      5547    0.20000000E-01
      5548    0.20000000E-01
      5549    0.20000000E-01
      5550    0.20000000E-01
      5552    0.20000000E-01
      5559    0.20000000E-01
      5560    0.20000000E-01
      5561    0.20000000E-01
      5562    0.20000000E-01
      5563    0.20000000E-01
      5564    0.20000000E-01
      5565    0.20000000E-01
      5566    0.20000000E-01
      5567    0.20000000E-01
      5568    0.20000000E-01
      5569    0.20000000E-01
      5570    0.20000000E-01
      5571    0.20000000E-01
      5572    0.20000000E-01
      5573    0.20000000E-01
      5574    0.20000000E-01
      5575    0.20000000E-01
      5576    0.20000000E-01
      5577    0.20000000E-01
      5578    0.20000000E-01
      5579    0.20000000E-01
      5581    0.20000000E-01
      5582    0.20000000E-01
      5884    0.20000000E-01
      5885    0.20000000E-01
      5886    0.20000000E-01
      5887    0.20000000E-01
      5888    0.20000000E-01
      5889    0.20000000E-01
      5890    0.20000000E-01
      5891    0.20000000E-01
      5892    0.20000000E-01
      5893    0.20000000E-01
      5894    0.20000000E-01
      5895    0.20000000E-01
      5896    0.20000000E-01
      5897    0.20000000E-01
      5902    0.20000000E-01
      5903    0.20000000E-01
      5904    0.20000000E-01
      5905    0.20000000E-01
      5906    0.20000000E-01
      5907    0.20000000E-01
      5909    0.20000000E-01
      5910    0.20000000E-01
      5912    0.20000000E-01
      5913    0.20000000E-01
      5914    0.20000000E-01
      5915    0.20000000E-01
      5916    0.20000000E-01
      5917    0.20000000E-01
      5918    0.20000000E-01
      5919    0.20000000E-01
      5920    0.20000000E-01
      5925    0.20000000E-01
      5926    0.20000000E-01
      5927    0.20000000E-01
      5928    0.20000000E-01
      5929    0.20000000E-01
      5930    0.20000000E-01
      5931    0.20000000E-01
      5932    0.20000000E-01
      5933    0.20000000E-01
      5934    0.20000000E-01
      5935    0.20000000E-01
      5936    0.20000000E-01
      5937    0.20000000E-01
      5938    0.20000000E-01
      5939    0.20000000E-01
      5940    0.20000000E-01
      5941    0.20000000E-01
      6257    0.20000000E-01
      6258    0.20000000E-01
      6259    0.20000000E-01
      6295    0.20000000E-01
      6296    0.20000000E-01
      6297    0.20000000E-01
      6298    0.20000000E-01
      6299    0.20000000E-01
      6300    0.20000000E-01
      6301    0.20000000E-01
      6302    0.20000000E-01
      6303    0.20000000E-01
      6304    0.20000000E-01
      6305    0.20000000E-01
      6306    0.20000000E-01
      6307    0.20000000E-01
      6308    0.20000000E-01
      6309    0.20000000E-01
      6310    0.20000000E-01
      6312    0.20000000E-01
      6313    0.20000000E-01
      6314    0.20000000E-01
      6315    0.20000000E-01
      6316    0.20000000E-01
      6317    0.20000000E-01
      6318    0.20000000E-01
      6319    0.20000000E-01
      6321    0.20000000E-01
      6322    0.20000000E-01
      6323    0.20000000E-01
      6324    0.20000000E-01
      6325    0.20000000E-01
      6326    0.20000000E-01
      6327    0.20000000E-01
      6328    0.20000000E-01
      6329    0.20000000E-01
      6330    0.20000000E-01
      6331    0.20000000E-01
      6332    0.20000000E-01
      6333    0.20000000E-01
      6334    0.20000000E-01
      6335    0.20000000E-01
      6336    0.20000000E-01
      6337    0.20000000E-01
      6338    0.20000000E-01
      6339    0.20000000E-01
      6340    0.20000000E-01
      6341    0.20000000E-01
      6342    0.20000000E-01
      6343    0.20000000E-01
      6344    0.20000000E-01
      6345    0.20000000E-01
      6346    0.20000000E-01
      6347    0.20000000E-01
      6676    0.20000000E-01
      6677    0.20000000E-01
      6715    0.20000000E-01
      6716    0.20000000E-01
      6717    0.20000000E-01
      6718    0.20000000E-01
      6719    0.20000000E-01
      6720    0.20000000E-01
      6721    0.20000000E-01
      6722    0.20000000E-01
      6723    0.20000000E-01
      6724    0.20000000E-01
      6725    0.20000000E-01
      6726    0.20000000E-01
      6727    0.20000000E-01
      6728    0.20000000E-01
      6729    0.20000000E-01
      6730    0.20000000E-01
      6731    0.20000000E-01
      6732    0.20000000E-01
      6733    0.20000000E-01
      6734    0.20000000E-01
      6735    0.20000000E-01
      6736    0.20000000E-01
      6737    0.20000000E-01
      6738    0.20000000E-01
      6739    0.20000000E-01
      6740    0.20000000E-01
      6741    0.20000000E-01
      6742    0.20000000E-01
      6743    0.20000000E-01
      6744    0.20000000E-01
      6745    0.20000000E-01
      6746    0.20000000E-01
      6747    0.20000000E-01
      6748    0.20000000E-01
      6749    0.20000000E-01
      6750    0.20000000E-01
      6751    0.20000000E-01
      6752    0.20000000E-01
      6753    0.20000000E-01
      6754    0.20000000E-01
      6755    0.20000000E-01
      6756    0.20000000E-01
      6757    0.20000000E-01
      6758    0.20000000E-01
      6759    0.20000000E-01
      7087    0.20000000E-01
      7127    0.20000000E-01
      7129    0.20000000E-01
      7130    0.20000000E-01
      7131    0.20000000E-01
      7132    0.20000000E-01
      7133    0.20000000E-01
      7134    0.20000000E-01
      7135    0.20000000E-01
      7136    0.20000000E-01
      7137    0.20000000E-01
      7138    0.20000000E-01
      7139    0.20000000E-01
      7140    0.20000000E-01
      7141    0.20000000E-01
      7142    0.20000000E-01
      7143    0.20000000E-01
      7144    0.20000000E-01
      7145    0.20000000E-01
      7146    0.20000000E-01
      7147    0.20000000E-01
      7148    0.20000000E-01
      7149    0.20000000E-01
      7150    0.20000000E-01
      7151    0.20000000E-01
      7152    0.20000000E-01
      7153    0.20000000E-01
      7154    0.20000000E-01
      7155    0.20000000E-01
      7156    0.20000000E-01
      7157    0.20000000E-01
      7158    0.20000000E-01
      7159    0.20000000E-01
      7160    0.20000000E-01
      7161    0.20000000E-01
      7162    0.20000000E-01
      7462    0.20000000E-01
      7481    0.20000000E-01
      7482    0.20000000E-01
      7483    0.20000000E-01
      7513    0.20000000E-01
      7514    0.20000000E-01
      7515    0.20000000E-01
      7516    0.20000000E-01
      7517    0.20000000E-01
      7518    0.20000000E-01
      7519    0.20000000E-01
      7520    0.20000000E-01
      7521    0.20000000E-01
      7522    0.20000000E-01
      7523    0.20000000E-01
      7524    0.20000000E-01
      7525    0.20000000E-01
      7526    0.20000000E-01
      7527    0.20000000E-01
      7528    0.20000000E-01
      7529    0.20000000E-01
      7530    0.20000000E-01
      7531    0.20000000E-01
      7532    0.20000000E-01
      7533    0.20000000E-01
      7534    0.20000000E-01
      7853    0.20000000E-01
      7854    0.20000000E-01
      7855    0.20000000E-01
      7856    0.20000000E-01
      7857    0.20000000E-01
      7858    0.20000000E-01
      7859    0.20000000E-01
      7860    0.20000000E-01
      7861    0.20000000E-01
      7878    0.20000000E-01
      7879    0.20000000E-01
      7888    0.20000000E-01
      7889    0.20000000E-01
      7890    0.20000000E-01
      7891    0.20000000E-01
      7892    0.20000000E-01
      7893    0.20000000E-01
      7894    0.20000000E-01
      7895    0.20000000E-01
      7896    0.20000000E-01
      7897    0.20000000E-01
      7898    0.20000000E-01
      7899    0.20000000E-01
      7900    0.20000000E-01
      7901    0.20000000E-01
      7902    0.20000000E-01
      7903    0.20000000E-01
      7904    0.20000000E-01
      7905    0.20000000E-01
      8218    0.20000000E-01
      8235    0.20000000E-01
      8236    0.20000000E-01
      8237    0.20000000E-01
      8238    0.20000000E-01
      8239    0.20000000E-01
      8240    0.20000000E-01
      8241    0.20000000E-01
      8242    0.20000000E-01
      8243    0.20000000E-01
      8244    0.20000000E-01
      8248    0.20000000E-01
      8249    0.20000000E-01
      8252    0.20000000E-01
      8253    0.20000000E-01
      8254    0.20000000E-01
      8255    0.20000000E-01
      8261    0.20000000E-01
      8268    0.20000000E-01
      8269    0.20000000E-01
      8270    0.20000000E-01
      8271    0.20000000E-01
      8273    0.20000000E-01
      8277    0.20000000E-01
      8278    0.20000000E-01
      8279    0.20000000E-01
      8280    0.20000000E-01
      8281    0.20000000E-01
      8282    0.20000000E-01
      8283    0.20000000E-01
      8284    0.20000000E-01
      8285    0.20000000E-01
      8286    0.20000000E-01
      8287    0.20000000E-01
      8625    0.20000000E-01
      8626    0.20000000E-01
      8642    0.20000000E-01
      8643    0.20000000E-01
      8644    0.20000000E-01
      8645    0.20000000E-01
      8646    0.20000000E-01
      8647    0.20000000E-01
      8648    0.20000000E-01
      8649    0.20000000E-01
      8650    0.20000000E-01
      8651    0.20000000E-01
      8652    0.20000000E-01
      8653    0.20000000E-01
      8654    0.20000000E-01
      8655    0.20000000E-01
      8656    0.20000000E-01
      8657    0.20000000E-01
      8658    0.20000000E-01
      8659    0.20000000E-01
      8660    0.20000000E-01
      8661    0.20000000E-01
      8662    0.20000000E-01
      8663    0.20000000E-01
      8664    0.20000000E-01
      8665    0.20000000E-01
      8675    0.20000000E-01
      8676    0.20000000E-01
      8677    0.20000000E-01
      8678    0.20000000E-01
      8679    0.20000000E-01
      8683    0.20000000E-01
      8684    0.20000000E-01
      8685    0.20000000E-01
      8686    0.20000000E-01
      8687    0.20000000E-01
      8688    0.20000000E-01
      8689    0.20000000E-01
      9031    0.20000000E-01
      9032    0.20000000E-01
      9033    0.20000000E-01
      9034    0.20000000E-01
      9052    0.20000000E-01
      9053    0.20000000E-01
      9054    0.20000000E-01
      9055    0.20000000E-01
      9056    0.20000000E-01
      9057    0.20000000E-01
      9058    0.20000000E-01
      9059    0.20000000E-01
      9060    0.20000000E-01
      9061    0.20000000E-01
      9062    0.20000000E-01
      9063    0.20000000E-01
      9064    0.20000000E-01
      9065    0.20000000E-01
      9066    0.20000000E-01
      9067    0.20000000E-01
      9068    0.20000000E-01
      9069    0.20000000E-01
      9070    0.20000000E-01
      9071    0.20000000E-01
      9072    0.20000000E-01
      9073    0.20000000E-01
      9074    0.20000000E-01
      9075    0.20000000E-01
      9076    0.20000000E-01
      9077    0.20000000E-01
      9086    0.20000000E-01
      9087    0.20000000E-01
      9090    0.20000000E-01
      9432    0.20000000E-01
      9433    0.20000000E-01
      9434    0.20000000E-01
      9452    0.20000000E-01
      9453    0.20000000E-01
      9454    0.20000000E-01
      9455    0.20000000E-01
      9456    0.20000000E-01
      9457    0.20000000E-01
      9458    0.20000000E-01
      9459    0.20000000E-01
      9460    0.20000000E-01
      9461    0.20000000E-01
      9463    0.20000000E-01
      9464    0.20000000E-01
      9465    0.20000000E-01
      9466    0.20000000E-01
      9467    0.20000000E-01
      9468    0.20000000E-01
      9469    0.20000000E-01
      9470    0.20000000E-01
      9471    0.20000000E-01
      9472    0.20000000E-01
      9473    0.20000000E-01
      9474    0.20000000E-01
      9475    0.20000000E-01
      9490    0.20000000E-01
      9491    0.20000000E-01
      9492    0.20000000E-01
      9493    0.20000000E-01
      9494    0.20000000E-01
      9495    0.20000000E-01
      9832    0.20000000E-01
      9833    0.20000000E-01
      9834    0.20000000E-01
      9836    0.20000000E-01
      9837    0.20000000E-01
      9851    0.20000000E-01
      9852    0.20000000E-01
      9853    0.20000000E-01
      9855    0.20000000E-01
      9856    0.20000000E-01
      9858    0.20000000E-01
      9860    0.20000000E-01
      9861    0.20000000E-01
      9862    0.20000000E-01
      9863    0.20000000E-01
      9864    0.20000000E-01
      9865    0.20000000E-01
      9866    0.20000000E-01
      9867    0.20000000E-01
      9868    0.20000000E-01
      9869    0.20000000E-01
      9870    0.20000000E-01
      9871    0.20000000E-01
      9872    0.20000000E-01
      9873    0.20000000E-01
      9883    0.20000000E-01
      9890    0.20000000E-01
      9891    0.20000000E-01
      9892    0.20000000E-01
      9893    0.20000000E-01
     10168    0.20000000E-01
     10169    0.20000000E-01
     10170    0.20000000E-01
     10188    0.20000000E-01
     10191    0.20000000E-01
     10192    0.20000000E-01
     10193    0.20000000E-01
     10194    0.20000000E-01
     10195    0.20000000E-01
     10196    0.20000000E-01
     10197    0.20000000E-01
     10200    0.20000000E-01
     10201    0.20000000E-01
     10222    0.20000000E-01
     10223    0.20000000E-01
     10455    0.20000000E-01
     10457    0.20000000E-01
     10479    0.20000000E-01
     10483    0.20000000E-01
     10510    0.20000000E-01
     10511    0.20000000E-01
     10515    0.20000000E-01
     10698    0.20000000E-01
     10699    0.20000000E-01
     10764    0.20000000E-01
     10924    0.20000000E-01
     10925    0.20000000E-01
     11146    0.20000000E-01
     11147    0.20000000E-01
     11369    0.20000000E-01
     11370    0.20000000E-01
     11594    0.20000000E-01
     11818    0.20000000E-01
     12034    0.20000000E-01
     12092    0.20000000E-01
     12093    0.20000000E-01
     12094    0.20000000E-01
     12096    0.20000000E-01
     12118    0.20000000E-01
     12119    0.20000000E-01
     12235    0.20000000E-01
     12297    0.20000000E-01
     12298    0.20000000E-01
     12299    0.20000000E-01
     12300    0.20000000E-01
     12301    0.20000000E-01
     12303    0.20000000E-01
     12304    0.20000000E-01
     12305    0.20000000E-01
     12306    0.20000000E-01
     12324    0.20000000E-01
     12325    0.20000000E-01
     12326    0.20000000E-01
     12504    0.20000000E-01
     12505    0.20000000E-01
     12506    0.20000000E-01
     12507    0.20000000E-01
     12508    0.20000000E-01
     12509    0.20000000E-01
     12510    0.20000000E-01
     12511    0.20000000E-01
     12512    0.20000000E-01
     12530    0.20000000E-01
     12531    0.20000000E-01
     12532    0.20000000E-01
     12533    0.20000000E-01
     12534    0.20000000E-01
     12729    0.20000000E-01
     12730    0.20000000E-01
     12733    0.20000000E-01
     12734    0.20000000E-01
     12735    0.20000000E-01
     12736    0.20000000E-01
     12738    0.20000000E-01
     12740    0.20000000E-01
     12741    0.20000000E-01
     12758    0.20000000E-01
     12759    0.20000000E-01
     12760    0.20000000E-01
     12761    0.20000000E-01
     12762    0.20000000E-01
     12763    0.20000000E-01
     12764    0.20000000E-01
     12978    0.20000000E-01
     12981    0.20000000E-01
     12982    0.20000000E-01
     12983    0.20000000E-01
     13003    0.20000000E-01
     13004    0.20000000E-01
     13005    0.20000000E-01
     13006    0.20000000E-01
     13007    0.20000000E-01
     13008    0.20000000E-01
     13009    0.20000000E-01
     13226    0.20000000E-01
     13227    0.20000000E-01
     13228    0.20000000E-01
     13229    0.20000000E-01
     13230    0.20000000E-01
     13250    0.20000000E-01
     13251    0.20000000E-01
     13252    0.20000000E-01
     13253    0.20000000E-01
     13254    0.20000000E-01
     13497    0.20000000E-01
     13498    0.20000000E-01
     13499    0.20000000E-01
     13523    0.20000000E-01
     13524    0.20000000E-01
     13525    0.20000000E-01
     13526    0.20000000E-01
     13795    0.20000000E-01
     13798    0.20000000E-01
     13821    0.20000000E-01
     13822    0.20000000E-01
     16954    0.20000000E-01
     17182    0.20000000E-01
     17394    0.20000000E-01
mannings_n_at_sea_floor                                                         
           0
