FileFmt      1050624           0           0
NELG           58369        2590        2562
       47311
      -47314
       47341
      -47400
       47438
       47477
      -47484
      -47511
      -47520
       47583
      -47614
       47652
       47670
      -47675
       47684
      -47699
      -47707
      -47717
      -47734
       47742
      -47743
      -47760
       47771
       47774
       47778
      -47784
      -47788
       47790
       47798
       47802
       47804
      -47813
      -47817
      -47822
      -47834
      -47839
       47840
      -47849
       47851
       47857
       47870
       47890
       47893
       47894
       47895
       47897
       47901
       47905
       47907
      -47923
       47939
       47943
       47955
      -47956
       47961
       47963
       47972
       47980
       47988
       47992
       47996
       47997
       47999
       48002
       48003
       48008
       48014
       48016
       48027
       48028
       48031
       48032
       48040
       48043
       48057
       48060
       48067
       48068
       48070
       48082
       48084
       48089
       48095
       48096
       48099
       48108
       48111
       48113
       48114
       48119
       48120
       48131
       48133
       48134
       48141
       48145
       48146
       48148
       48151
       48157
       48159
       48162
       48182
       48184
       48186
       48190
       48191
       48192
       48194
       48196
       48197
       48201
       48203
       48204
       48221
       48223
       48224
       48225
       48226
       48234
       48235
       48236
       48239
       48241
       48242
       48245
       48247
       48252
       48259
       48260
       48262
       48267
       48268
       48271
       48278
       48279
       48281
       48283
       48286
       48290
       48291
       48293
       48298
       48300
       48301
       48303
       48305
       48306
       48307
       48308
       48310
       48315
       48318
       48320
       48321
       48322
       48324
       48325
       48328
       48329
       48330
       48331
       48332
       48334
       48338
       48339
       48343
       48344
       48347
       48348
       48349
       48350
       48351
       48354
       48355
       48356
       48358
       48359
       48360
       48361
       48362
       48363
       48366
       48367
       48368
       48370
       48371
       48374
       48375
       48377
       48382
       48383
       48384
       48385
       48386
       48387
       48389
       48390
       48391
       48392
       48393
       48396
       48398
       48402
       48403
       48404
       48405
       48406
       48408
       48410
       48411
       48413
       48414
       48415
       48417
       48418
       48420
       48422
       48423
       48427
       48428
       48430
       48431
       48432
       48433
       48435
       48438
       48439
       48440
       48441
       48443
       48444
       48445
       48447
       48448
       48450
       48451
       48452
       48453
       48454
       48455
       48457
       48458
       48459
       48460
       48461
       48463
       48464
       48466
       48468
       48471
       48472
       48474
       48476
       48477
       48480
       48481
       48482
       48484
       48485
       48486
       48487
       48488
       48489
       48490
       48492
       48494
       48495
       48496
       48497
       48498
       48499
       48502
       48503
       48504
       48505
       48506
       48507
       48508
       48509
       48510
       48512
       48514
       48515
       48516
       48517
       48518
       48519
       48522
       48523
       48525
       48526
       48527
       48528
       48530
       48531
       48532
       48533
       48534
       48536
       48537
       48538
       48539
       48540
       48542
       48546
       48547
       48548
       48549
       48550
       48551
       48552
       48553
       48555
       48556
       48557
       48559
       48561
       48562
       48563
       48564
       48565
       48566
       48568
       48569
       48571
       48572
       48573
       48576
       48577
       48578
       48579
       48580
       48581
       48582
       48583
       48584
       48586
       48588
       48590
       48591
       48592
       48593
       48594
       48595
       48598
       48599
       48600
       48601
       48602
       48604
       48607
       48609
       48610
       48611
       48612
       48613
       48615
       48616
       48617
       48618
       48619
       48620
       48621
       48622
       48623
       48625
       48626
       48628
       48629
       48630
       48631
       48632
       48633
       48634
       48635
       48636
       48637
       48640
       48641
       48643
       48644
       48647
       48648
       48649
       48650
       48651
       48652
       48653
       48654
       48657
       48659
       48660
       48662
       48663
       48664
       48665
       48666
       48667
       48669
       48670
       48671
       48672
       48673
       48674
       48675
       48676
       48677
       48678
       48679
       48680
       48681
       48683
       48684
       48685
       48688
       48689
       48690
       48692
       48693
       48694
       48695
       48696
       48697
       48698
       48701
       48702
       48703
       48704
       48705
       48707
       48708
       48709
       48710
       48711
       48712
       48713
       48714
       48715
       48716
       48717
       48718
       48719
       48721
       48722
       48723
       48724
       48726
       48727
       48730
       48732
       48733
       48735
       48736
       48737
       48738
       48739
       48741
       48742
       48743
       48744
       48745
       48746
       48748
       48749
       48750
       48751
       48752
       48753
       48754
       48756
       48757
       48758
       48759
       48760
       48761
       48762
       48763
       48764
       48765
       48766
       48767
       48768
       48769
       48770
       48771
       48772
       48773
       48774
       48775
       48776
       48777
       48778
       48779
       48780
       48781
       48782
       48783
       48784
       48785
       48786
       48787
       48788
       48789
       48790
       48791
       48792
       48793
       48794
       48795
       48797
       48798
       48799
       48800
       48801
       48802
       48803
       48804
       48805
       48806
       48807
       48808
       48809
       48810
       48811
       48812
       48813
       48814
       48815
       48816
       48817
       48818
       48819
       48820
       48821
       48822
       48823
       48824
       48825
       48826
       48827
       48828
       48829
       48830
       48831
       48832
       48833
       48834
       48835
       48837
       48838
       48839
       48841
       48844
       48845
       48846
       48847
       48848
       48849
       48850
       48851
       48852
       48853
       48854
       48855
       48856
       48857
       48858
       48859
       48861
       48862
       48863
       48864
       48866
       48867
       48868
       48869
       48870
       48871
       48872
       48873
       48874
       48875
       48877
       48878
       48879
       48880
       48881
       48882
       48883
       48884
       48885
       48886
       48887
       48889
       48890
       48891
       48892
       48893
       48894
       48895
       48896
       48897
       48898
       48899
       48900
       48901
       48902
       48903
       48904
       48906
       48907
       48908
       48909
       48910
       48911
       48912
       48913
       48914
       48915
       48916
       48917
       48918
       48919
       48920
       48921
       48922
       48923
       48924
       48925
       48926
       48927
       48929
       48930
       48931
       48932
       48933
       48934
       48935
       48937
       48938
       48939
       48940
       48941
       48942
       48943
       48944
       48945
       48946
       48947
       48948
       48949
       48950
       48951
       48952
       48953
       48954
       48955
       48956
       48957
       48958
       48959
       48960
       48961
       48962
       48963
       48964
       48965
       48966
       48968
       48969
       48970
       48971
       48972
       48973
       48974
       48975
       48976
       48977
       48978
       48979
       48980
       48981
       48982
       48984
       48985
       48986
       48987
       48988
       48989
       48991
       48992
       48993
       48994
       48995
       48996
       48997
       48998
       48999
       49000
       49001
       49002
       49003
       49004
       49005
       49006
       49007
       49008
       49009
       49010
       49011
       49012
       49014
       49015
       49016
       49017
       49018
       49019
       49020
       49021
       49022
       49023
       49024
       49025
       49026
       49027
       49028
       49029
       49030
       49031
       49032
       49033
       49034
       49035
       49036
       49038
       49039
       49040
       49041
       49042
       49043
       49044
       49045
       49046
       49047
       49048
       49049
       49050
       49051
       49052
       49053
       49054
       49055
       49056
       49057
       49058
       49059
       49060
       49061
       49063
       49064
       49065
       49066
       49067
       49068
       49069
       49070
       49071
       49072
       49073
       49074
       49075
       49076
       49077
       49078
       49079
       49080
       49081
       49082
       49083
       49084
       49085
       49086
       49087
       49088
       49089
       49090
       49091
       49092
       49093
       49094
       49095
       49096
       49098
       49099
       49101
       49102
       49103
       49104
       49105
       49106
       49107
       49108
       49109
       49110
       49111
       49112
       49113
       49114
       49115
       49116
       49117
       49118
       49119
       49120
       49121
       49122
       49123
       49124
       49125
       49126
       49127
       49128
       49129
       49130
       49131
       49132
       49133
       49134
       49135
       49136
       49137
       49138
       49139
       49140
       49141
       49143
       49144
       49145
       49146
       49147
       49148
       49149
       49151
       49152
       49153
       49154
       49155
       49156
       49157
       49159
       49160
       49161
       49162
       49163
       49164
       49165
       49166
       49167
       49168
       49169
       49170
       49171
       49172
       49173
       49174
       49175
       49176
       49177
       49178
       49180
       49181
       49182
       49183
       49184
       49185
       49186
       49187
       49188
       49189
       49190
       49191
       49192
       49193
       49194
       49195
       49196
       49197
       49198
       49199
       49200
       49201
       49203
       49204
       49205
       49206
       49207
       49209
       49210
       49211
       49212
       49213
       49214
       49215
       49216
       49217
       49219
       49220
       49221
       49222
       49223
       49224
       49225
       49226
       49227
       49228
       49229
       49230
       49231
       49232
       49233
       49235
       49236
       49237
       49238
       49239
       49240
       49241
       49242
       49243
       49244
       49245
       49246
       49247
       49248
       49249
       49250
       49251
       49252
       49253
       49254
       49255
       49256
       49257
       49258
       49259
       49260
       49261
       49262
       49263
       49264
       49265
       49266
       49267
       49268
       49269
       49271
       49272
       49273
       49274
       49275
       49276
       49277
       49278
       49279
       49280
       49281
       49282
       49283
       49284
       49285
       49286
       49287
       49288
       49289
       49290
       49291
       49292
       49293
       49294
       49295
       49296
       49297
       49298
       49299
       49300
       49301
       49302
       49303
       49304
       49305
       49306
       49307
       49308
       49309
       49310
       49311
       49312
       49313
       49315
       49316
       49317
       49318
       49319
       49321
       49322
       49323
       49324
       49326
       49327
       49328
       49329
       49330
       49331
       49332
       49333
       49334
       49335
       49336
       49337
       49338
       49339
       49340
       49341
       49342
       49343
       49344
       49345
       49346
       49347
       49348
       49349
       49350
       49351
       49352
       49354
       49355
       49356
       49357
       49358
       49359
       49360
       49361
       49362
       49364
       49365
       49366
       49367
       49368
       49369
       49370
       49371
       49372
       49373
       49374
       49375
       49376
       49377
       49378
       49379
       49380
       49381
       49382
       49383
       49384
       49385
       49386
       49387
       49388
       49389
       49391
       49392
       49393
       49394
       49396
       49397
       49398
       49399
       49400
       49401
       49402
       49403
       49404
       49405
       49406
       49407
       49408
       49409
       49410
       49411
       49412
       49413
       49414
       49416
       49417
       49418
       49419
       49420
       49421
       49422
       49423
       49424
       49425
       49426
       49427
       49428
       49429
       49430
       49431
       49432
       49433
       49434
       49435
       49436
       49437
       49438
       49439
       49441
       49442
       49443
       49444
       49446
       49447
       49448
       49449
       49450
       49451
       49452
       49453
       49455
       49456
       49457
       49458
       49459
       49460
       49461
       49462
       49463
       49464
       49465
       49466
       49467
       49469
       49471
       49472
       49473
       49474
       49475
       49476
       49477
       49478
       49479
       49480
       49481
       49482
       49483
       49484
       49485
       49487
       49488
       49489
       49490
       49491
       49492
       49493
       49494
       49495
       49496
       49497
       49498
       49499
       49500
       49502
       49503
       49504
       49505
       49506
       49507
       49509
       49510
       49511
       49513
       49514
       49515
       49516
       49517
       49518
       49519
       49520
       49521
       49522
       49523
       49524
       49525
       49527
       49528
       49529
       49530
       49531
       49532
       49533
       49534
       49535
       49536
       49537
       49539
       49540
       49541
       49542
       49544
       49545
       49546
       49547
       49550
       49552
       49553
       49554
       49555
       49556
       49557
       49558
       49559
       49560
       49561
       49562
       49563
       49565
       49566
       49567
       49568
       49569
       49570
       49571
       49572
       49573
       49574
       49575
       49576
       49577
       49578
       49579
       49580
       49582
       49583
       49585
       49586
       49587
       49588
       49589
       49590
       49591
       49592
       49593
       49594
       49596
       49597
       49599
       49600
       49601
       49602
       49603
       49604
       49605
       49606
       49607
       49608
       49609
       49612
       49613
       49614
       49615
       49617
       49618
       49619
       49621
       49622
       49623
       49624
       49625
       49626
       49627
       49628
       49630
       49631
       49632
       49633
       49634
       49635
       49636
       49637
       49638
       49641
       49642
       49643
       49644
       49645
       49646
       49647
       49648
       49649
       49650
       49652
       49653
       49654
       49655
       49656
       49658
       49659
       49660
       49662
       49663
       49664
       49665
       49666
       49667
       49669
       49670
       49671
       49672
       49674
       49675
       49676
       49677
       49679
       49680
       49681
       49682
       49683
       49684
       49685
       49686
       49687
       49688
       49690
       49691
       49692
       49693
       49695
       49697
       49698
       49701
       49702
       49703
       49704
       49705
       49706
       49707
       49708
       49709
       49710
       49711
       49712
       49713
       49714
       49715
       49716
       49717
       49718
       49719
       49720
       49721
       49722
       49723
       49724
       49725
       49726
       49727
       49728
       49729
       49730
       49731
       49734
       49736
       49737
       49738
       49740
       49741
       49742
       49743
       49744
       49745
       49746
       49747
       49750
       49752
       49753
       49754
       49755
       49756
       49757
       49759
       49761
       49762
       49763
       49764
       49765
       49766
       49767
       49768
       49769
       49771
       49772
       49773
       49774
       49775
       49776
       49777
       49778
       49780
       49782
       49783
       49784
       49785
       49786
       49787
       49788
       49789
       49791
       49792
       49793
       49797
       49798
       49799
       49800
       49801
       49802
       49803
       49804
       49805
       49807
       49809
       49810
       49811
       49812
       49814
       49815
       49816
       49817
       49818
       49819
       49821
       49822
       49824
       49825
       49826
       49827
       49828
       49829
       49832
       49833
       49834
       49835
       49836
       49837
       49838
       49840
       49841
       49842
       49843
       49844
       49845
       49847
       49849
       49850
       49851
       49852
       49856
       49857
       49858
       49859
       49861
       49862
       49863
       49864
       49865
       49866
       49868
       49871
       49872
       49873
       49874
       49875
       49876
       49877
       49878
       49879
       49880
       49881
       49883
       49884
       49885
       49887
       49888
       49889
       49891
       49892
       49893
       49895
       49896
       49899
       49900
       49902
       49903
       49904
       49905
       49906
       49907
       49909
       49911
       49912
       49913
       49914
       49917
       49920
       49921
       49922
       49923
       49924
       49928
       49929
       49930
       49931
       49932
       49933
       49934
       49935
       49937
       49938
       49939
       49940
       49941
       49942
       49943
       49946
       49947
       49948
       49949
       49951
       49952
       49954
       49955
       49956
       49957
       49958
       49959
       49960
       49961
       49963
       49964
       49966
       49967
       49968
       49970
       49971
       49972
       49974
       49977
       49978
       49979
       49980
       49981
       49982
       49983
       49985
       49988
       49989
       49990
       49991
       49993
       49994
       49995
       49996
       49997
       49999
       50000
       50001
       50003
       50004
       50005
       50006
       50007
       50008
       50009
       50010
       50011
       50012
       50013
       50014
       50015
       50017
       50018
       50019
       50020
       50021
       50022
       50023
       50024
       50025
       50026
       50027
       50029
       50030
       50031
       50032
       50033
       50034
       50035
       50036
       50037
       50038
       50040
       50041
       50042
       50043
       50046
       50047
       50049
       50050
       50051
       50052
       50053
       50055
       50056
       50057
       50058
       50059
       50061
       50062
       50063
       50064
       50065
       50066
       50068
       50069
       50070
       50071
       50072
       50073
       50074
       50075
       50076
       50077
       50079
       50080
       50081
       50083
       50085
       50086
       50087
       50088
       50089
       50090
       50092
       50093
       50094
       50095
       50096
       50097
       50098
       50100
       50101
       50102
       50104
       50106
       50107
       50108
       50109
       50110
       50111
       50112
       50113
       50115
       50116
       50117
       50118
       50119
       50120
       50121
       50122
       50123
       50124
       50125
       50126
       50127
       50128
       50129
       50130
       50131
       50132
       50134
       50135
       50136
       50137
       50138
       50139
       50140
       50142
       50146
       50148
       50149
       50150
       50151
       50152
       50153
       50155
       50156
       50158
       50159
       50163
       50164
       50165
       50166
       50167
       50168
       50169
       50170
       50171
       50172
       50173
       50174
       50175
       50176
       50177
       50178
       50179
       50180
       50181
       50182
       50183
       50184
       50185
       50186
       50187
       50188
       50191
       50192
       50193
       50194
       50195
       50196
       50197
       50198
       50199
       50200
       50201
       50202
       50203
       50205
       50206
       50208
       50209
       50210
       50211
       50212
       50213
       50214
       50216
       50217
       50218
       50219
       50220
       50222
       50223
       50225
       50226
       50227
       50228
       50229
       50230
       50231
       50232
       50235
       50237
       50238
       50239
       50240
       50241
       50242
       50243
       50244
       50245
       50246
       50247
       50248
       50249
       50250
       50251
       50252
       50253
       50254
       50255
       50256
       50257
       50258
       50259
       50260
       50261
       50263
       50264
       50265
       50266
       50267
       50268
       50269
       50270
       50272
       50273
       50276
       50277
       50278
       50279
       50280
       50281
       50282
       50283
       50284
       50285
       50286
       50288
       50289
       50290
       50291
       50292
       50293
       50294
       50295
       50296
       50297
       50298
       50299
       50300
       50302
       50303
       50304
       50305
       50306
       50307
       50308
       50309
       50310
       50313
       50314
       50315
       50316
       50318
       50321
       50323
       50324
       50325
       50327
       50328
       50329
       50330
       50331
       50332
       50333
       50334
       50335
       50336
       50337
       50339
       50340
       50341
       50343
       50344
       50345
       50346
       50347
       50348
       50349
       50350
       50351
       50352
       50353
       50355
       50356
       50357
       50358
       50359
       50360
       50361
       50362
       50364
       50365
       50366
       50367
       50369
       50370
       50371
       50372
       50374
       50375
       50376
       50377
       50378
       50379
       50380
       50382
       50383
       50384
       50386
       50387
       50390
       50391
       50392
       50394
       50395
       50396
       50398
       50399
       50400
       50401
       50402
       50403
       50404
       50405
       50406
       50407
       50408
       50409
       50413
       50414
       50415
       50416
       50417
       50418
       50421
       50422
       50424
       50425
       50426
       50427
       50428
       50429
       50430
       50432
       50433
       50434
       50435
       50437
       50438
       50439
       50442
       50443
       50444
       50446
       50447
       50448
       50449
       50450
       50451
       50452
       50454
       50455
       50456
       50457
       50458
       50459
       50460
       50461
       50462
       50464
       50465
       50467
       50468
       50469
       50470
       50471
       50472
       50473
       50474
       50475
       50476
       50477
       50478
       50479
       50480
       50481
       50482
       50483
       50485
       50487
       50489
       50490
       50491
       50492
       50493
       50494
       50495
       50497
       50498
       50500
       50501
       50502
       50503
       50505
       50507
       50508
       50509
       50511
       50512
       50513
       50514
       50515
       50516
       50517
       50518
       50519
       50520
       50521
       50522
       50523
       50524
       50526
       50527
       50529
       50530
       50531
       50532
       50534
       50535
       50536
       50537
       50538
       50539
       50541
       50543
       50544
       50545
       50546
       50548
       50549
       50550
       50552
       50553
       50554
       50555
       50556
       50559
       50561
       50562
       50563
       50564
       50565
       50567
       50568
       50570
       50571
       50572
       50573
       50574
       50576
       50577
       50579
       50580
       50581
       50582
       50583
       50584
       50585
       50586
       50587
       50588
       50589
       50590
       50591
       50592
       50593
       50594
       50595
       50596
       50597
       50598
       50599
       50600
       50602
       50603
       50604
       50606
       50608
       50609
       50611
       50612
       50613
       50614
       50615
       50616
       50617
       50618
       50619
       50620
       50622
       50623
       50624
       50625
       50626
       50627
       50630
       50631
       50632
       50633
       50634
       50636
       50638
       50639
       50644
       50645
       50647
       50648
       50649
       50650
       50651
       50652
       50653
       50654
       50655
       50656
       50657
       50658
       50659
       50661
       50662
       50663
       50664
       50665
       50666
       50667
       50668
       50669
       50670
       50672
       50673
       50674
       50676
       50677
       50678
       50679
       50680
       50681
       50682
       50683
       50684
       50685
       50686
       50687
       50688
       50689
       50690
       50691
       50692
       50693
       50694
       50695
       50696
       50697
       50698
       50700
       50702
       50703
       50705
       50706
       50707
       50709
       50710
       50711
       50712
       50713
       50715
       50716
       50717
       50718
       50719
       50720
       50722
       50723
       50725
       50726
       50727
       50729
       50730
       50731
       50732
       50734
       50735
       50736
       50737
       50738
       50741
       50742
       50744
       50746
       50747
       50748
       50749
       50750
       50752
       50753
       50754
       50755
       50756
       50757
       50759
       50760
       50761
       50762
       50763
       50764
       50765
       50766
       50767
       50768
       50769
       50770
       50771
       50772
       50773
       50774
       50775
       50777
       50778
       50779
       50780
       50782
       50784
       50785
       50786
       50788
       50791
       50792
       50793
       50795
       50796
       50798
       50799
       50800
       50801
       50802
       50804
       50805
       50806
       50807
       50808
       50809
       50813
       50814
       50815
       50816
       50818
       50819
       50820
       50821
       50822
       50825
       50826
       50827
       50828
       50829
       50830
       50831
       50832
       50833
       50834
       50836
       50837
       50840
       50841
       50843
       50845
       50846
       50847
       50849
       50850
       50851
       50852
       50853
       50854
       50855
       50857
       50858
       50859
       50861
       50863
       50864
       50865
       50866
       50867
       50869
       50873
       50874
       50875
       50876
       50878
       50880
       50881
       50882
       50883
       50884
       50885
       50886
       50888
       50892
       50893
       50894
       50896
       50897
       50900
       50901
       50902
       50904
       50905
       50908
       50909
       50910
       50911
       50913
       50916
       50919
       50920
       50922
       50924
       50925
       50928
       50930
       50931
       50933
       50934
       50935
       50936
       50938
       50940
       50941
       50942
       50943
       50944
       50946
       50948
       50950
       50951
       50952
       50953
       50957
       50959
       50961
       50964
       50966
       50968
       50970
       50971
       50972
       50973
       50974
       50975
       50977
       50978
       50979
       50980
       50982
       50983
       50985
       50986
       50987
       50989
       50992
       50995
       50996
       50997
       50998
       50999
       51001
       51002
       51003
       51004
       51007
       51010
       51011
       51013
       51014
       51016
       51018
       51019
       51020
       51021
       51022
       51023
       51025
       51027
       51029
       51030
       51033
       51034
       51036
       51038
       51042
       51043
       51044
       51045
       51047
       51048
       51050
       51052
       51053
       51054
       51055
       51056
       51058
       51060
       51061
       51063
       51064
       51066
       51067
       51068
       51069
       51071
       51072
       51074
       51075
       51077
       51079
       51081
       51090
       51091
       51093
       51094
       51095
       51096
       51097
       51098
       51099
       51100
       51102
       51103
       51104
       51105
       51106
       51107
       51108
       51110
       51111
       51114
       51115
       51116
       51118
       51119
       51120
       51122
       51124
       51132
       51133
       51134
       51138
       51140
       51141
       51142
       51143
       51144
       51145
       51146
       51147
       51148
       51149
       51151
       51152
       51153
       51154
       51156
       51158
       51159
       51160
       51162
       51163
       51164
       51167
       51170
       51171
       51172
       51173
       51177
       51178
       51180
       51181
       51182
       51184
       51186
       51187
       51188
       51189
       51190
       51192
       51193
       51194
       51198
       51199
       51202
       51206
       51216
       51218
       51219
       51221
       51222
       51223
       51225
       51226
       51228
       51229
       51235
       51237
       51239
       51240
       51245
       51247
       51249
       51253
       51255
       51258
       51259
       51262
       51263
       51265
       51269
       51271
       51272
       51275
       51281
       51284
       51285
       51286
       51287
       51288
       51290
       51296
       51298
       51306
       51309
       51311
       51314
       51316
       51319
       51325
       51327
       51331
       51334
       51336
       51337
       51338
       51340
       51343
       51344
       51355
       51356
       51357
       51364
       51365
       51367
       51368
       51372
       51384
       51387
       51392
       51394
       51402
       51449
NNODG          31435        1437        1427
      -19640
      -19641
      -19642
      -19643
      -19648
      -20000
      -20001
       20002
       20003
       20004
       20005
      -20011
       20012
       20379
      -20380
       20381
       20382
       20383
       20384
       20385
       20386
      -20393
       20394
       20395
      -20778
       20780
       20781
       20782
       20783
       20784
       20785
       20786
       20787
       20788
       20789
      -20793
      -20794
       20795
       20796
       20797
      -21174
       21177
       21178
      -21179
       21180
       21181
       21182
       21183
       21184
       21185
       21186
       21187
       21188
       21189
       21190
      -21194
      -21195
       21196
       21197
       21198
       21199
       21200
       21201
       21577
       21578
      -21579
       21580
       21581
       21582
       21583
       21584
       21585
       21586
       21587
       21588
      -21589
      -21590
       21591
       21592
       21593
      -21594
       21597
       21598
       21599
       21600
       21601
       21602
       21603
       21604
       21605
      -21988
      -21989
       21990
      -21991
       21992
      -21993
       21994
       21995
       21996
       21997
       21998
       21999
       22000
      -22001
       22004
       22005
       22006
      -22007
      -22008
       22009
       22010
       22011
       22012
       22013
       22014
       22015
       22016
       22017
       22018
       22019
      -22047
      -22394
      -22396
      -22398
       22399
       22400
       22401
       22402
      -22403
      -22404
      -22405
       22409
       22410
       22411
       22412
       22413
       22414
       22415
       22416
       22417
       22418
       22419
       22420
       22421
       22422
       22423
       22424
       22425
       22426
      -22456
       22804
       22805
       22806
      -22807
       22815
       22816
       22817
       22818
       22819
       22820
       22821
       22822
       22823
       22824
       22825
       22826
       22827
       22828
       22829
       22830
       22831
       22832
       22833
       22834
       22835
       22836
      -22873
       23222
       23223
       23224
       23225
      -23226
       23235
       23236
       23237
       23238
       23239
       23240
       23241
       23242
       23243
       23244
       23245
       23246
       23247
       23248
       23249
       23250
       23251
       23252
       23253
       23254
       23255
       23256
       23257
       23258
      -23298
       23653
       23654
       23655
       23656
      -23657
       23667
       23668
       23669
       23670
       23671
       23672
       23673
       23674
       23675
       23676
       23677
       23678
       23679
       23680
       23681
       23682
       23683
       23684
       23685
       23686
       23687
       23688
       23689
       23690
       23691
      -23734
      -23736
       24086
       24087
       24088
       24089
      -24090
       24101
       24102
       24103
       24104
       24105
       24106
       24107
       24108
       24109
       24110
       24111
       24112
       24113
       24114
       24115
       24116
       24117
       24118
       24119
       24120
       24121
       24122
       24123
       24124
       24125
       24126
       24127
       24173
      -24175
       24488
       24489
       24490
       24491
       24492
      -24493
       24504
       24505
       24506
       24507
       24508
       24509
       24510
       24511
       24512
       24513
       24514
       24515
       24516
       24517
       24518
       24519
       24520
       24521
       24522
       24523
       24524
       24525
       24526
       24527
       24528
       24529
       24530
       24580
      -24582
       24583
       24852
       24853
       24854
       24855
       24856
       24857
      -24858
      -24861
       24869
       24870
       24871
       24872
       24873
       24874
       24875
       24876
       24877
       24878
       24879
       24880
       24881
       24882
       24883
       24884
       24885
       24886
       24887
       24888
       24889
       24890
       24891
       24892
       24893
       24894
       24895
       24896
       24897
       24898
       24951
      -24952
       24953
       24954
       25201
       25202
       25203
       25204
       25205
       25206
      -25207
      -25208
       25209
      -25211
       25219
       25220
       25221
       25222
       25223
       25224
       25225
       25226
       25227
       25228
       25229
       25230
       25231
       25232
       25233
       25234
       25235
       25236
       25237
       25238
       25239
       25240
       25241
       25242
       25243
       25244
       25245
       25246
       25247
       25248
       25306
      -25307
       25308
       25309
       25508
       25509
       25510
       25511
       25512
       25513
       25514
       25515
       25516
       25517
       25518
      -25521
       25527
       25528
       25529
       25530
       25531
       25532
       25533
       25534
       25535
       25536
       25537
       25538
       25539
       25540
       25541
       25542
       25543
       25544
       25545
       25546
       25547
       25548
       25549
       25550
       25551
       25552
       25553
       25554
       25555
       25556
      -25609
       25610
       25611
       25612
       25777
       25778
       25779
       25780
       25781
       25782
       25783
       25784
       25785
       25786
       25787
       25788
       25797
       25798
       25799
       25800
       25801
       25802
       25803
       25804
       25805
       25806
       25807
       25808
       25809
       25810
       25811
       25812
       25813
       25814
       25815
       25816
       25817
       25818
       25819
       25820
       25821
       25822
       25823
       25824
       25825
       25826
      -25881
       25882
       25883
       25884
       26047
       26048
       26049
       26050
       26051
       26052
       26053
       26054
       26055
       26056
       26057
       26058
       26059
       26067
       26068
       26069
       26070
       26071
       26072
       26073
       26074
       26075
       26076
       26077
       26078
       26079
       26080
       26081
       26082
       26083
       26084
       26085
       26086
       26087
       26088
       26089
       26090
       26091
       26092
       26093
       26094
       26095
       26096
       26097
       26098
       26099
       26100
      -26151
       26152
       26153
       26154
       26155
       26318
       26319
       26320
       26321
       26322
       26323
       26324
       26325
       26326
       26327
       26328
       26329
       26330
       26331
       26339
       26340
       26341
       26342
       26343
       26344
       26345
       26346
       26347
       26348
       26349
       26350
       26351
       26352
       26353
       26354
       26355
       26356
       26357
       26358
       26359
       26360
       26361
       26362
       26363
       26364
       26365
       26366
       26367
       26368
       26369
       26370
       26371
      -26423
       26424
       26425
       26426
       26427
       26428
       26584
       26585
       26586
       26587
       26588
       26589
       26590
       26591
       26592
       26593
       26594
       26595
       26596
       26597
      -26598
      -26599
       26608
       26609
       26610
       26611
       26612
       26613
       26614
       26615
       26616
       26617
       26618
       26619
       26620
       26621
       26622
       26623
       26624
       26625
       26626
       26627
       26628
       26629
       26630
       26631
       26632
       26633
       26634
       26635
       26636
       26637
       26638
       26639
       26640
       26641
       26642
       26643
      -26700
       26701
       26702
       26703
       26704
       26705
       26849
       26850
       26851
       26852
       26853
       26854
       26855
       26856
       26857
       26858
       26859
       26860
       26861
       26862
       26863
       26864
       26865
      -26866
       26867
       26879
       26880
       26881
       26882
       26883
       26884
       26885
       26886
       26887
       26888
       26889
       26890
       26891
       26892
       26893
       26894
       26895
       26896
       26897
       26898
       26899
       26900
       26901
       26902
       26903
       26904
       26905
       26906
       26907
       26908
       26909
       26910
       26911
       26912
       26913
       26914
       26915
       26916
       26917
       26918
       26919
      -26972
       26973
       26974
       26975
       26976
       26977
       27120
       27121
       27122
       27123
       27124
       27125
       27126
       27127
       27128
       27129
       27130
       27131
       27132
       27133
       27134
       27135
       27136
      -27137
       27138
       27145
       27146
       27147
       27148
       27149
       27150
       27151
       27152
       27153
       27154
       27155
       27156
       27157
       27158
       27159
       27160
       27161
       27162
       27163
       27164
       27165
       27166
       27167
       27168
       27169
       27170
       27171
       27172
       27173
       27174
       27175
       27176
       27177
       27178
       27179
       27180
       27181
       27182
       27183
       27184
       27185
       27186
       27187
       27188
       27189
      -27236
       27237
       27238
       27239
       27240
       27241
       27379
       27380
       27381
       27382
       27383
       27384
       27385
       27386
       27387
       27388
       27389
      -27390
       27391
      -27392
       27396
       27397
       27398
       27399
       27400
       27401
       27402
       27403
       27404
       27405
       27406
       27407
       27408
       27409
       27410
       27411
       27412
       27413
       27414
       27415
       27416
       27417
       27418
       27419
       27420
       27421
       27422
       27423
       27424
       27425
       27426
       27427
       27428
       27429
       27430
       27431
       27432
       27433
       27434
       27435
       27436
       27437
       27438
       27439
       27440
       27441
      -27469
       27470
       27471
       27472
       27473
       27474
       27475
       27476
       27615
       27616
       27617
       27618
       27619
       27620
       27621
       27622
       27623
       27624
       27625
       27626
       27627
       27628
       27629
       27630
      -27631
       27634
       27635
       27636
       27637
       27638
       27639
       27640
       27641
       27642
       27643
       27644
       27645
       27646
       27647
       27648
       27649
       27650
       27651
       27652
       27653
       27654
       27655
       27656
       27657
       27658
       27659
       27660
       27661
       27662
       27663
       27664
       27665
       27666
       27667
       27668
       27669
       27670
       27671
       27672
       27673
       27674
       27675
       27676
       27677
       27678
       27679
       27680
       27681
       27682
      -27702
       27703
       27704
       27705
       27706
       27707
       27708
       27709
       27710
       27848
       27849
       27850
       27851
       27852
       27853
       27854
       27855
       27856
       27857
       27858
      -27859
       27860
       27861
       27862
       27863
       27864
       27865
       27867
       27868
       27869
       27870
       27871
       27872
       27873
       27874
       27875
       27876
       27877
       27878
       27879
       27880
       27881
       27882
       27883
       27884
       27885
       27886
       27887
       27888
       27889
       27890
       27891
       27892
       27893
       27894
       27895
       27896
       27897
       27898
       27899
       27900
       27901
       27902
       27903
       27904
       27905
       27906
      -27928
       27929
       27930
       27931
       27932
       27933
       27934
       27935
       27936
       27937
       27938
       28069
       28070
       28071
       28072
       28073
       28074
       28075
       28076
       28077
       28078
       28079
      -28080
       28081
       28082
       28083
       28084
       28085
       28086
       28087
       28088
       28089
       28090
       28091
       28092
       28093
       28094
       28095
       28096
       28097
       28098
       28099
       28100
       28101
       28102
       28103
       28104
       28105
       28106
       28107
       28108
       28109
       28110
       28111
       28112
       28113
       28114
       28115
       28116
       28117
       28118
       28119
       28137
       28138
       28139
       28140
       28141
       28142
       28143
       28144
       28145
       28272
       28273
       28274
       28275
       28276
       28277
       28278
       28279
       28280
       28281
       28282
       28283
       28284
       28285
       28286
       28287
       28288
       28289
       28290
       28291
       28292
       28293
       28294
       28295
       28296
       28297
       28298
       28299
       28300
       28301
       28302
       28303
       28304
       28305
       28306
       28307
       28308
       28309
       28310
       28328
       28329
       28330
       28331
       28332
       28461
       28462
       28463
       28464
       28465
       28466
       28467
       28468
       28469
       28470
       28471
       28472
       28473
       28474
       28475
       28476
       28477
       28478
       28479
       28480
       28481
       28482
       28483
       28484
       28485
       28486
       28487
       28488
       28489
       28490
       28491
       28492
       28493
       28494
       28495
       28496
       28497
       28498
       28517
       28518
       28519
       28520
       28521
       28522
       28664
       28665
       28666
       28667
       28668
       28669
       28670
       28671
       28672
       28673
       28674
       28675
       28676
       28677
       28678
       28679
       28680
       28681
       28682
       28683
       28684
       28685
       28686
       28687
       28703
       28704
       28705
       28706
       28707
       28708
       28709
       28867
       28868
       28869
       28870
       28871
       28872
       28873
       28874
       28875
       28876
       28877
       28878
       28879
       28880
       28881
       28882
       28883
       28884
       28900
       28901
       28902
       28903
       28904
       28905
       28906
       29072
       29073
       29074
       29075
       29076
       29077
       29078
       29079
       29080
       29081
       29082
       29083
       29084
       29085
       29086
       29087
       29088
       29104
       29105
       29106
       29107
       29108
       29109
       29110
       29111
       29271
       29272
       29273
       29274
       29275
       29276
       29277
       29278
       29279
       29280
       29281
       29282
       29283
       29284
       29285
       29300
       29301
       29302
       29303
       29304
       29305
       29465
       29466
       29467
       29468
       29469
       29470
       29471
       29472
       29473
       29474
       29475
       29491
       29492
       29493
       29494
       29495
       29496
       29497
       29657
       29658
       29659
       29660
       29661
       29662
       29663
       29664
       29665
       29666
       29684
       29685
       29686
       29842
       29843
       29844
       29845
       29846
       29847
       29848
       29849
       29850
       29867
       29868
       29991
       29992
       29993
       29994
       29995
       29996
       29997
       30012
       30013
       30109
       30110
       30111
       30112
       30113
       30114
       30115
       30127
       30128
       30129
       30225
       30226
       30227
       30228
       30229
       30230
       30231
       30245
       30246
       30328
       30329
       30330
       30331
       30332
       30333
       30334
       30345
       30346
       30347
       30421
       30422
       30423
       30424
       30425
       30426
       30427
       30438
       30439
       30440
       30501
       30502
       30503
       30504
       30505
       30506
       30507
       30519
       30520
       30521
       30580
       30581
       30582
       30583
       30584
       30585
       30586
       30587
       30597
       30598
       30599
       30655
       30656
       30657
       30658
       30659
       30660
       30661
       30674
       30675
       30676
       30677
       30733
       30734
       30735
       30736
       30737
       30738
       30739
       30755
       30756
       30757
       30758
       30759
       30760
       30804
       30805
       30806
       30807
       30808
       30809
       30824
       30825
       30826
       30827
       30828
       30829
       30858
       30859
       30860
       30861
       30862
       30863
       30877
       30878
       30879
       30880
       30881
       30882
       30906
       30907
       30908
       30909
       30910
       30911
       30912
       30926
       30927
       30928
       30929
       30930
       30950
       30951
       30952
       30953
       30954
       30955
       30969
       30970
NFLUXF             0
NETA             103          37           0
NSTAE              0           0           0
NSTAV              0           0           0
NSTAM              0           0           0
NSTAC              0           0           0
RES NODE          13        1353
                   8           9          10          11          13          14
                  16          17          18          19          20          21
                  23          24          26          27          28          29
                  30          31          32          33          34          35
                  38          39          40          42          43          45
                  46          47          48          49          50          51
                  52          53          54          55          58          59
                  60          61          62          63          64          65
                  67          68          69          70          71          72
                  73          74          75          78          79          80
                  82          83          84          85          86          87
                  88          89          90          93          95          97
                  98          99         100         101         102         103
                 105         106         107         110         111         112
                 113         114         115         116         117         118
                 119         120         125         126         127         128
                 132         133         134         135         136         137
                 138         139         140         141         142         143
                 144         145         146         147         148         149
                 151         152         153         155         156         157
                 158         159         160         161         162         163
                 164         165         166         167         168         169
                 170         171         172         173         174         175
                 176         178         179         180         181         183
                 184         185         186         187         188         189
                 190         191         192         193         194         195
                 196         197         198         199         200         201
                 202         203         204         205         206         208
                 209         210         211         213         214         215
                 216         217         218         219         220         221
                 222         223         224         225         226         227
                 228         229         230         231         232         233
                 234         235         236         237         240         241
                 242         243         245         246         247         248
                 249         250         251         252         253         254
                 255         256         257         258         259         260
                 261         262         263         264         265         266
                 267         268         269         270         271         272
                 274         275         276         277         278         280
                 281         282         283         284         285         286
                 287         288         289         290         291         292
                 293         294         295         296         297         298
                 299         300         301         302         303         304
                 305         306         307         309         310         311
                 312         313         314         315         318         319
                 320         321         322         323         324         325
                 326         327         328         329         330         331
                 332         333         334         335         336         337
                 338         339         340         341         342         343
                 344         345         346         347         348         350
                 351         352         353         354         355         356
                 357         360         362         363         364         365
                 366         367         368         369         370         371
                 372         373         374         375         376         377
                 378         379         380         381         382         383
                 384         385         386         387         388         389
                 390         391         392         394         395         396
                 397         398         399         400         401         402
                 403         404         405         406         408         409
                 410         411         412         413         414         415
                 416         417         418         419         420         421
                 422         423         424         425         426         427
                 428         429         430         431         432         433
                 434         435         436         437         439         440
                 441         442         443         444         445         446
                 447         448         449         450         451         452
                 453         454         455         456         457         458
                 459         460         461         462         463         464
                 465         466         467         468         469         470
                 471         472         473         474         475         476
                 477         478         479         480         481         482
                 483         485         486         487         488         489
                 490         491         492         493         494         495
                 496         497         498         499         500         501
                 502         503         504         505         506         507
                 508         509         510         511         512         513
                 514         515         516         517         518         519
                 520         521         522         523         524         525
                 526         527         528         529         530         531
                 532         533         534         536         537         538
                 539         540         541         542         543         544
                 545         546         547         548         549         550
                 551         552         553         554         555         556
                 557         558         559         560         561         562
                 563         564         565         566         567         568
                 569         570         571         572         573         574
                 575         576         577         578         579         580
                 581         582         583         584         585         586
                 588         589         590         591         592         593
                 594         595         596         597         598         599
                 600         601         602         603         604         605
                 606         609         610         611         612         613
                 614         615         616         617         618         619
                 620         621         622         623         624         625
                 626         627         628         629         630         631
                 632         633         634         635         636         637
                 638         639         640         641         642         643
                 644         646         647         648         649         650
                 651         652         653         654         655         656
                 657         658         659         660         661         662
                 663         664         665         666         667         669
                 670         671         672         673         674         675
                 676         677         678         679         680         681
                 682         683         684         685         686         687
                 688         689         690         691         692         693
                 694         695         696         697         698         699
                 700         701         702         703         704         705
                 706         707         708         709         710         712
                 713         714         715         716         717         718
                 719         720         721         722         723         724
                 725         726         727         728         729         730
                 731         732         733         735         736         737
                 738         739         740         741         742         743
                 744         745         746         747         748         749
                 750         751         752         753         754         755
                 756         757         758         759         760         761
                 762         763         764         765         766         767
                 768         769         770         771         772         773
                 774         775         776         777         778         779
                 780         782         783         784         785         786
                 787         788         789         790         791         792
                 793         794         795         796         797         799
                 801         802         803         804         805         806
                 807         808         809         810         811         812
                 813         814         815         816         817         818
                 819         820         821         822         823         824
                 825         826         827         828         829         830
                 831         832         833         834         835         836
                 837         838         839         840         841         842
                 843         844         845         846         848         849
                 850         851         852         853         854         855
                 856         857         858         859         860         861
                 862         863         864         865         866         867
                 868         869         870         872         873         874
                 875         876         877         878         879         880
                 881         882         883         884         885         886
                 887         888         889         890         891         892
                 893         894         895         896         897         898
                 899         900         901         902         903         904
                 905         906         907         908         909         910
                 911         912         913         914         915         916
                 917         918         919         920         922         923
                 924         925         926         927         928         929
                 930         931         932         933         934         935
                 936         937         938         939         940         942
                 943         944         945         946         947         948
                 949         950         951         952         953         954
                 955         956         957         958         959         960
                 961         962         963         964         965         966
                 967         968         969         970         971         972
                 973         974         975         976         977         978
                 979         980         981         982         983         984
                 985         986         987         989         990         991
                 992         993         994         995         996         997
                 998         999        1000        1001        1002        1003
                1004        1005        1006        1007        1008        1009
                1011        1012        1013        1014        1015        1016
                1017        1018        1019        1020        1021        1022
                1023        1024        1025        1026        1027        1028
                1029        1030        1031        1032        1033        1034
                1035        1036        1037        1038        1039        1040
                1041        1042        1043        1044        1045        1046
                1047        1048        1049        1050        1051        1052
                1053        1054        1055        1056        1057        1058
                1059        1060        1061        1062        1063        1064
                1065        1066        1067        1068        1069        1070
                1071        1072        1073        1074        1075        1076
                1077        1078        1079        1080        1081        1082
                1083        1084        1085        1086        1087        1088
                1089        1090        1091        1092        1093        1094
                1095        1096        1097        1098        1099        1100
                1101        1102        1103        1104        1105        1106
                1107        1108        1109        1110        1111        1112
                1113        1114        1115        1116        1117        1118
                1119        1120        1121        1122        1123        1124
                1125        1126        1127        1128        1129        1130
                1131        1132        1133        1134        1135        1136
                1137        1138        1139        1140        1141        1142
                1143        1144        1145        1146        1147        1148
                1149        1150        1151        1152        1153        1154
                1155        1156        1157        1158        1159        1160
                1161        1162        1163        1164        1165        1166
                1167        1168        1169        1170        1171        1172
                1173        1174        1175        1176        1177        1178
                1179        1180        1181        1182        1183        1184
                1185        1186        1187        1188        1189        1190
                1191        1192        1193        1194        1195        1196
                1197        1198        1199        1200        1201        1202
                1203        1204        1205        1206        1207        1208
                1209        1210        1211        1212        1213        1214
                1215        1216        1217        1218        1219        1220
                1221        1222        1223        1224        1225        1226
                1227        1228        1229        1230        1231        1232
                1233        1234        1235        1236        1237        1238
                1239        1240        1241        1242        1243        1244
                1245        1246        1247        1248        1249        1250
                1251        1252        1253        1254        1255        1256
                1257        1258        1259        1260        1261        1262
                1263        1264        1265        1266        1267        1268
                1269        1270        1271        1272        1273        1274
                1275        1276        1277        1278        1279        1280
                1281        1282        1283        1284        1285        1286
                1287        1288        1289        1290        1291        1292
                1293        1294        1295        1296        1297        1298
                1299        1300        1301        1302        1303        1304
                1305        1306        1307        1308        1309        1310
                1311        1312        1313        1314        1315        1316
                1317        1318        1319        1320        1321        1322
                1323        1324        1325        1326        1327        1328
                1329        1330        1331        1332        1333        1334
                1335        1336        1337        1338        1339        1340
                1341        1342        1343        1344        1345        1346
                1347        1348        1349        1350        1351        1352
                1353        1354        1355        1356        1357        1358
                1359        1360        1361        1362        1363        1364
                1365        1366        1367        1368        1369        1370
                1371        1372        1373        1374        1375        1376
                1377        1378        1379        1380        1381        1382
                1383        1384        1385        1386        1387        1388
                1389        1390        1391        1392        1393        1394
                1395        1396        1397        1398        1399        1400
                1401        1402        1403        1404        1405        1406
                1407        1408        1409        1410        1411        1412
                1413        1414        1415        1416        1417        1418
                1419        1420        1421        1422        1423        1424
                1425        1426        1427
COMM PE            6
RECV PE           12          11
                   4           5          12          22          36          37
                  56          57          81         108         109
RECV PE           14          20
                 121         150         177         207         238         239
                 273         308         349         393         438         484
                 535         587         645         711         781         847
                 921         988
RECV PE           15           4
                  41          44          66          96
RECV PE           16           2
                 123         124
RECV PE           17          30
                  76          77          91          92          94         104
                 122         129         130         131         154         182
                 212         244         279         316         317         358
                 359         361         407         607         608         668
                 734         798         800         871         941        1010
RECV PE           19           7
                   1           2           3           6           7          15
                  25
SEND PE           12          12
                  10          11          13          23          38          39
                  58          59          82          83         110         136
SEND PE           14          21
                 136         159         189         219         252         272
                 307         309         350         394         440         485
                 536         588         646         712         782         848
                 922         989         990
SEND PE           15           4
                  27          45          67          95
SEND PE           16           2
                  95          97
SEND PE           17          29
                  52          64          65          75          93          97
                 102         103         128         153         181         211
                 243         278         315         357         360         402
                 403         406         453         553         606         669
                 735         799         864         939        1009
SEND PE           19           7
                   8           9          10          14          16          27
                  28
