FileFmt      1050624           0           0
NELG           58369        2590        2566
       -6661
       -6735
       -6746
       -6789
       -6799
       -6807
        6817
        6819
       -6837
       -6839
        6843
        6846
        6847
        6868
        6875
        6883
        6884
       -6897
       -6898
        6899
        6912
        6918
        6928
        6930
        6934
       -6935
        6938
        6943
        6947
        6951
        6954
        6967
        6970
       -6974
        6975
        6976
        6980
        6986
        6992
        6999
        7005
        7006
        7010
        7011
        7013
        7021
       -7022
        7025
        7026
        7033
        7041
        7046
        7047
        7049
        7050
        7051
        7053
        7057
        7058
        7063
        7065
        7067
        7069
       -7071
        7078
        7080
        7083
        7085
        7092
        7093
        7094
        7105
        7107
       -7109
        7111
        7113
        7115
        7117
        7118
        7119
        7122
        7126
        7131
       -7133
        7139
        7142
        7145
       -7147
        7148
        7151
        7153
        7154
        7158
        7159
        7161
        7168
        7171
        7172
        7173
        7174
        7175
        7181
        7182
        7185
        7186
        7189
        7192
       -7199
        7200
        7202
        7209
        7217
        7220
        7223
        7224
       -7227
        7228
        7229
        7230
        7231
        7232
        7239
        7251
        7252
        7256
        7257
        7261
       -7262
        7264
        7268
        7270
        7272
        7275
        7276
        7278
        7280
        7281
        7283
        7290
        7294
        7295
        7296
        7301
        7305
        7306
       -7311
        7312
        7316
        7320
        7321
        7325
        7329
        7330
        7332
        7333
        7343
        7344
        7345
        7346
        7347
        7348
        7349
        7357
        7359
        7362
        7363
        7372
        7376
        7378
        7380
        7381
        7382
       -7385
        7386
        7389
        7390
        7393
        7394
        7398
        7402
        7405
        7406
        7408
        7412
        7414
        7420
        7423
        7426
        7428
        7431
        7442
        7445
        7447
        7450
        7451
        7457
        7462
        7465
        7468
        7469
        7473
        7474
        7475
        7476
        7477
        7484
       -7487
        7491
        7492
        7496
        7500
        7502
        7505
        7507
        7512
        7515
        7523
        7526
        7528
        7534
        7536
        7538
        7539
        7543
        7546
        7550
        7551
        7554
        7560
        7561
        7562
        7566
        7571
        7573
        7575
       -7580
        7584
        7585
        7586
        7593
        7594
        7595
        7602
        7603
        7607
        7610
        7612
        7615
        7616
        7619
        7630
        7631
        7632
        7635
        7639
        7642
        7646
        7647
        7653
        7654
        7656
        7658
        7660
        7662
        7663
        7665
        7669
        7672
        7674
       -7676
        7681
        7682
        7685
        7687
        7688
        7690
        7696
        7697
        7699
        7700
        7701
        7702
        7704
        7706
        7710
        7714
        7716
        7723
        7725
        7728
        7729
        7730
        7731
        7732
        7733
        7739
        7744
        7747
        7756
        7757
        7758
        7760
        7761
        7763
        7764
        7765
        7770
        7771
        7773
        7774
        7775
        7782
       -7786
        7787
        7789
        7790
        7792
        7794
        7795
        7796
        7798
        7804
        7805
        7806
        7807
        7808
        7809
        7812
        7813
        7818
        7825
        7828
        7830
       -7832
        7833
        7834
        7838
        7841
        7843
        7846
        7847
        7849
        7854
        7855
        7859
        7860
        7861
        7863
        7865
        7870
        7872
        7875
        7876
        7878
        7883
        7885
        7887
        7888
        7889
        7890
        7893
        7894
        7897
        7898
        7900
        7902
        7903
        7906
        7911
        7916
        7917
        7918
        7923
        7930
       -7932
        7934
        7935
        7939
        7940
        7942
        7945
        7946
        7952
        7955
        7956
        7957
        7958
        7959
        7960
        7964
        7965
        7969
        7970
        7972
        7982
        7983
        7987
        7992
        7994
        7995
        7998
        7999
        8001
        8003
        8006
        8009
        8010
        8011
        8012
        8013
        8017
        8023
        8027
        8033
        8035
        8036
        8040
        8043
        8044
        8053
        8056
        8062
        8063
        8064
        8065
        8066
        8070
        8072
        8073
        8078
       -8080
        8082
        8085
        8089
        8092
        8093
        8095
        8100
        8105
        8106
        8107
        8110
        8112
        8119
        8120
        8123
        8124
        8126
        8129
        8135
        8138
        8142
        8143
        8146
        8147
        8148
        8156
        8158
        8160
        8165
        8168
        8174
        8176
        8177
        8181
        8182
        8184
        8188
        8189
        8193
        8194
        8196
        8197
       -8198
        8199
        8200
        8206
        8208
        8210
        8211
        8214
        8219
        8220
        8221
        8222
        8224
        8226
        8234
        8235
        8239
        8243
        8246
        8250
        8251
        8253
        8254
        8255
        8262
        8264
        8266
        8267
        8271
        8274
        8278
        8279
        8280
        8289
        8291
        8295
        8296
        8303
        8305
        8308
        8309
        8313
        8314
        8319
        8323
        8324
        8328
        8330
        8332
        8337
        8338
        8342
        8345
        8348
        8349
        8350
        8354
        8370
        8374
        8378
        8379
        8380
        8383
        8384
        8387
        8394
        8398
        8400
        8402
        8412
        8420
        8421
       -8423
        8424
        8425
        8431
        8436
        8442
        8443
        8446
        8452
        8453
        8455
        8457
        8459
        8461
        8462
        8465
        8476
        8488
        8496
        8499
        8507
        8508
        8510
        8520
        8523
        8528
        8536
        8541
        8550
        8555
        8567
        8571
        8576
        8578
        8583
        8592
        8594
        8605
        8609
        8610
        8613
        8617
        8620
        8624
        8625
        8632
        8639
        8640
        8661
        8664
        8672
        8676
        8678
        8685
        8691
        8692
        8695
        8698
        8705
        8706
        8708
        8721
        8728
        8735
        8736
        8738
        8752
        8753
        8756
        8757
       -8768
        8772
        8780
        8781
        8785
        8801
        8811
        8818
        8821
        8822
        8826
        8832
        8852
        8853
        8862
        8863
        8869
        8870
        8872
        8884
        8904
        8906
        8912
        8916
        8917
        8918
        8932
        8937
        8948
        8953
        8964
        8965
        8966
        8973
        8984
        8991
        8995
        8998
        9000
        9004
        9005
        9016
        9018
        9030
        9032
       -9037
        9043
        9044
        9051
        9052
        9059
        9062
        9072
        9087
        9092
        9093
        9094
        9101
        9107
        9119
        9123
        9126
        9128
        9130
        9132
        9134
        9135
        9140
        9145
        9148
        9149
        9168
        9169
        9183
        9187
        9198
        9207
        9211
        9217
        9222
        9223
        9233
        9236
        9254
        9259
        9261
        9280
        9281
        9288
        9291
        9292
        9303
        9305
        9307
        9308
       -9317
        9320
        9323
        9324
        9333
        9336
        9346
        9349
        9356
        9359
        9372
        9373
        9374
        9377
        9387
        9389
       -9390
        9391
        9392
        9394
        9399
        9400
        9403
        9414
        9415
        9418
        9419
        9427
        9442
        9446
        9447
        9453
        9456
        9460
        9461
        9462
        9469
        9470
        9473
        9474
        9478
        9479
        9480
        9495
        9501
        9502
        9506
        9507
        9508
        9509
        9510
        9513
        9515
        9517
        9518
        9522
        9525
        9531
       -9536
        9542
        9547
        9553
        9555
        9556
        9560
        9563
        9567
        9568
        9571
        9572
        9573
        9578
        9581
        9583
        9589
        9590
        9595
        9596
        9598
        9600
        9601
        9605
        9607
        9609
       -9610
        9611
        9612
        9613
        9617
        9621
        9623
        9630
        9637
        9641
        9643
        9644
        9645
        9652
        9657
        9658
        9660
        9662
        9663
        9665
        9666
        9669
        9672
        9681
        9682
        9684
        9693
        9694
        9695
        9697
        9699
        9701
        9702
        9705
        9709
        9712
        9714
        9717
       -9722
        9724
        9727
        9735
        9738
        9739
        9740
        9741
        9742
        9743
        9745
        9748
        9750
        9752
       -9757
        9758
        9760
        9762
        9765
        9766
        9769
        9775
        9776
        9780
        9781
        9782
        9786
        9790
        9794
        9797
        9802
        9806
        9810
        9811
        9812
        9815
        9817
        9818
        9821
        9822
        9824
        9827
        9830
        9833
        9834
        9837
        9845
        9847
        9849
        9850
        9851
        9854
        9855
        9859
        9860
        9866
        9867
        9872
        9873
        9876
        9886
        9888
       -9890
        9891
        9892
        9893
        9894
        9895
        9897
        9898
        9901
        9904
        9909
        9911
        9914
        9917
        9918
        9919
        9922
        9925
        9926
        9927
        9928
        9929
        9932
        9934
        9935
        9936
        9942
        9944
        9952
        9954
        9956
        9957
        9959
        9962
        9967
        9968
        9970
       -9973
        9977
        9979
        9981
        9982
        9985
        9987
        9988
        9989
        9993
        9997
        9998
        9999
       10002
       10003
       10005
       10007
       10010
       10011
       10014
       10015
       10017
       10022
       10023
       10025
       10026
       10028
       10029
       10030
       10034
       10035
       10037
       10039
       10043
       10046
       10048
       10050
       10051
       10056
       10063
       10064
       10067
       10068
       10069
       10074
       10077
       10078
       10079
       10081
       10082
       10085
       10091
       10094
      -10095
       10096
       10097
       10098
       10104
       10105
       10106
       10107
       10108
       10112
       10113
       10115
       10116
       10117
       10123
       10125
       10129
       10130
       10131
       10133
       10134
       10147
       10148
       10149
       10150
       10151
       10153
       10154
       10156
       10157
       10158
       10159
       10161
       10162
       10163
       10164
       10167
       10170
       10175
       10177
       10178
       10179
       10180
       10181
       10182
       10183
       10185
       10186
       10187
      -10189
       10192
       10197
       10198
       10199
       10202
       10207
       10208
       10210
       10212
       10213
       10215
       10216
       10222
       10223
       10225
       10226
       10231
       10233
       10234
       10235
       10236
       10240
       10242
       10245
       10251
       10252
       10256
       10257
       10258
       10259
       10260
       10263
       10264
       10265
       10266
       10269
       10270
      -10271
       10276
       10277
       10278
       10280
       10284
       10285
       10288
       10290
       10291
       10297
       10298
       10301
       10306
       10308
       10310
       10311
       10312
       10313
       10314
       10317
       10318
       10319
       10320
       10325
       10326
       10327
       10328
       10330
       10335
       10336
       10337
       10338
       10342
       10345
       10348
       10350
       10351
       10355
      -10356
       10358
       10362
       10364
       10367
       10368
       10369
       10370
       10372
       10373
       10374
       10375
       10378
       10379
       10380
       10382
       10388
       10390
       10391
       10392
       10393
       10395
       10399
       10400
       10402
       10408
       10409
       10410
       10411
       10412
       10415
       10418
       10419
       10420
      -10421
       10422
       10423
       10424
       10425
       10426
       10429
       10434
       10435
       10438
       10440
       10442
       10443
       10446
       10447
       10448
       10451
       10452
       10453
       10454
       10459
       10461
       10462
       10464
       10465
       10466
       10471
       10472
       10473
       10475
       10477
       10478
       10479
       10489
       10490
       10492
       10497
       10498
       10506
       10507
       10508
      -10510
       10511
       10512
       10515
       10520
       10521
       10523
       10525
       10526
       10527
       10529
       10530
       10531
       10533
       10539
       10541
       10542
       10547
       10553
       10554
       10555
       10558
       10563
       10564
       10565
       10566
       10567
       10571
       10573
       10574
      -10575
       10576
       10577
       10579
       10581
       10582
       10584
       10586
       10587
       10588
       10595
       10596
       10597
       10600
       10603
       10605
       10607
       10617
       10620
       10623
       10625
       10626
       10628
       10629
       10630
       10633
       10634
       10635
       10637
       10640
       10643
       10645
       10647
       10648
       10649
       10650
       10652
       10656
       10668
       10669
       10670
       10672
       10673
      -10674
       10678
       10680
       10690
       10691
       10693
       10695
       10696
       10697
       10699
       10701
       10702
       10704
       10706
       10708
       10709
       10712
       10713
       10714
       10715
       10716
       10717
       10725
       10727
       10728
       10731
       10733
       10734
       10737
       10739
       10741
       10742
       10743
       10744
       10746
       10748
       10754
       10755
       10756
       10760
       10761
       10762
       10764
       10765
       10768
       10772
       10780
       10782
       10785
       10787
       10789
       10791
       10792
       10793
       10802
       10803
       10804
       10808
       10810
       10812
       10813
       10815
       10817
       10819
       10820
       10821
       10824
       10825
       10829
       10836
       10840
       10842
       10844
       10845
       10848
       10849
       10850
       10852
       10855
       10856
       10861
       10862
       10864
       10866
       10869
       10870
       10871
       10872
       10878
       10880
       10881
       10885
       10887
       10891
      -10893
       10894
       10901
       10904
       10905
       10907
       10911
       10912
       10914
       10915
       10916
       10920
       10922
       10923
       10924
       10925
       10926
       10928
       10932
       10934
       10938
       10939
       10941
       10942
       10945
       10946
       10947
       10948
       10951
       10956
       10958
       10961
       10964
       10965
       10974
       10975
       10977
       10979
       10981
       10983
       10984
       10985
       10990
       10991
       10992
       10994
       10997
       11000
       11002
       11004
       11009
       11010
       11013
       11018
       11019
       11025
       11027
       11035
       11037
       11042
       11045
       11046
       11047
       11048
       11051
       11053
       11055
       11056
       11057
       11061
       11062
       11063
       11064
       11065
       11066
       11067
       11068
       11070
       11071
       11074
       11077
       11078
       11079
       11090
       11092
       11093
       11098
       11100
       11101
       11102
       11103
       11104
       11111
       11117
       11120
       11124
       11125
       11127
       11129
       11130
       11131
       11134
       11138
       11139
       11146
       11147
       11148
       11149
       11151
       11154
       11156
       11158
       11162
       11164
      -11165
       11166
       11167
       11171
       11173
       11182
       11185
       11187
       11189
       11190
       11192
       11193
       11196
       11198
       11199
       11201
       11206
      -11211
       11212
       11213
       11218
       11219
       11223
       11224
       11227
       11228
       11230
       11233
       11234
       11235
       11247
       11248
       11250
       11251
       11252
       11254
       11262
       11263
       11267
       11268
       11274
       11276
       11282
       11286
       11287
       11294
       11297
       11302
       11305
       11310
       11312
       11315
       11317
       11318
       11319
       11320
       11321
       11324
       11327
       11328
       11332
       11335
       11336
       11342
       11343
       11344
       11347
       11348
       11353
       11357
       11359
       11361
       11362
      -11370
       11375
       11376
       11378
       11382
       11387
       11396
       11399
       11400
       11401
       11402
       11403
       11405
       11406
       11409
       11410
       11411
       11412
       11415
       11426
       11430
       11432
       11437
       11441
       11442
       11448
       11449
       11450
       11456
       11458
       11460
       11462
       11469
       11470
       11471
       11475
       11476
       11479
       11483
       11484
       11485
       11487
       11489
       11490
       11494
       11495
       11497
       11498
       11501
      -11503
       11504
       11512
       11514
       11515
       11518
       11524
       11528
       11530
       11533
       11542
       11550
       11561
       11562
       11563
       11567
       11572
       11580
       11581
      -11583
       11588
       11591
       11593
       11595
       11596
       11597
       11600
       11602
       11605
       11610
       11612
       11614
       11622
       11623
       11624
       11626
       11631
       11632
       11633
       11638
       11640
       11641
       11642
       11643
       11648
       11653
       11655
       11658
       11667
       11668
       11670
       11672
       11674
       11675
       11676
       11684
       11685
      -11693
       11700
       11701
       11702
       11703
       11705
       11707
       11714
       11717
       11719
       11720
       11723
       11724
       11725
       11728
       11746
       11749
       11756
       11758
       11767
       11768
       11769
       11770
      -11772
       11774
       11775
       11779
       11781
       11783
       11786
       11790
       11793
       11794
       11796
       11798
       11799
       11804
       11806
       11807
       11809
       11817
       11821
       11822
       11824
       11827
       11828
       11830
       11842
       11844
       11848
       11852
       11853
       11857
       11858
       11859
       11860
       11861
       11863
       11879
       11892
       11893
       11894
       11904
       11905
       11906
       11911
       11913
       11919
       11921
       11922
       11924
       11929
       11930
       11931
       11933
       11934
       11935
       11937
       11938
       11949
       11950
       11951
       11953
       11957
       11962
       11965
       11968
       11970
       11971
       11978
       11979
       11981
       11986
       11989
       11992
       11998
       12000
       12006
       12007
       12012
       12013
       12022
       12024
       12025
       12028
       12031
       12032
       12034
       12051
       12052
       12057
       12062
       12064
       12071
       12072
       12074
       12078
       12079
       12081
       12082
       12083
       12084
       12085
       12087
       12091
       12094
       12095
       12097
       12101
       12105
       12110
       12112
       12113
       12117
       12131
       12136
       12140
       12143
       12152
       12153
       12157
       12162
       12163
       12167
       12175
       12176
       12179
       12180
       12181
       12186
       12189
       12197
       12199
       12200
       12202
       12205
       12211
       12218
       12219
       12221
       12222
       12223
       12229
       12231
       12237
       12243
       12249
       12251
       12253
       12265
       12267
       12271
       12276
       12279
       12286
       12289
       12292
       12293
       12296
       12304
       12307
       12310
       12315
       12321
       12331
       12335
       12340
       12341
       12345
       12347
       12350
       12365
       12367
       12370
       12371
       12372
       12378
       12385
       12386
       12388
       12391
       12398
       12400
       12410
       12411
       12413
       12414
       12419
       12421
       12425
       12426
       12429
       12440
       12447
       12449
       12451
       12452
       12455
       12456
       12460
       12467
       12469
       12470
       12471
       12474
       12480
       12481
       12482
       12484
       12486
       12503
       12506
       12507
       12508
       12512
       12517
       12533
       12534
       12538
       12540
       12545
       12548
       12550
       12558
       12560
       12569
       12570
       12575
       12581
       12586
       12588
       12593
       12599
       12607
       12610
       12611
       12612
       12613
       12614
       12616
       12618
       12629
       12630
       12631
       12637
       12639
       12640
       12641
       12642
       12646
       12647
       12648
       12649
       12656
       12659
       12660
       12665
       12667
       12669
       12677
       12678
       12691
       12693
       12695
       12699
       12700
       12703
       12706
       12712
       12715
       12717
       12718
       12719
       12722
       12723
       12724
       12726
       12728
       12732
       12733
       12734
       12735
       12741
       12746
       12748
       12751
       12754
       12757
       12763
       12766
       12771
       12774
       12776
       12777
       12784
       12786
       12788
       12792
       12794
       12801
       12806
       12807
       12811
       12815
       12816
       12817
       12819
       12820
       12824
       12826
       12828
       12830
       12834
       12839
       12849
       12854
       12856
       12861
       12865
       12866
       12867
       12868
       12869
       12870
       12872
       12873
       12877
       12886
       12887
       12888
       12890
       12891
       12893
       12895
       12898
       12903
       12905
       12906
       12907
       12908
       12913
       12915
       12916
       12917
       12927
       12932
       12937
       12938
       12939
       12940
       12941
       12950
       12956
       12960
       12963
       12966
       12968
       12970
       12971
       12977
       12978
       12983
       12984
       12987
       12989
       12990
       12993
       12996
       12997
       12998
       12999
       13000
       13004
       13005
       13011
       13012
       13018
       13030
       13036
       13037
       13039
       13041
       13042
       13043
       13046
       13047
       13049
       13055
       13059
       13061
       13065
       13067
       13068
       13071
       13072
       13073
       13075
       13078
       13080
       13081
       13083
       13084
       13086
       13088
       13090
       13095
       13096
       13097
       13104
       13109
       13111
       13114
       13119
       13122
       13123
       13125
       13127
       13128
       13130
       13132
       13133
       13135
       13141
       13143
       13146
       13157
       13161
       13163
       13164
       13168
       13169
       13170
       13172
       13173
       13187
       13189
       13191
       13192
       13193
       13194
       13197
       13198
       13200
       13201
      -13202
       13206
       13209
       13210
       13213
       13214
       13219
       13221
       13222
       13223
       13224
       13225
       13233
       13234
       13235
       13244
       13245
       13252
       13256
       13257
       13260
       13266
       13270
       13274
       13277
       13280
       13281
       13282
       13283
       13286
       13294
       13296
       13298
       13299
       13307
       13315
       13317
       13326
       13327
       13328
       13329
       13333
       13334
       13335
       13343
       13346
       13355
       13360
       13367
       13369
       13372
       13373
      -13375
       13378
       13379
       13385
       13387
       13395
       13396
       13397
       13401
       13409
       13413
       13427
       13432
       13444
       13445
       13449
       13456
       13460
       13465
       13467
       13472
       13474
       13480
       13482
       13489
       13493
       13499
       13503
       13507
       13509
       13511
       13513
       13514
       13515
       13518
       13519
       13522
       13526
       13533
       13535
      -13553
       13554
       13556
       13557
       13564
       13568
       13574
       13577
       13578
       13587
       13588
       13596
       13599
       13602
       13604
       13609
       13611
       13612
       13621
       13622
       13626
       13627
       13638
       13650
       13654
       13668
       13670
       13674
       13683
       13692
      -13694
       13697
       13702
       13710
       13714
       13719
       13724
       13741
       13742
       13747
       13757
       13761
       13762
       13769
       13773
       13774
       13776
       13777
       13783
       13803
       13809
       13825
       13827
       13830
       13831
       13839
       13845
       13847
       13850
       13854
      -13858
       13862
       13866
       13868
       13869
       13878
       13879
       13888
       13898
       13901
       13918
       13930
       13931
       13941
       13943
       13946
       13958
       13962
       13968
       13974
       13988
       13996
       14001
       14002
       14007
       14012
       14022
       14023
       14032
      -14040
       14042
       14046
       14049
       14054
       14064
       14073
       14081
       14084
       14093
       14097
       14109
       14124
       14127
       14137
       14156
       14163
       14170
       14172
       14189
       14191
       14199
       14207
      -14209
       14210
       14220
       14221
       14233
       14244
       14246
       14249
       14261
       14263
       14267
       14272
       14282
       14284
       14292
       14313
       14328
       14335
       14337
       14368
       14373
      -14374
       14377
       14383
       14386
       14397
       14399
       14402
       14414
       14416
       14431
       14448
       14455
       14462
       14471
       14482
       14483
       14484
       14491
       14497
       14514
       14516
       14527
      -14531
       14536
       14563
       14575
       14589
       14602
       14612
       14642
       14657
       14662
      -14666
       14669
       14679
       14687
       14692
       14700
       14703
       14714
       14732
       14740
       14744
       14747
       14753
       14758
       14762
       14778
       14785
       14791
       14797
       14802
       14815
       14822
       14852
       14858
       14866
       14872
       14878
       14895
      -14901
       14904
       14914
       14930
       14940
       14954
       14979
       14994
       14998
       15008
       15009
       15011
       15019
       15029
       15040
       15062
       15084
       15096
       15098
       15111
       15135
       15137
       15150
       15164
       15166
       15167
       15192
       15197
       15200
       15223
       15229
       15238
       15275
       15283
       15312
       15318
       15324
      -15330
       15343
       15348
       15358
       15360
       15361
       15365
       15373
       15378
       15431
       15438
       15487
       15516
       15542
       15545
       15556
       15562
       15570
      -15594
       15606
       15621
       15624
       15625
       15637
       15664
       15679
       15717
       15726
      -15733
       15745
       15748
       15768
       15810
       15858
       15870
       15874
       15883
       15892
       15911
       15915
       15918
       16057
       16064
       16071
       16072
       16086
      -16123
       16131
       16136
       16251
       16277
       16280
       16302
       16309
       16315
       16353
       16421
       16529
       16532
       16617
       16632
       16648
       16689
       16768
      -16774
       16845
       16876
       16887
       16894
       16901
       16923
       16938
       16982
       17029
       17079
       17120
      -17142
       17164
       17203
       17248
       17307
      -17377
       17390
       17412
       17489
       17649
       17695
       17722
       17759
       17865
       17909
       18033
      -18051
      -18055
       18114
       18154
       18178
       18274
       18295
      -18425
       18463
       18501
       18564
       18645
       18667
       18739
       18786
       18836
       18924
      -18934
       19060
       19199
       19394
      -19407
       19490
       19577
       19713
       19832
      -20085
       20232
       20282
      -20551
      -20591
       20813
       20905
       21034
      -21148
      -21151
      -21317
      -21380
      -21616
      -21706
      -21824
      -22316
      -22363
NNODG          31435        1437        1366
      -17268
      -17269
      -17270
      -17474
      -17475
      -17476
      -17477
       17478
       17479
      -17480
      -17685
       17686
       17687
       17688
       17689
       17690
       17691
       17692
       17693
       17694
      -17695
      -17886
      -17887
      -17888
      -17889
      -17890
       17891
       17892
       17893
       17894
       17895
       17896
       17897
       17898
       17899
       17900
       17901
       17902
      -17903
      -18089
       18090
       18091
       18092
       18093
       18094
       18095
       18096
       18097
       18098
       18099
       18100
       18101
       18102
       18103
       18104
       18105
       18106
       18107
       18108
       18109
       18110
       18111
       18112
      -18317
       18318
       18319
       18320
       18321
       18322
       18323
       18324
       18325
       18326
       18327
       18328
       18329
       18330
       18331
       18332
       18333
       18334
       18335
       18336
       18337
       18338
       18339
       18340
       18341
      -18558
       18559
       18560
       18561
       18562
       18563
       18564
       18565
       18566
       18567
       18568
       18569
       18570
       18571
       18572
       18573
       18574
       18575
       18576
       18577
       18578
       18579
       18580
       18581
       18582
       18583
       18584
       18585
       18586
       18587
      -18636
      -18637
      -18638
      -18639
      -18640
      -18641
      -18828
       18829
       18830
       18831
       18832
       18833
       18834
       18835
       18836
       18837
       18838
       18839
       18840
       18841
       18842
       18843
       18844
       18845
       18846
       18847
       18848
       18849
       18850
       18851
       18852
       18853
       18854
       18855
       18856
       18857
       18858
       18859
       18860
       18861
       18862
       18863
       18864
       18865
       18866
       18867
       18868
      -18923
       18924
       18925
       18926
       18927
       18928
       18929
      -18930
      -18931
      -18932
      -19136
       19137
       19138
       19139
       19140
       19141
       19142
       19143
       19144
       19145
       19146
       19147
       19148
       19149
       19150
       19151
       19152
       19153
       19154
       19155
       19156
       19157
       19158
       19159
       19160
       19161
       19162
       19163
       19164
       19165
       19166
       19167
       19168
       19169
       19170
       19171
       19172
       19173
       19174
       19175
       19176
       19177
       19178
       19179
       19180
       19181
      -19239
       19240
       19241
       19242
       19243
       19244
       19245
       19246
       19247
       19248
       19249
      -19250
      -19468
       19469
       19470
       19471
       19472
       19473
       19474
       19475
       19476
       19477
       19478
       19479
       19480
       19481
       19482
       19483
       19484
       19485
       19486
       19487
       19488
       19489
       19490
       19491
       19492
       19493
       19494
       19495
       19496
       19497
       19498
       19499
       19500
       19501
       19502
       19503
       19504
       19505
       19506
       19507
       19508
       19509
       19510
       19511
       19512
       19513
       19514
       19515
       19516
       19517
       19518
       19519
      -19580
       19581
       19582
       19583
       19584
       19585
       19586
       19587
       19588
       19589
       19590
       19591
       19592
       19593
       19594
      -19595
      -19840
      -19841
       19842
       19843
       19844
       19845
       19846
       19847
       19848
       19849
       19850
       19851
       19852
       19853
       19854
       19855
       19856
       19857
       19858
       19859
       19860
       19861
       19862
       19863
       19864
       19865
       19866
       19867
       19868
       19869
       19870
       19871
       19872
       19873
       19874
       19875
       19876
       19877
       19878
       19879
       19880
       19881
       19882
       19883
       19884
       19885
       19886
       19887
       19888
       19889
       19890
       19891
       19892
       19893
       19894
       19895
       19896
       19897
      -19949
       19950
       19951
       19952
       19953
       19954
       19955
       19956
       19957
       19958
       19959
       19960
       19961
       19962
       19963
       19964
       19965
      -20226
       20227
       20228
       20229
       20230
       20231
       20232
       20233
       20234
       20235
       20236
       20237
       20238
       20239
       20240
       20241
       20242
       20243
       20244
       20245
       20246
       20247
       20248
       20249
       20250
       20251
       20252
       20253
       20254
       20255
       20256
       20257
       20258
       20259
       20260
       20261
       20262
       20263
       20264
       20265
       20266
       20267
       20268
       20269
       20270
       20271
       20272
       20273
       20274
       20275
       20276
       20277
       20278
       20279
       20280
       20281
       20282
       20283
       20284
       20285
       20286
       20287
       20288
       20289
       20290
       20291
       20292
      -20333
       20334
       20335
       20336
       20337
       20338
       20339
       20340
       20341
       20342
       20343
       20344
       20345
       20346
       20347
       20348
       20349
       20350
       20351
       20352
      -20629
       20630
       20631
       20632
       20633
       20634
       20635
       20636
       20637
       20638
       20639
       20640
       20641
       20642
       20643
       20644
       20645
       20646
       20647
       20648
       20649
       20650
       20651
       20652
       20653
       20654
       20655
       20656
       20657
       20658
       20659
       20660
       20661
       20662
       20663
       20664
       20665
       20666
       20667
       20668
       20669
       20670
       20671
       20672
       20673
       20674
       20675
       20676
       20677
       20678
       20679
       20680
       20681
       20682
       20683
       20684
       20685
       20686
       20687
       20688
       20689
       20690
       20691
       20692
       20693
       20694
       20695
       20696
       20697
       20698
       20699
       20700
       20701
       20702
       20703
       20704
       20705
       20706
       20707
       20708
       20709
       20710
      -20740
       20741
       20742
       20743
       20744
       20745
       20746
       20747
       20748
       20749
       20750
       20751
       20752
       20753
       20754
       20755
       20756
       20757
       20758
       20759
       20760
       20761
       20762
      -21027
       21028
       21029
       21030
       21031
       21032
       21033
       21034
       21035
       21036
       21037
       21038
       21039
       21040
       21041
       21042
       21043
       21044
       21045
       21046
       21047
       21048
       21049
       21050
       21051
       21052
       21053
       21054
       21055
       21056
       21057
       21058
       21059
       21060
       21061
       21062
       21063
       21064
       21065
       21066
       21067
       21068
       21069
       21070
       21071
       21072
       21073
       21074
       21075
       21076
       21077
       21078
       21079
       21080
       21081
       21082
       21083
       21084
       21085
       21086
       21087
       21088
       21089
       21090
       21091
       21092
       21093
       21094
       21095
       21096
       21097
       21098
       21099
       21100
       21101
       21102
       21103
       21104
       21105
       21106
       21107
       21108
       21109
       21110
       21111
      -21133
       21134
       21135
       21136
       21137
       21138
       21139
       21140
       21141
       21142
       21143
       21144
       21145
       21146
       21147
       21148
       21149
       21150
       21151
       21152
       21153
       21154
       21155
       21156
       21157
       21158
      -21434
       21435
       21436
       21437
       21438
       21439
       21440
       21441
       21442
       21443
       21444
       21445
       21446
       21447
       21448
       21449
       21450
       21451
       21452
       21453
       21454
       21455
       21456
       21457
       21458
       21459
       21460
       21461
       21462
       21463
       21464
       21465
       21466
       21467
       21468
       21469
       21470
       21471
       21472
       21473
       21474
       21475
       21476
       21477
       21478
       21479
       21480
       21481
       21482
       21483
       21484
       21485
       21486
       21487
       21488
       21489
       21490
       21491
       21492
       21493
       21494
       21495
       21496
       21497
       21498
       21499
       21500
       21501
       21502
       21503
       21504
       21505
       21506
       21507
       21508
       21509
       21510
       21511
       21512
       21513
       21514
       21515
       21516
       21517
       21518
      -21534
       21535
       21536
       21537
       21538
       21539
       21540
       21541
       21542
       21543
       21544
       21545
       21546
       21547
       21548
       21549
       21550
       21551
       21552
       21553
       21554
       21555
       21556
       21557
       21558
       21559
       21560
      -21854
       21855
       21856
       21857
       21858
       21859
       21860
       21861
       21862
       21863
       21864
       21865
       21866
       21867
       21868
       21869
       21870
       21871
       21872
       21873
       21874
       21875
       21876
       21877
       21878
       21879
       21880
       21881
       21882
       21883
       21884
       21885
       21886
       21887
       21888
       21889
       21890
       21891
       21892
       21893
       21894
       21895
       21896
       21897
       21898
       21899
       21900
       21901
       21902
       21903
       21904
       21905
       21906
       21907
       21908
       21909
       21910
       21911
       21912
       21913
       21914
       21915
       21916
       21917
       21918
       21919
       21920
       21921
       21922
       21923
       21924
       21925
       21926
       21927
       21928
       21929
       21930
       21931
       21932
       21933
       21934
       21935
       21947
       21948
       21949
       21950
       21951
       21952
       21953
       21954
       21955
       21956
       21957
       21958
       21959
       21960
       21961
       21962
       21963
       21964
       21965
       21966
       21967
       21968
       21969
       21970
       21971
       22276
       22277
       22278
       22279
       22280
       22281
       22282
       22283
       22284
       22285
       22286
       22287
       22288
       22289
       22290
       22291
       22292
       22293
       22294
       22295
       22296
       22297
       22298
       22299
       22300
       22301
       22302
       22303
       22304
       22305
       22306
       22307
       22308
       22309
       22310
       22311
       22312
       22313
       22314
       22315
       22316
       22317
       22318
       22319
       22320
       22321
       22322
       22323
       22324
       22325
       22326
       22327
       22328
       22329
       22330
       22331
       22332
       22333
       22334
       22335
       22336
       22337
       22338
       22339
       22340
       22341
       22342
       22343
       22344
       22353
       22354
       22355
       22356
       22357
       22358
       22359
       22360
       22361
       22362
       22363
       22364
       22365
       22366
       22367
       22368
       22369
       22370
       22371
       22686
       22687
       22688
       22689
       22690
       22691
       22692
       22693
       22694
       22695
       22696
       22697
       22698
       22699
       22700
       22701
       22702
       22703
       22704
       22705
       22706
       22707
       22708
       22709
       22710
       22711
       22712
       22713
       22714
       22715
       22716
       22717
       22718
       22719
       22720
       22721
       22722
       22723
       22724
       22725
       22726
       22727
       22728
       22729
       22730
       22731
       22732
       22733
       22734
       22735
       22736
       22737
       22738
       22739
       22740
       22741
       22742
       22743
       22744
       22745
       22746
       22747
       22748
       22749
       22750
       22751
       22752
       22753
       22756
       22757
       22758
       22759
       22760
       22761
       22762
       22763
       22764
       22765
       22766
       22767
       22768
       22769
       22770
       22771
       22772
       22773
       22774
       22775
       23101
       23102
       23103
       23104
       23105
       23106
       23107
       23108
       23109
       23110
       23111
       23112
       23113
       23114
       23115
       23116
       23117
       23118
       23119
       23120
       23121
       23122
       23123
       23124
       23125
       23126
       23127
       23128
       23129
       23130
       23131
       23132
       23133
       23134
       23135
       23136
       23137
       23138
       23139
       23140
       23141
       23142
       23143
       23144
       23145
       23146
       23147
       23148
       23149
       23150
       23151
       23152
       23153
       23154
       23155
       23156
       23157
       23158
       23159
       23160
       23161
       23162
       23163
       23164
       23165
       23166
       23167
       23168
       23169
       23170
       23171
       23172
       23173
       23174
       23175
       23176
       23177
       23178
       23179
       23180
       23181
       23182
       23183
       23184
       23185
       23186
       23187
       23531
       23532
       23533
       23534
       23535
       23536
       23537
       23538
       23539
       23540
       23541
       23542
       23543
       23544
       23545
       23546
       23547
       23548
       23549
       23550
       23551
       23552
       23553
       23554
       23555
       23556
       23557
       23558
       23559
       23560
       23561
       23562
       23563
       23564
       23565
       23566
       23567
       23568
       23569
       23570
       23571
       23572
       23573
       23574
       23575
       23576
       23577
       23578
       23579
       23580
       23581
       23582
       23583
       23584
       23585
       23586
       23587
       23588
       23589
       23590
       23591
       23592
       23593
       23594
       23595
       23596
       23597
       23598
       23599
       23600
       23601
       23602
       23603
       23604
       23605
       23606
       23607
       23608
       23609
       23610
       23611
       23612
       23978
       23979
       23980
       23981
       23982
       23983
       23984
       23985
       23986
       23987
       23988
       23989
       23990
       23991
       23992
       23993
       23994
       23995
       23996
       23997
       23998
       23999
       24000
       24001
       24002
       24003
       24004
       24005
       24006
       24007
       24008
       24009
       24010
       24011
       24012
       24013
       24014
       24015
       24016
       24017
       24018
       24019
       24020
       24021
       24022
       24023
       24024
       24025
       24026
       24027
       24028
       24029
       24030
       24031
       24032
       24033
       24034
       24035
       24036
       24037
       24038
       24039
       24040
       24041
       24042
       24043
       24044
       24045
       24046
       24402
       24403
       24404
       24405
       24406
       24407
       24408
       24409
       24410
       24411
       24412
       24413
       24414
       24415
       24416
       24417
       24418
       24419
       24420
       24421
       24422
       24423
       24424
       24425
       24426
       24427
       24428
       24429
       24430
       24431
       24432
       24433
       24434
       24435
       24436
       24437
       24438
       24439
       24440
       24441
       24442
       24443
       24789
       24790
       24791
       24792
       24793
       24794
       24795
       24796
       24797
       24798
       24799
       24800
NFLUXF             0
NETA             103          37          24
          21
          22
          23
          24
          25
          26
          27
          28
          29
          30
          31
          32
          33
          34
          35
          36
          37
          38
          39
          40
          41
          42
          43
          44
NSTAE              0           0           0
NSTAV              0           0           0
NSTAM              0           0           0
NSTAC              0           0           0
RES NODE          20        1318
                   8           9          12          13          14          15
                  16          17          18          19          20          27
                  28          29          30          31          32          33
                  34          35          36          37          38          41
                  42          43          44          45          46          47
                  48          49          50          51          52          53
                  54          55          56          57          58          59
                  60          61          62          63          65          66
                  67          68          69          70          71          72
                  73          74          75          76          77          78
                  79          80          81          82          83          84
                  85          86          87          88          90          91
                  92          93          94          95          96          97
                  98          99         100         101         102         103
                 104         105         106         107         108         109
                 110         111         112         113         114         115
                 116         117         118         126         127         128
                 129         130         131         132         133         134
                 135         136         137         138         139         140
                 141         142         143         144         145         146
                 147         148         149         150         151         152
                 153         154         155         156         157         158
                 159         160         161         162         163         164
                 165         167         168         169         170         171
                 172         177         178         179         180         181
                 182         183         184         185         186         187
                 188         189         190         191         192         193
                 194         195         196         197         198         199
                 200         201         202         203         204         205
                 206         207         208         209         210         211
                 212         213         214         215         216         217
                 218         219         220         221         223         224
                 225         226         227         228         229         230
                 231         232         235         236         237         238
                 239         240         241         242         243         244
                 245         246         247         248         249         250
                 251         252         253         254         255         256
                 257         258         259         260         261         262
                 263         264         265         266         267         268
                 269         270         271         272         273         274
                 275         276         277         278         279         280
                 281         282         283         284         285         287
                 288         289         290         291         292         293
                 294         295         296         297         298         299
                 300         304         305         306         307         308
                 309         310         311         312         313         314
                 315         316         317         318         319         320
                 321         322         323         324         325         326
                 327         328         329         330         331         332
                 333         334         335         336         337         338
                 339         340         341         342         343         344
                 345         346         347         348         349         350
                 351         352         353         354         355         356
                 357         358         359         361         362         363
                 364         365         366         367         368         369
                 370         371         372         373         374         375
                 376         378         379         380         381         382
                 383         384         385         386         387         388
                 389         390         391         392         393         394
                 395         396         397         398         399         400
                 401         402         403         404         405         406
                 407         408         409         410         411         412
                 413         414         415         416         417         418
                 419         420         421         422         423         424
                 425         426         427         428         429         430
                 431         432         433         434         435         436
                 437         438         439         440         441         442
                 443         445         446         447         448         449
                 450         451         452         453         454         455
                 456         457         458         459         460         461
                 462         463         465         466         467         468
                 469         470         471         472         473         474
                 475         476         477         478         479         480
                 481         482         483         484         485         486
                 487         488         489         490         491         492
                 493         494         495         496         497         498
                 499         500         501         502         503         504
                 505         506         507         508         509         510
                 511         512         513         514         515         516
                 517         518         519         520         521         522
                 523         524         525         526         527         528
                 529         530         531         532         533         534
                 535         536         537         538         539         540
                 541         542         543         544         545         547
                 548         549         550         551         552         553
                 554         555         556         557         558         559
                 560         561         562         563         564         565
                 566         567         568         570         571         572
                 573         574         575         576         577         578
                 579         580         581         582         583         584
                 585         586         587         588         589         590
                 591         592         593         594         595         596
                 597         598         599         600         601         602
                 603         604         605         606         607         608
                 609         610         611         612         613         614
                 615         616         617         618         619         620
                 621         622         623         624         625         626
                 627         628         629         630         631         632
                 633         634         635         636         637         638
                 639         640         641         642         643         644
                 645         646         647         648         649         650
                 651         652         653         655         656         657
                 658         659         660         661         662         663
                 664         665         666         667         668         669
                 670         671         672         673         674         675
                 676         677         678         679         681         682
                 683         684         685         686         687         688
                 689         690         691         692         693         694
                 695         696         697         698         699         700
                 701         702         703         704         705         706
                 707         708         709         710         711         712
                 713         714         715         716         717         718
                 719         720         721         722         723         724
                 725         726         727         728         729         730
                 731         732         733         734         735         736
                 737         738         739         740         741         742
                 743         744         745         746         747         748
                 749         750         751         752         753         754
                 755         756         757         758         759         760
                 761         762         763         764         766         767
                 768         769         770         771         772         773
                 774         775         776         777         778         779
                 780         781         782         783         784         785
                 786         787         788         789         790         791
                 793         794         795         796         797         798
                 799         800         801         802         803         804
                 805         806         807         808         809         810
                 811         812         813         814         815         816
                 817         818         819         820         821         822
                 823         824         825         826         827         828
                 829         830         831         832         833         834
                 835         836         837         838         839         840
                 841         842         843         844         845         846
                 847         848         849         850         851         852
                 853         854         855         856         857         858
                 859         860         861         862         863         864
                 865         866         867         868         869         870
                 871         872         873         874         875         876
                 877         878         879         880         881         882
                 883         884         885         886         887         888
                 889         890         891         892         893         894
                 895         896         897         898         899         900
                 901         902         903         904         905         906
                 907         908         909         910         911         912
                 913         914         915         916         917         918
                 919         920         921         922         923         924
                 925         926         927         928         929         930
                 931         932         933         934         935         936
                 937         938         939         940         941         942
                 943         944         945         946         947         948
                 949         950         951         952         953         954
                 955         956         957         958         959         960
                 961         962         963         964         965         966
                 967         968         969         970         971         972
                 973         974         975         976         977         978
                 979         980         981         982         983         984
                 985         986         987         988         989         990
                 991         992         993         994         995         996
                 997         998         999        1000        1001        1002
                1003        1004        1005        1006        1007        1008
                1009        1010        1011        1012        1013        1014
                1015        1016        1017        1018        1019        1020
                1021        1022        1023        1024        1025        1026
                1027        1028        1029        1030        1031        1032
                1033        1034        1035        1036        1037        1038
                1039        1040        1041        1042        1043        1044
                1045        1046        1047        1048        1049        1050
                1051        1052        1053        1054        1055        1056
                1057        1058        1059        1060        1061        1062
                1063        1064        1065        1066        1067        1068
                1069        1070        1071        1072        1073        1074
                1075        1076        1077        1078        1079        1080
                1081        1082        1083        1084        1085        1086
                1087        1088        1089        1090        1091        1092
                1093        1094        1095        1096        1097        1098
                1099        1100        1101        1102        1103        1104
                1105        1106        1107        1108        1109        1110
                1111        1112        1113        1114        1115        1116
                1117        1118        1119        1120        1121        1122
                1123        1124        1125        1126        1127        1128
                1129        1130        1131        1132        1133        1134
                1135        1136        1137        1138        1139        1140
                1141        1142        1143        1144        1145        1146
                1147        1148        1149        1150        1151        1152
                1153        1154        1155        1156        1157        1158
                1159        1160        1161        1162        1163        1164
                1165        1166        1167        1168        1169        1170
                1171        1172        1173        1174        1175        1176
                1177        1178        1179        1180        1181        1182
                1183        1184        1185        1186        1187        1188
                1189        1190        1191        1192        1193        1194
                1195        1196        1197        1198        1199        1200
                1201        1202        1203        1204        1205        1206
                1207        1208        1209        1210        1211        1212
                1213        1214        1215        1216        1217        1218
                1219        1220        1221        1222        1223        1224
                1225        1226        1227        1228        1229        1230
                1231        1232        1233        1234        1235        1236
                1237        1238        1239        1240        1241        1242
                1243        1244        1245        1246        1247        1248
                1249        1250        1251        1252        1253        1254
                1255        1256        1257        1258        1259        1260
                1261        1262        1263        1264        1265        1266
                1267        1268        1269        1270        1271        1272
                1273        1274        1275        1276        1277        1278
                1279        1280        1281        1282        1283        1284
                1285        1286        1287        1288        1289        1290
                1291        1292        1293        1294        1295        1296
                1297        1298        1299        1300        1301        1302
                1303        1304        1305        1306        1307        1308
                1309        1310        1311        1312        1313        1314
                1315        1316        1317        1318        1319        1320
                1321        1322        1323        1324        1325        1326
                1327        1328        1329        1330        1331        1332
                1333        1334        1335        1336        1337        1338
                1339        1340        1341        1342        1343        1344
                1345        1346        1347        1348        1349        1350
                1351        1352        1353        1354        1355        1356
                1357        1358        1359        1360        1361        1362
                1363        1364        1365        1366
COMM PE            3
RECV PE            6          10
                 125         176         234         302         303         377
                 464         569         680         792
RECV PE            8          19
                   1           2           3           4           5           6
                   7          10          11          21          22          23
                  24          25          26          39          40          64
                  89
RECV PE           19          19
                 119         120         121         122         123         124
                 166         173         174         175         222         233
                 286         301         360         444         546         654
                 765
SEND PE            6          11
                 126         177         235         304         378         465
                 466         570         571         681         793
SEND PE            8          20
                   8           9          12          13          14          15
                  16          20          27          38          41          42
                  43          44          45          46          60          65
                  90         126
SEND PE           19          18
                 167         168         169         170         171         172
                 223         230         231         232         287         300
                 361         445         547         655         764         766
