FileFmt      1050624           0           0
NELG           58369        2590        2590
       19112
       19137
       19162
       19175
       19190
       19214
       19217
       19221
       19263
       19278
       19300
       19309
       19319
       19325
       19336
       19343
       19372
       19378
       19382
       19387
       19395
       19401
       19429
       19447
       19449
       19462
       19471
       19510
       19514
       19520
       19524
       19535
       19548
       19557
       19559
       19589
       19597
       19613
       19620
       19627
       19646
       19649
       19653
       19659
       19670
       19674
       19697
       19702
       19703
       19714
       19726
       19729
       19732
       19734
       19745
       19751
       19764
       19784
       19796
       19800
       19806
       19812
       19815
       19820
       19822
       19835
       19853
       19854
       19883
       19890
       19893
       19907
      -19929
       19933
       19943
       19951
       19956
       19961
       19962
       19966
       19973
       19992
       20014
       20017
       20020
       20042
      -20043
       20049
       20065
       20068
       20071
       20088
       20096
       20099
       20101
       20126
       20131
       20134
       20150
       20154
       20158
       20173
       20177
      -20179
       20185
       20196
       20209
       20214
       20222
       20224
       20235
       20236
      -20243
       20250
       20256
       20275
       20293
       20313
       20316
       20321
       20323
       20324
       20325
       20326
       20333
       20353
       20357
       20360
       20364
      -20372
       20408
       20411
       20412
       20421
       20430
       20433
       20441
       20447
       20451
       20459
       20463
      -20469
       20476
       20483
       20495
       20497
       20501
       20514
       20521
       20523
       20532
       20552
       20556
       20566
       20569
       20571
      -20585
       20587
       20593
       20606
       20622
       20623
       20626
       20633
       20640
      -20644
       20647
       20650
       20652
       20668
       20675
       20690
       20707
       20711
       20712
       20717
       20718
       20725
      -20730
       20740
       20746
       20749
       20755
       20758
       20762
       20765
       20769
       20776
       20804
       20805
       20812
       20819
       20821
      -20826
       20838
       20840
       20854
       20857
       20863
       20865
       20866
       20881
       20883
       20906
       20919
       20920
       20921
       20934
       20940
       20942
       20943
       20944
       20948
       20953
       20954
       20974
       20994
       21008
       21015
       21018
      -21024
       21031
       21039
       21053
       21058
       21066
       21082
      -21087
       21089
       21090
       21092
       21099
       21100
       21104
       21107
       21129
       21133
       21139
       21165
       21169
       21175
      -21176
       21178
       21182
       21186
       21188
       21198
       21200
      -21212
       21219
       21237
       21244
       21257
       21270
       21271
      -21274
       21277
       21278
       21286
       21303
       21306
       21313
       21324
       21328
       21332
       21339
       21354
      -21357
       21365
       21367
       21368
       21372
       21376
       21384
       21390
       21391
       21403
       21418
       21428
       21444
      -21448
       21449
       21465
       21466
       21478
       21479
       21487
      -21491
       21517
       21530
       21532
       21534
       21535
       21536
       21538
       21542
       21559
       21564
       21578
       21581
      -21583
       21589
       21590
       21592
       21612
       21629
       21638
       21640
       21665
      -21670
       21672
       21680
       21682
      -21683
       21695
       21708
       21711
       21728
       21729
      -21733
       21737
       21740
       21779
       21800
       21808
       21811
       21814
       21818
       21819
      -21835
       21838
       21846
       21861
      -21880
       21883
       21913
       21916
       21917
       21925
       21931
       21981
       21986
       22020
       22025
       22039
      -22041
      -22051
       22068
       22111
       22138
       22142
       22160
      -22169
       22177
       22186
       22221
       22298
       22310
       22323
      -22367
      -22371
      -22387
      -22423
       22436
      -22447
      -22448
      -22449
      -22457
      -22477
      -22484
       22495
      -22497
      -22518
       22519
       22526
       22529
       22538
      -22547
      -22558
      -22559
      -22564
       22584
      -22588
       22593
      -22599
      -22607
       22608
      -22611
      -22614
       22615
       22621
      -22637
       22645
      -22656
      -22678
       22684
       22688
      -22689
       22690
       22706
      -22729
       22735
       22736
       22741
       22743
       22746
       22760
      -22762
      -22763
       22772
       22791
       22792
       22793
       22815
       22819
       22826
       22829
       22830
       22846
       22860
       22861
       22869
       22871
       22874
      -22882
       22889
       22894
       22923
       22926
       22928
       22934
       22939
       22940
      -22972
      -22977
       22992
       22996
       23002
      -23013
       23018
       23019
       23034
       23040
       23043
       23047
      -23051
      -23059
       23063
      -23068
       23073
       23082
       23085
       23091
       23100
       23114
       23119
       23160
       23171
       23175
       23177
       23180
      -23182
       23190
       23192
      -23198
       23201
       23205
       23221
       23222
      -23244
       23249
       23250
       23267
      -23268
       23276
       23284
       23301
       23305
       23309
      -23335
       23338
       23347
       23350
       23362
       23373
       23379
       23411
       23414
       23417
       23423
       23424
       23430
       23438
       23445
       23446
       23448
       23454
       23458
      -23474
       23487
      -23489
       23499
      -23501
       23524
       23536
       23541
       23549
       23553
      -23554
       23562
       23580
       23589
       23597
       23608
       23618
       23624
       23628
       23633
       23652
      -23657
       23669
       23680
       23686
       23708
       23709
       23712
       23714
       23717
       23733
       23734
      -23735
       23737
       23751
       23782
       23783
       23785
       23795
       23796
       23802
       23812
       23813
       23821
       23831
       23837
       23852
       23856
       23858
       23865
       23875
       23881
       23888
       23895
       23897
       23907
       23922
       23933
       23941
       23945
       23946
       23951
       23954
       23964
       23967
       23971
       23983
       23990
       23992
       23996
       24001
       24009
      -24011
       24012
       24017
       24032
       24041
       24052
       24053
       24054
      -24057
       24058
       24069
       24071
       24075
       24076
       24087
       24089
       24096
       24106
       24107
       24110
       24123
       24127
       24130
       24136
       24140
       24146
       24148
       24152
       24165
       24168
       24178
       24183
       24189
       24191
       24206
       24209
       24211
       24213
       24214
       24221
       24225
       24227
       24239
       24240
       24250
       24251
       24254
       24255
       24260
       24261
       24263
       24266
       24275
       24277
       24281
       24287
       24290
       24292
       24300
      -24313
       24315
       24319
       24320
       24322
       24324
       24326
       24329
       24330
       24331
       24339
      -24341
       24351
       24352
       24363
       24366
       24370
       24374
       24376
       24380
       24381
       24384
       24385
       24391
       24398
       24410
       24416
       24417
       24422
       24425
       24427
       24433
       24434
       24440
       24445
       24456
       24458
       24462
       24465
       24467
       24469
       24472
       24473
       24477
       24487
       24493
       24497
       24500
       24502
       24507
       24514
       24517
       24523
       24524
       24527
       24533
       24534
       24538
       24542
       24545
       24546
       24561
       24562
       24567
       24572
       24574
       24575
      -24576
       24584
       24593
       24594
       24596
      -24597
       24602
       24604
       24606
       24608
       24613
       24614
       24622
       24623
       24625
       24630
       24632
      -24641
       24644
       24648
       24651
       24655
       24656
       24659
       24662
       24664
       24668
       24680
      -24691
       24695
       24699
       24700
       24706
       24708
       24709
       24713
       24716
       24720
       24726
       24734
       24738
       24743
       24748
       24751
       24754
       24758
       24759
       24760
       24762
       24764
       24777
       24786
       24789
       24790
       24792
       24797
       24799
       24801
       24802
       24804
       24806
       24810
       24812
       24814
       24817
       24822
       24824
      -24828
       24829
       24836
      -24839
       24846
       24849
       24852
       24853
       24862
       24868
       24870
       24873
       24874
       24878
       24880
       24882
       24886
       24887
       24893
       24895
       24902
       24906
       24908
       24916
       24919
       24929
       24930
       24932
       24938
       24941
      -24943
       24944
       24950
       24952
       24956
      -24960
       24965
       24976
       24981
       24982
       24984
       24985
       25000
       25002
       25003
       25004
       25012
       25015
       25017
       25018
       25022
       25028
       25032
       25037
       25039
       25044
       25048
       25052
       25062
       25066
       25072
       25074
       25075
       25082
       25089
       25092
       25095
       25097
       25102
       25113
       25117
       25121
       25123
       25127
       25128
       25130
       25146
       25159
       25160
       25161
       25163
       25166
       25167
       25168
       25172
       25174
       25178
       25191
       25195
       25201
       25203
       25206
       25215
      -25223
       25228
       25232
       25233
       25240
       25243
       25250
       25253
       25261
       25265
       25278
       25280
       25287
       25298
       25303
       25304
       25305
       25306
       25314
       25320
       25321
       25323
       25346
       25357
       25358
       25368
       25380
       25393
       25396
       25398
       25399
       25402
       25403
       25407
       25408
       25409
       25414
       25415
       25419
       25433
       25436
       25438
       25459
       25466
       25468
       25475
       25485
       25491
       25492
       25494
       25496
       25504
       25512
       25515
       25537
       25540
       25541
       25548
       25555
       25556
       25557
       25562
      -25564
       25573
       25590
       25593
       25598
       25601
       25606
       25608
       25613
       25617
       25625
       25630
       25636
       25637
       25644
       25649
       25655
       25656
       25659
       25664
       25668
       25681
       25687
       25699
       25704
       25719
       25723
       25725
       25728
       25733
       25735
       25738
       25746
       25759
       25765
       25766
       25772
       25776
       25782
       25790
       25791
       25797
       25798
       25801
       25804
       25807
       25812
       25828
       25830
       25844
       25850
       25858
       25859
       25860
       25863
       25870
       25875
       25882
       25884
       25886
      -25900
       25904
       25907
       25911
       25919
       25921
       25938
       25942
       25950
       25954
       25957
       25964
       25965
       25968
       25972
       25976
       26001
       26009
       26012
       26016
       26019
       26033
       26038
       26040
       26049
       26054
       26063
       26070
       26073
       26075
       26077
       26078
       26089
       26091
       26093
       26098
       26107
       26111
       26116
       26135
       26138
       26139
       26142
       26149
       26166
       26172
       26173
       26188
       26189
       26192
       26200
       26201
       26206
       26207
       26209
       26210
       26212
       26226
       26236
      -26244
       26249
       26255
       26256
       26263
       26283
       26287
       26294
       26298
       26299
       26310
       26331
       26344
       26348
       26350
       26354
       26355
       26356
       26364
       26372
       26375
       26383
       26389
       26399
       26405
       26408
       26413
       26426
       26435
       26441
       26445
       26452
       26458
       26462
       26467
       26470
       26473
       26476
       26488
       26491
       26500
       26504
       26507
       26508
       26509
       26517
       26537
       26539
       26540
       26541
       26545
       26551
       26567
      -26583
       26584
       26587
       26601
       26604
       26606
       26611
      -26616
       26619
       26623
       26628
       26636
       26649
       26652
       26659
       26661
       26669
       26684
       26687
       26689
       26697
       26711
       26713
       26715
       26717
       26719
       26736
       26741
       26743
       26747
       26762
       26767
       26771
       26772
       26778
       26780
       26783
       26784
       26785
       26786
       26798
       26804
       26806
       26810
       26811
       26812
       26817
       26818
       26825
       26831
       26844
       26849
       26860
       26864
       26867
       26873
       26875
       26880
       26885
       26893
       26896
       26897
       26901
       26902
       26912
       26913
       26915
       26918
       26928
      -26932
       26933
       26934
       26935
       26938
       26949
      -26954
       26961
       26967
       26972
       26977
       26985
       26988
       26993
       27014
       27017
       27028
       27030
       27037
       27039
       27043
       27050
       27059
       27067
       27077
       27078
       27080
       27087
       27098
       27109
       27121
       27130
       27133
       27138
       27145
       27147
       27159
       27160
       27167
       27187
       27188
       27208
       27212
       27213
       27215
       27227
       27230
       27238
       27239
       27244
       27258
       27263
       27269
       27275
       27278
      -27285
       27289
       27291
       27294
       27315
       27330
       27331
       27336
       27343
       27369
       27377
       27381
       27382
       27400
       27405
       27420
       27432
       27435
       27437
       27442
       27446
       27448
       27452
       27454
       27470
       27472
       27474
       27476
       27488
       27497
       27510
       27514
       27520
       27530
       27542
       27544
       27554
       27562
       27570
      -27578
       27581
       27587
       27591
       27593
       27595
       27599
       27605
       27606
       27622
       27628
       27631
       27637
       27639
       27641
       27643
       27652
       27655
       27679
       27688
       27690
       27693
       27698
       27703
       27706
       27717
       27726
       27727
       27731
       27741
       27751
       27752
       27758
       27765
       27770
       27772
       27781
       27789
       27790
      -27794
       27797
       27799
       27809
       27824
       27829
       27837
       27839
       27842
       27853
       27857
       27867
       27874
       27876
       27883
       27884
       27892
       27893
       27895
       27917
       27919
       27927
       27930
       27931
       27936
       27938
       27942
       27955
       27957
       27967
       27981
       27982
       27991
       27995
      -28005
       28008
       28012
       28023
       28026
       28031
       28042
       28054
       28068
       28071
       28078
       28079
       28092
       28097
       28099
       28103
       28106
       28109
       28117
       28122
       28130
       28146
       28153
       28158
       28162
       28169
       28179
       28185
       28188
       28200
       28203
      -28205
       28217
       28219
       28225
       28228
       28231
       28239
       28254
       28262
       28263
       28266
       28269
       28278
       28280
       28283
       28290
       28296
       28303
       28310
       28316
       28333
       28335
       28341
       28343
       28351
       28359
       28384
       28386
       28388
      -28400
       28411
       28413
       28415
       28419
       28420
       28422
       28431
       28432
       28434
       28435
       28436
       28461
       28463
       28466
       28469
       28472
       28478
       28489
       28490
       28493
       28494
       28518
       28526
       28530
       28535
       28541
       28555
       28559
       28560
       28561
       28562
       28567
       28576
       28579
       28590
       28603
       28604
       28615
      -28624
       28634
       28640
       28658
       28669
       28671
       28672
       28674
       28677
       28679
       28681
       28690
       28698
       28703
       28704
       28712
       28715
       28719
       28724
       28730
       28737
       28742
       28747
       28750
       28752
       28765
       28780
       28791
       28794
       28795
       28797
       28798
       28806
       28814
       28827
       28832
       28842
       28849
      -28853
       28854
       28855
       28878
       28885
       28886
       28891
       28892
       28900
       28903
       28904
       28906
       28913
       28922
       28933
       28940
       28947
       28951
       28958
       28960
       28968
       28974
       28978
       28993
       28995
       28998
       28999
       29000
       29006
       29015
       29025
       29028
       29034
       29037
       29052
       29068
       29072
       29075
       29076
       29078
       29090
       29092
      -29096
       29097
       29099
       29101
       29107
       29110
       29136
       29138
       29142
       29150
       29152
       29153
       29158
       29159
       29164
       29168
       29180
       29185
       29193
       29201
       29204
       29205
       29210
       29215
       29216
       29217
       29218
       29222
       29233
       29234
       29235
       29236
       29244
       29250
       29251
       29264
       29268
       29278
       29284
       29289
       29304
       29305
       29311
       29318
       29319
       29320
       29325
       29326
       29327
       29333
       29335
       29340
       29343
       29348
       29363
       29364
       29371
       29373
      -29377
       29378
       29380
       29382
       29385
       29401
       29402
       29415
       29416
       29418
       29421
       29422
       29423
       29429
       29432
       29438
       29448
       29453
       29455
       29459
       29469
       29471
       29476
       29479
       29483
       29484
       29490
       29496
       29497
       29504
       29522
       29530
       29535
       29537
       29539
       29542
       29546
       29551
       29556
       29558
       29559
       29565
       29566
      -29569
       29571
       29576
       29579
       29582
       29594
       29609
       29622
       29627
       29630
       29644
       29659
       29660
       29670
       29671
       29677
       29681
       29700
       29705
       29712
       29716
       29720
       29728
       29733
       29734
       29736
       29739
       29745
       29748
       29752
       29755
       29769
       29775
       29778
       29781
       29790
       29791
       29801
       29811
       29818
       29821
       29823
       29825
       29830
       29833
       29836
       29845
       29857
       29859
       29862
       29870
       29875
       29878
       29879
       29881
       29882
       29894
       29898
       29906
       29912
      -29923
       29931
       29936
       29938
       29944
       29949
       29952
       29953
       29956
       29967
       29972
       29978
       29980
       29983
       29984
       29986
       29996
       29997
       30004
       30007
       30009
       30026
       30031
       30032
       30037
       30042
       30051
       30054
       30055
       30065
       30066
       30067
       30071
       30072
       30075
       30090
       30096
       30098
       30100
       30103
       30107
       30109
       30112
       30114
       30115
       30117
       30121
       30127
       30138
       30139
       30141
       30146
       30148
       30155
       30160
       30167
       30168
       30171
       30176
       30181
       30182
       30202
       30205
       30206
       30207
       30209
       30211
       30218
       30221
       30223
       30227
       30232
       30238
       30239
       30251
       30254
       30257
       30259
       30270
       30275
       30278
       30292
       30293
       30295
       30297
       30298
      -30305
       30309
       30310
       30312
       30319
       30321
       30325
       30332
       30334
       30338
       30341
       30343
       30348
       30350
       30351
       30352
       30353
       30357
       30362
       30364
       30368
       30370
       30378
       30380
       30381
       30383
       30386
       30389
       30395
       30399
       30408
       30409
       30410
       30415
       30416
       30429
       30433
       30437
       30440
       30444
       30445
       30461
       30462
      -30465
       30469
       30470
       30472
       30475
       30477
       30483
       30485
       30488
       30489
       30492
       30503
       30505
       30506
       30514
       30520
       30534
       30536
       30544
       30547
       30550
       30557
       30558
       30559
       30562
       30565
       30568
       30581
       30590
       30594
       30595
       30603
       30605
       30607
       30611
       30616
       30623
       30632
       30633
       30638
       30641
       30644
       30646
       30648
       30650
       30654
       30656
       30657
       30660
       30662
       30663
       30667
       30670
       30674
       30676
       30682
       30684
       30687
       30689
      -30693
       30694
       30698
       30708
       30712
       30716
       30726
       30728
       30729
       30730
       30731
       30732
       30736
       30749
       30751
       30752
       30755
       30757
       30762
       30767
       30769
       30770
       30771
       30778
       30780
       30781
       30782
       30783
       30786
       30791
       30802
       30804
       30812
       30819
       30826
       30828
       30831
       30833
       30836
       30839
       30840
       30844
       30847
       30855
       30859
       30860
       30865
       30876
       30877
       30878
       30880
       30885
       30887
       30889
      -30890
       30894
       30899
       30902
       30904
       30913
       30914
       30920
       30927
       30929
       30930
       30935
       30936
       30939
       30946
       30950
       30952
       30955
       30959
       30961
       30977
       30982
       30984
       30987
       30988
       30990
       30991
       30998
       30999
       31001
       31005
       31017
       31018
       31020
       31031
       31033
       31034
       31035
       31037
       31041
       31049
       31050
       31052
       31059
       31065
      -31066
       31071
       31072
       31073
       31082
       31085
       31091
       31096
       31099
       31105
       31111
       31118
       31119
       31121
       31125
      -31127
       31131
       31135
       31136
       31142
       31143
       31147
       31159
       31163
       31165
       31170
       31171
       31174
       31176
       31178
      -31179
       31180
       31185
       31203
       31204
       31211
       31214
       31217
       31218
       31219
       31220
       31222
       31224
       31229
       31236
       31239
       31242
       31244
       31248
       31249
       31255
       31262
       31272
       31277
      -31278
       31281
      -31282
       31284
       31285
       31291
       31292
       31293
       31298
       31305
       31306
       31310
       31312
       31320
       31324
       31329
       31330
       31340
       31345
       31349
       31353
       31354
       31357
       31359
       31361
       31364
       31365
       31373
       31384
       31389
       31390
       31393
       31395
       31398
       31401
       31410
      -31412
       31413
       31427
       31429
       31431
       31432
       31433
       31434
       31435
       31441
       31444
       31451
       31454
       31455
       31456
       31460
       31465
       31470
       31471
       31474
       31484
       31489
       31490
       31492
       31497
       31499
       31504
       31505
       31507
      -31514
       31525
       31532
       31533
       31537
       31540
       31544
      -31546
       31547
       31548
       31549
       31553
       31555
       31563
       31567
       31569
       31572
      -31576
       31577
       31580
       31588
       31593
       31595
       31596
       31597
       31598
       31601
       31606
       31607
       31608
       31612
       31614
       31625
      -31631
       31632
       31634
       31639
       31641
       31642
       31649
       31650
       31654
       31660
       31662
       31664
       31666
       31669
       31675
       31676
       31679
       31680
       31684
      -31691
       31695
       31698
       31700
       31703
       31707
       31708
       31709
       31711
       31713
       31718
       31719
       31723
       31725
       31727
       31738
       31747
       31748
       31750
       31751
       31756
       31760
       31762
      -31763
       31764
       31765
       31767
       31770
       31774
       31776
       31778
       31779
       31781
       31791
       31802
       31812
       31813
       31818
       31822
       31824
       31826
       31827
       31832
       31833
       31835
       31837
       31851
       31856
       31864
       31866
       31867
       31871
       31872
       31877
       31878
       31879
       31883
       31886
       31891
       31894
       31897
       31898
       31905
       31914
       31917
       31918
       31920
      -31923
       31928
       31941
       31944
       31945
       31948
       31949
       31958
       31973
       31974
       31976
       31977
       31982
       31988
       31989
       31992
       31998
       32004
       32011
       32015
       32021
       32024
       32025
       32031
       32033
      -32035
       32037
       32038
       32039
       32042
       32044
       32055
       32057
       32064
       32072
       32083
       32088
       32092
       32093
       32095
       32102
       32103
       32111
       32112
       32113
       32114
       32115
      -32116
       32117
       32134
       32147
       32150
       32151
       32153
       32158
       32161
       32165
       32167
       32174
       32175
       32178
       32192
       32202
       32209
       32212
       32215
       32221
       32227
       32229
       32236
       32241
       32246
       32249
       32255
       32262
      -32266
       32269
       32274
       32282
       32293
       32299
       32302
       32303
      -32308
       32310
       32312
       32317
       32318
       32335
       32336
       32338
       32339
       32341
       32343
       32346
       32348
       32352
       32354
       32367
       32377
       32388
       32393
       32400
       32403
       32414
       32419
       32425
       32440
       32441
       32444
       32454
       32457
       32464
       32469
       32471
       32485
      -32491
       32492
       32514
       32516
       32523
       32524
       32525
       32530
       32539
       32546
       32550
       32555
       32560
       32564
       32565
       32567
       32574
       32615
       32630
       32662
       32663
       32666
       32670
       32677
       32681
       32692
       32721
       32727
       32737
      -32742
       32744
       32752
       32754
       32768
       32809
       32812
       32835
       32849
       32851
       32852
       32874
       32893
       32898
       32910
       32916
       32924
       32931
       32946
      -32949
       32950
       32974
       32998
       33012
       33015
       33023
       33038
       33054
       33060
       33062
       33066
       33068
       33086
       33127
       33130
       33132
       33133
       33150
       33155
       33159
       33166
       33189
       33201
       33211
       33222
      -33236
       33248
       33259
       33266
       33270
       33278
       33290
       33307
       33308
       33321
       33333
       33358
       33374
       33393
      -33400
       33401
       33410
       33420
       33432
       33439
       33446
       33449
       33471
       33482
       33486
       33488
       33493
      -33524
       33526
       33531
       33550
       33551
       33557
       33590
       33597
       33614
       33615
       33621
       33636
      -33646
       33657
       33664
       33705
       33714
       33733
       33737
       33745
       33747
       33748
       33755
       33759
       33769
       33770
       33782
      -33810
       33829
       33846
       33850
       33866
       33882
       33899
       33909
       33912
       33913
       33918
       33925
       33929
       33945
      -33949
       33955
       33967
       34013
       34015
       34046
       34065
       34070
       34074
       34077
       34080
       34081
       34086
       34108
      -34138
       34148
       34159
       34173
       34175
       34177
       34205
       34226
       34240
       34243
       34246
       34248
       34266
      -34285
       34301
       34309
       34310
       34312
       34315
       34323
       34356
       34396
       34406
       34408
       34421
       34429
       34437
       34441
       34458
       34475
       34481
       34500
       34506
      -34508
       34527
       34544
       34560
       34567
       34581
       34590
       34599
       34611
       34631
      -34651
       34655
       34668
       34675
       34688
       34705
       34712
       34735
       34736
      -34749
       34753
       34788
       34794
       34796
       34809
       34832
       34855
       34857
       34885
       34886
       34905
       34917
       34918
      -34920
       34927
       34933
       34949
       34967
       34969
       35012
       35019
       35024
       35035
       35038
       35044
       35063
       35065
       35078
       35087
       35088
       35125
       35138
       35165
       35179
      -35189
       35190
       35198
       35216
       35220
       35251
       35266
       35272
       35293
       35302
       35305
       35320
       35343
       35345
       35359
       35361
       35378
       35400
       35402
       35408
       35469
       35501
       35541
       35551
       35552
       35568
       35589
       35628
       35631
       35643
       35684
       35692
       35701
       35749
       35756
       35831
       35884
       35897
       35931
       36023
NNODG          31435        1437        1398
        -662
        -663
        -666
        -667
        -668
        -671
        -676
         740
         741
        -742
        -743
         744
         745
         746
         747
         749
        -750
        -751
        -756
         823
         824
         825
         826
         827
         828
         829
         830
         831
         832
         833
        -834
         835
        -841
        -871
         896
         897
         898
         899
         900
         901
         902
         903
         904
         905
         906
         907
         908
         909
         910
         911
        -919
        -942
         968
         969
         970
         971
         972
         973
         974
         975
         976
         977
         978
         979
         980
         981
         982
         983
         984
         985
         986
         987
         988
         989
        -996
       -1011
        1040
        1041
        1042
        1043
        1044
        1045
        1046
        1047
        1048
        1049
        1050
        1051
        1052
        1053
        1054
        1055
        1056
        1057
        1058
        1059
        1060
        1061
        1062
        1063
        1064
       -1072
       -1083
       -1084
        1106
        1107
        1108
        1109
        1110
        1111
        1112
        1113
        1114
        1115
        1116
        1117
        1118
        1119
        1120
        1121
        1122
        1123
        1124
        1125
        1126
        1127
        1128
        1129
        1130
        1131
        1132
        1133
        1134
        1135
       -1142
        1152
       -1153
        1176
        1177
        1178
        1179
        1180
        1181
        1182
        1183
        1184
        1185
        1186
        1187
       -1188
        1189
        1190
        1191
        1192
        1193
        1194
        1195
        1196
        1197
        1198
        1199
        1200
        1201
        1202
        1203
        1204
        1205
        1206
        1207
        1208
        1209
        1210
        1211
        1212
        1226
       -1227
        1255
        1256
        1257
        1258
        1259
        1260
        1261
        1262
        1263
        1264
        1265
        1266
        1267
        1268
        1269
        1270
        1271
        1272
       -1273
       -1274
        1275
        1276
        1277
        1278
        1279
        1280
        1281
        1282
        1283
        1284
        1285
        1286
        1287
        1288
        1289
        1290
        1291
        1292
        1293
        1294
        1295
        1296
        1297
        1298
        1311
       -1312
       -1333
        1343
        1344
        1345
        1346
        1347
        1348
        1349
        1350
        1351
        1352
        1353
        1354
        1355
        1356
        1357
        1358
        1359
        1360
        1361
        1362
        1363
        1364
        1365
        1366
       -1367
        1368
        1369
        1370
        1371
        1372
        1373
        1374
        1375
        1376
        1377
        1378
        1379
        1380
        1381
        1382
        1383
        1384
        1385
        1386
        1387
        1388
        1389
        1390
        1391
        1392
        1393
        1394
        1395
        1406
       -1407
       -1429
       -1430
        1431
       -1432
        1441
        1442
        1443
        1444
        1445
        1446
        1447
        1448
        1449
        1450
        1451
        1452
        1453
        1454
        1455
        1456
        1457
        1458
        1459
        1460
        1461
        1462
        1463
        1464
        1465
        1466
        1467
        1468
        1469
        1470
        1471
        1472
        1473
        1474
        1475
        1476
        1477
        1478
        1479
        1480
        1481
        1482
        1483
        1484
        1485
        1486
        1487
        1488
        1489
        1490
        1491
        1492
        1493
        1494
        1495
        1496
        1501
       -1502
       -1523
        1524
        1525
        1526
        1527
        1528
       -1529
       -1530
        1541
        1542
        1543
        1544
        1545
        1546
        1547
        1548
        1549
        1550
        1551
        1552
        1553
        1554
        1555
        1556
        1557
        1558
        1559
        1560
        1561
        1562
        1563
        1564
        1565
        1566
        1567
        1568
        1569
        1570
        1571
        1572
        1573
        1574
        1575
        1576
        1577
        1578
        1579
        1580
        1581
        1582
        1583
        1584
        1585
        1586
        1587
        1588
        1589
        1590
        1591
        1592
        1593
        1594
        1595
        1596
        1597
        1598
        1599
        1600
        1601
        1602
        1603
       -1608
       -1627
       -1628
        1629
        1630
        1631
        1632
        1633
        1634
        1635
        1636
        1637
       -1638
        1651
        1652
        1653
        1654
        1655
        1656
        1657
        1658
        1659
        1660
        1661
        1662
        1663
        1664
        1665
        1666
        1667
        1668
        1669
        1670
        1671
        1672
        1673
        1674
        1675
        1676
        1677
        1678
        1679
        1680
        1681
        1682
        1683
        1684
        1685
        1686
        1687
        1688
        1689
        1690
        1691
        1692
        1693
        1694
        1695
        1696
        1697
        1698
        1699
        1700
        1701
        1702
        1703
        1704
        1705
        1706
        1707
        1708
        1709
        1710
        1711
        1712
       -1713
        1714
        1715
       -1732
        1733
        1734
        1735
        1736
        1737
        1738
        1739
        1740
        1741
        1742
        1743
        1744
       -1745
        1761
        1762
        1763
        1764
        1765
        1766
        1767
        1768
        1769
        1770
        1771
        1772
        1773
        1774
        1775
        1776
        1777
        1778
        1779
        1780
        1781
        1782
        1783
        1784
        1785
        1786
        1787
        1788
        1789
        1790
        1791
        1792
        1793
        1794
        1795
        1796
        1797
        1798
        1799
        1800
        1801
        1802
        1803
        1804
        1805
        1806
        1807
        1808
        1809
        1810
        1811
        1812
        1813
        1814
        1815
        1816
        1817
        1818
        1819
        1820
        1821
        1822
        1823
        1824
        1825
        1826
       -1827
        1828
       -1847
        1848
        1849
        1850
        1851
        1852
        1853
        1854
        1855
        1856
        1857
        1858
        1859
       -1860
       -1861
        1878
        1879
        1880
        1881
        1882
        1883
        1884
        1885
        1886
        1887
        1888
        1889
        1890
        1891
        1892
        1893
        1894
        1895
        1896
        1897
        1898
        1899
        1900
        1901
        1902
        1903
        1904
        1905
        1906
        1907
        1908
        1909
        1910
        1911
        1912
        1913
        1914
        1915
        1916
        1917
        1918
        1919
        1920
        1921
        1922
        1923
        1924
        1925
        1926
        1927
        1928
        1929
        1930
        1931
        1932
        1933
        1934
        1935
        1936
        1937
        1938
        1939
        1940
        1941
        1942
        1943
        1944
        1945
        1946
        1947
        1948
       -1949
       -1951
       -1968
       -1969
        1970
        1971
        1972
        1973
        1974
        1975
        1976
        1977
        1978
        1979
        1980
        1981
        1982
        1983
        1984
        1985
        1986
       -1987
        2009
        2010
        2011
        2012
        2013
        2014
        2015
        2016
        2017
        2018
        2019
        2020
        2021
        2022
        2023
        2024
        2025
        2026
        2027
        2028
        2029
        2030
        2031
        2032
        2033
        2034
        2035
        2036
        2037
        2038
        2039
        2040
        2041
        2042
        2043
        2044
        2045
        2046
        2047
        2048
        2049
        2050
        2051
        2052
        2053
        2054
        2055
        2056
        2057
        2058
        2059
        2060
        2061
        2062
        2063
        2064
        2065
        2066
        2067
        2068
       -2069
        2070
       -2071
        2072
        2073
        2074
        2075
       -2076
       -2077
       -2095
        2096
        2097
        2098
        2099
        2100
        2101
        2102
        2103
        2104
        2105
        2106
        2107
        2108
        2109
        2110
        2111
        2112
        2113
        2114
       -2115
        2142
        2143
        2144
        2145
        2146
        2147
        2148
        2149
        2150
        2151
        2152
        2153
        2154
        2155
        2156
        2157
        2158
        2159
        2160
        2161
        2162
        2163
        2164
        2165
        2166
        2167
        2168
        2169
        2170
        2171
        2172
        2173
        2174
        2175
        2176
        2177
        2178
        2179
        2180
        2181
        2182
        2183
        2184
        2185
        2186
        2187
        2188
        2189
        2190
        2191
        2192
        2193
        2194
        2195
        2196
        2197
        2198
        2199
        2200
        2201
        2202
        2203
        2204
        2205
        2206
        2207
        2208
        2209
       -2212
       -2214
       -2215
        2216
        2217
        2218
       -2236
        2237
        2238
        2239
        2240
        2241
        2242
        2243
        2244
        2245
        2246
        2247
        2248
        2249
        2250
        2251
        2252
        2253
       -2254
       -2255
        2256
        2290
        2291
        2292
        2293
        2294
        2295
        2296
        2297
        2298
        2299
        2300
        2301
        2302
        2303
        2304
        2305
        2306
        2307
        2308
        2309
        2310
        2311
        2312
        2313
        2314
        2315
        2316
        2317
        2318
        2319
        2320
        2321
        2322
        2323
        2324
        2325
        2326
        2327
        2328
        2329
        2330
        2331
        2332
        2333
        2334
        2335
        2336
        2337
        2338
        2339
        2340
        2341
        2342
        2343
        2344
        2345
        2346
        2347
        2348
        2349
        2350
        2351
        2352
        2353
        2354
        2355
        2356
        2357
        2358
       -2364
        2366
        2367
        2368
        2369
        2370
       -2390
        2391
        2392
        2393
        2394
        2395
        2396
        2397
        2398
        2399
        2400
        2401
        2402
        2403
        2404
        2405
        2406
       -2407
        2449
        2450
        2451
        2452
        2453
        2454
        2455
        2456
        2457
        2458
        2459
        2460
        2461
        2462
        2463
        2464
        2465
        2466
        2467
        2468
        2469
        2470
        2471
        2472
        2473
        2474
        2475
        2476
        2477
        2478
        2479
        2480
        2481
        2482
        2483
        2484
        2485
        2486
        2487
        2488
        2489
        2490
        2491
        2492
        2493
        2494
        2495
        2496
        2497
        2498
        2499
        2500
        2501
        2502
       -2509
        2511
        2512
        2513
        2514
        2515
       -2535
        2536
        2537
        2538
        2539
        2540
        2541
        2542
        2543
        2544
        2545
        2546
        2547
        2548
        2549
        2550
        2551
        2552
       -2553
        2603
        2604
        2605
        2606
        2607
        2608
        2609
        2610
        2611
        2612
        2613
        2614
        2615
        2616
        2617
        2618
        2619
        2620
        2621
        2622
        2623
        2624
        2625
        2626
        2627
        2628
        2629
        2630
        2631
        2632
        2633
        2634
        2635
        2636
        2637
        2638
        2639
        2640
        2641
        2642
        2643
        2644
        2645
        2646
        2647
        2648
        2649
        2650
        2651
        2652
        2653
        2654
       -2662
        2664
       -2665
        2666
        2667
        2668
        2669
        2695
        2696
        2697
        2698
        2699
        2700
        2701
        2702
        2703
        2704
        2705
        2706
        2707
        2708
       -2710
        2768
        2769
        2770
        2771
        2772
        2773
        2774
        2775
        2776
        2777
        2778
        2779
        2780
        2781
        2782
        2783
        2784
        2785
        2786
        2787
        2788
        2789
        2790
        2791
        2792
        2793
        2794
        2795
        2796
        2797
        2798
        2799
        2800
        2801
        2802
        2803
        2804
        2805
        2806
        2807
        2808
        2809
        2810
        2811
        2812
        2813
        2814
        2815
        2816
        2817
        2818
        2819
       -2833
        2834
        2836
        2837
        2838
        2839
        2871
        2872
        2873
        2874
        2875
        2876
        2877
        2878
        2879
        2880
        2881
        2882
        2883
        2884
       -2885
        2951
        2952
        2953
        2954
        2955
        2956
        2957
        2958
        2959
        2960
        2961
        2962
        2963
        2964
        2965
        2966
        2967
        2968
        2969
        2970
        2971
        2972
        2973
        2974
        2975
        2976
        2977
        2978
        2979
        2980
        2981
        2982
        2983
        2984
        2985
        2986
        2987
        2988
        2989
        2990
        2991
        2992
        2993
        2994
        2995
        2996
        2997
        2998
        2999
        3000
        3001
        3002
        3003
        3004
        3005
        3006
       -3025
        3026
        3028
        3029
        3030
        3031
        3032
        3070
        3071
        3072
        3073
        3074
        3075
       -3076
        3077
        3078
        3079
        3080
        3149
        3150
        3151
        3152
        3153
        3154
        3155
        3156
        3157
        3158
        3159
        3160
        3161
        3162
        3163
        3164
        3165
        3166
        3167
        3168
        3169
        3170
        3171
        3172
        3173
        3174
        3175
        3176
        3177
        3178
        3179
        3180
        3181
        3182
        3183
        3184
        3185
        3186
        3187
        3188
        3189
        3190
        3191
        3192
        3193
        3194
       -3214
        3215
        3217
        3218
        3219
        3220
        3221
        3222
        3265
        3266
        3267
       -3268
        3269
        3270
        3271
        3272
       -3289
        3350
        3351
        3352
        3353
        3354
        3355
        3356
        3357
        3358
        3359
        3360
        3361
        3362
        3363
        3364
        3365
        3366
        3367
        3368
        3369
        3370
        3371
       -3391
        3392
        3393
        3396
        3397
        3398
        3399
        3400
        3401
        3402
        3403
        3451
        3452
        3453
       -3454
        3455
        3456
        3547
        3548
        3549
        3550
        3551
        3552
        3553
        3554
        3555
        3556
        3557
       -3579
        3580
        3581
        3583
        3584
        3585
        3586
        3587
        3588
        3589
        3590
       -3641
        3642
        3643
       -3644
        3749
        3750
        3751
        3752
        3753
        3754
        3771
        3772
        3773
        3774
        3775
        3776
       -3829
NFLUXF             0
NETA             103          37           0
NSTAE              0           0           0
NSTAV              0           0           0
NSTAM              0           0           0
NSTAC              0           0           0
RES NODE           5        1309
                   8           9          12          13          14          15
                  16          20          21          22          23          24
                  25          26          27          28          29          30
                  32          35          36          37          38          39
                  40          41          42          43          44          45
                  46          47          48          49          50          53
                  54          55          56          57          58          59
                  60          61          62          63          64          65
                  66          67          68          69          70          71
                  72          73          74          77          78          79
                  80          81          82          83          84          85
                  86          87          88          89          90          91
                  92          93          94          95          96          97
                  98          99         100         101         105         106
                 107         108         109         110         111         112
                 113         114         115         116         117         118
                 119         120         121         122         123         124
                 125         126         127         128         129         130
                 131         132         133         134         136         138
                 139         140         141         142         143         144
                 145         146         147         148         149         151
                 152         153         154         155         156         157
                 158         159         160         161         162         163
                 164         165         166         167         168         169
                 170         171         172         173         174         175
                 177         178         179         180         181         182
                 183         184         185         186         187         188
                 189         190         191         192         193         194
                 197         198         199         200         201         202
                 203         204         205         206         207         208
                 209         210         211         212         213         214
                 215         216         217         218         219         220
                 221         224         225         226         227         228
                 229         230         231         232         233         234
                 235         236         237         238         239         240
                 241         242         243         244         245         246
                 247         249         250         251         252         253
                 254         255         256         257         258         259
                 260         261         262         263         264         265
                 266         267         268         269         270         271
                 272         273         274         275         276         277
                 281         283         284         285         286         287
                 288         289         290         291         292         293
                 294         295         296         297         298         299
                 300         301         302         303         304         305
                 306         307         308         309         310         311
                 312         313         314         315         316         317
                 318         319         320         321         322         323
                 324         325         326         327         328         329
                 330         331         332         333         334         335
                 336         337         338         339         342         343
                 344         345         346         349         350         351
                 352         353         354         355         356         357
                 358         359         360         361         362         363
                 364         365         366         367         368         369
                 370         371         372         373         374         375
                 376         377         378         379         380         381
                 382         383         384         385         386         387
                 388         389         390         391         392         393
                 394         395         396         397         398         399
                 400         401         402         403         404         405
                 406         407         408         409         410         411
                 415         416         417         418         419         420
                 421         422         423         425         426         427
                 428         429         430         431         432         433
                 434         435         436         437         438         439
                 440         441         442         443         444         445
                 446         447         448         449         450         451
                 452         453         454         455         456         457
                 458         459         460         461         462         463
                 464         465         466         467         468         469
                 470         471         472         473         474         475
                 476         477         478         479         480         481
                 482         483         484         485         486         488
                 489         491         492         493         494         495
                 496         497         498         499         500         501
                 502         504         505         506         507         508
                 509         510         511         512         513         514
                 515         516         517         518         519         520
                 521         522         523         524         525         526
                 527         528         529         530         531         532
                 533         534         535         536         537         538
                 539         540         541         542         543         544
                 545         546         547         548         549         550
                 551         552         553         554         555         556
                 557         558         559         560         561         562
                 563         564         565         566         567         568
                 569         571         573         574         575         576
                 577         578         579         580         581         582
                 583         584         587         588         589         590
                 591         592         593         594         595         596
                 597         598         599         600         601         602
                 603         604         605         606         607         608
                 609         610         611         612         613         614
                 615         616         617         618         619         620
                 621         622         623         624         625         626
                 627         628         629         630         631         632
                 633         634         635         636         637         638
                 639         640         641         642         643         644
                 645         646         647         648         649         650
                 651         652         653         654         655         656
                 657         662         663         664         665         666
                 667         668         669         670         671         672
                 673         674         675         676         677         678
                 680         681         682         683         684         685
                 686         687         688         689         690         691
                 692         693         694         695         696         697
                 698         699         700         701         702         703
                 704         705         706         707         708         709
                 710         711         712         713         714         715
                 716         717         718         719         720         721
                 722         723         724         725         726         727
                 728         729         730         731         732         733
                 734         735         736         737         738         739
                 741         743         744         745         746         750
                 751         752         753         754         755         756
                 757         758         759         760         761         762
                 763         764         765         766         767         768
                 770         771         772         773         774         775
                 776         777         778         779         780         781
                 782         783         784         785         786         787
                 788         789         790         791         792         793
                 794         795         796         797         798         799
                 800         801         802         803         804         805
                 806         807         808         809         810         811
                 812         813         814         815         816         817
                 818         819         820         821         822         823
                 824         825         826         827         828         829
                 830         831         832         833         834         835
                 836         837         841         842         843         845
                 846         847         848         849         850         851
                 852         853         854         855         856         857
                 858         859         860         861         864         865
                 866         867         868         869         870         871
                 872         873         874         875         876         877
                 878         879         880         881         882         883
                 884         885         886         887         888         889
                 890         891         892         893         894         895
                 896         897         898         899         900         901
                 902         903         904         905         906         907
                 908         909         910         911         912         913
                 914         915         916         917         918         919
                 920         921         922         923         924         925
                 926         927         928         929         930         931
                 932         933         935         936         937         938
                 939         941         942         943         944         945
                 946         947         948         949         950         951
                 952         953         954         955         956         958
                 959         960         961         962         963         964
                 965         966         967         968         969         970
                 971         972         973         974         975         976
                 977         978         979         980         981         982
                 983         984         985         986         987         988
                 989         990         991         992         993         994
                 995         996         997         998         999        1000
                1001        1002        1003        1004        1005        1006
                1007        1008        1009        1010        1011        1013
                1014        1015        1016        1017        1019        1020
                1021        1022        1023        1024        1025        1026
                1027        1028        1029        1030        1031        1032
                1033        1034        1035        1037        1038        1039
                1040        1041        1042        1043        1044        1045
                1046        1047        1048        1049        1050        1051
                1052        1053        1054        1055        1056        1057
                1058        1059        1060        1061        1062        1063
                1064        1065        1066        1067        1068        1069
                1070        1071        1072        1073        1074        1075
                1076        1077        1078        1079        1080        1081
                1082        1083        1084        1085        1086        1087
                1088        1090        1092        1093        1094        1095
                1096        1097        1098        1099        1100        1101
                1102        1103        1104        1105        1106        1107
                1108        1109        1111        1112        1113        1114
                1115        1116        1117        1118        1119        1120
                1121        1122        1123        1124        1125        1126
                1127        1128        1129        1130        1131        1132
                1133        1134        1135        1136        1137        1138
                1139        1140        1141        1142        1143        1144
                1145        1146        1147        1148        1149        1150
                1151        1152        1153        1154        1155        1156
                1157        1158        1159        1160        1161        1162
                1164        1165        1166        1167        1168        1169
                1170        1171        1172        1173        1174        1175
                1176        1177        1178        1179        1180        1181
                1182        1184        1185        1186        1187        1188
                1189        1190        1191        1192        1193        1194
                1195        1196        1197        1198        1199        1200
                1201        1202        1203        1204        1205        1206
                1207        1208        1209        1210        1211        1212
                1213        1214        1215        1216        1217        1218
                1219        1220        1221        1222        1223        1224
                1225        1226        1227        1228        1229        1230
                1231        1232        1233        1234        1235        1236
                1237        1238        1239        1241        1242        1243
                1244        1245        1246        1247        1248        1249
                1250        1251        1252        1254        1255        1256
                1257        1258        1259        1260        1261        1262
                1263        1264        1265        1266        1267        1268
                1269        1270        1271        1272        1273        1274
                1275        1276        1277        1278        1279        1280
                1281        1282        1283        1284        1285        1286
                1287        1288        1289        1290        1291        1292
                1293        1294        1295        1296        1297        1298
                1299        1300        1301        1302        1303        1305
                1306        1307        1308        1309        1310        1311
                1312        1313        1314        1316        1317        1318
                1319        1321        1322        1323        1324        1325
                1326        1327        1328        1329        1330        1331
                1332        1333        1334        1335        1336        1337
                1338        1339        1340        1341        1342        1344
                1345        1346        1347        1348        1349        1350
                1351        1352        1353        1354        1355        1356
                1358        1359        1360        1361        1362        1363
                1364        1365        1366        1367        1368        1369
                1370        1372        1373        1374        1375        1376
                1377        1378        1379        1380        1381        1383
                1384        1386        1387        1388        1389        1390
                1391        1392        1393        1394        1395        1396
                1397
COMM PE            5
RECV PE            1           5
                 340         412         487         570         659
RECV PE            2           5
                 424         503         585         586         679
RECV PE            3          17
                 658         740         742         747         748         838
                 839         840         934        1012        1089        1091
                1163        1240        1304        1343        1371
RECV PE            4          48
                   1           2           3           4           5           6
                   7          10          11          17          18          19
                  31          33          34          51          52          75
                  76         102         103         104         135         137
                 150         176         195         196         222         223
                 248         278         279         280         282         341
                 347         348         413         414         490         572
                 660         661         749         844         940        1018
RECV PE           11          14
                 769         862         863         957        1036        1110
                1183        1253        1315        1320        1357        1382
                1385        1398
SEND PE            1           5
                 339         409         488         571         656
SEND PE            2           6
                 422         423         502         584         678         767
SEND PE            3          17
                 569         650         651         656         657         741
                 743         744         841         936        1014        1090
                1164        1241        1305        1344        1372
SEND PE            4          45
                   8           9          12          13          14          15
                  16          22          24          28          30          32
                  39          49          59          73          84         100
                 114         133         136         151         152         175
                 197         221         249         277         281         339
                 342         343         346         415         423         491
                 492         573         662         663         750         751
                 845         941        1019
SEND PE           11          13
                 765         767         861         953        1031        1105
                1177        1254        1316        1354        1358        1383
                1384
