eastcoast_95d_ll_select.grd nodal attributes                                    
        5248
           2
primitive_weighting_in_continuity_equation                                      
unitless                                                                        
           1
  0.500000000E-02
mannings_n_at_sea_floor                                                         
unitless                                                                        
           1
  0.250000000E-01
primitive_weighting_in_continuity_equation                                      
         661
     15561    0.20000000E-01
     15953    0.20000000E-01
     16319    0.20000000E-01
     16320    0.20000000E-01
     16901    0.20000000E-01
     16902    0.20000000E-01
     17136    0.20000000E-01
     17137    0.20000000E-01
     17341    0.20000000E-01
     17342    0.20000000E-01
     18887    0.20000000E-01
     18888    0.20000000E-01
     18889    0.20000000E-01
     21945    0.20000000E-01
     22345    0.20000000E-01
     22350    0.20000000E-01
     22351    0.20000000E-01
     22754    0.20000000E-01
     23344    0.20000000E-01
     23440    0.20000000E-01
     23441    0.20000000E-01
     23783    0.20000000E-01
     23884    0.20000000E-01
     23885    0.20000000E-01
     24221    0.20000000E-01
     24222    0.20000000E-01
     24319    0.20000000E-01
     24321    0.20000000E-01
     24322    0.20000000E-01
     24323    0.20000000E-01
     24632    0.20000000E-01
     24633    0.20000000E-01
     24707    0.20000000E-01
     24708    0.20000000E-01
     24709    0.20000000E-01
     24710    0.20000000E-01
     24711    0.20000000E-01
     25003    0.20000000E-01
     25004    0.20000000E-01
     25005    0.20000000E-01
     25067    0.20000000E-01
     25347    0.20000000E-01
     25348    0.20000000E-01
     25828    0.20000000E-01
     25829    0.20000000E-01
     25917    0.20000000E-01
     25919    0.20000000E-01
     26179    0.20000000E-01
     26181    0.20000000E-01
     26182    0.20000000E-01
     26183    0.20000000E-01
     26186    0.20000000E-01
     26373    0.20000000E-01
     26438    0.20000000E-01
     26451    0.20000000E-01
     26452    0.20000000E-01
     26645    0.20000000E-01
     26713    0.20000000E-01
     26714    0.20000000E-01
     26715    0.20000000E-01
     26920    0.20000000E-01
     26921    0.20000000E-01
     26922    0.20000000E-01
     26954    0.20000000E-01
     26958    0.20000000E-01
     26959    0.20000000E-01
     26960    0.20000000E-01
     26961    0.20000000E-01
     26962    0.20000000E-01
     26978    0.20000000E-01
     26979    0.20000000E-01
     26980    0.20000000E-01
     26981    0.20000000E-01
     26982    0.20000000E-01
     26985    0.20000000E-01
     26986    0.20000000E-01
     26987    0.20000000E-01
     26988    0.20000000E-01
     26989    0.20000000E-01
     27205    0.20000000E-01
     27206    0.20000000E-01
     27207    0.20000000E-01
     27208    0.20000000E-01
     27215    0.20000000E-01
     27216    0.20000000E-01
     27217    0.20000000E-01
     27218    0.20000000E-01
     27219    0.20000000E-01
     27220    0.20000000E-01
     27221    0.20000000E-01
     27224    0.20000000E-01
     27225    0.20000000E-01
     27226    0.20000000E-01
     27227    0.20000000E-01
     27228    0.20000000E-01
     27229    0.20000000E-01
     27230    0.20000000E-01
     27242    0.20000000E-01
     27243    0.20000000E-01
     27244    0.20000000E-01
     27245    0.20000000E-01
     27246    0.20000000E-01
     27247    0.20000000E-01
     27442    0.20000000E-01
     27443    0.20000000E-01
     27451    0.20000000E-01
     27452    0.20000000E-01
     27453    0.20000000E-01
     27454    0.20000000E-01
     27455    0.20000000E-01
     27456    0.20000000E-01
     27459    0.20000000E-01
     27460    0.20000000E-01
     27461    0.20000000E-01
     27462    0.20000000E-01
     27463    0.20000000E-01
     27464    0.20000000E-01
     27477    0.20000000E-01
     27478    0.20000000E-01
     27479    0.20000000E-01
     27480    0.20000000E-01
     27481    0.20000000E-01
     27678    0.20000000E-01
     27679    0.20000000E-01
     27686    0.20000000E-01
     27687    0.20000000E-01
     27688    0.20000000E-01
     27689    0.20000000E-01
     27690    0.20000000E-01
     27691    0.20000000E-01
     27692    0.20000000E-01
     27693    0.20000000E-01
     27696    0.20000000E-01
     27697    0.20000000E-01
     27698    0.20000000E-01
     27711    0.20000000E-01
     27712    0.20000000E-01
     27713    0.20000000E-01
     27714    0.20000000E-01
     27715    0.20000000E-01
     27892    0.20000000E-01
     27893    0.20000000E-01
     27894    0.20000000E-01
     27895    0.20000000E-01
     27898    0.20000000E-01
     27899    0.20000000E-01
     27901    0.20000000E-01
     27902    0.20000000E-01
     27905    0.20000000E-01
     27906    0.20000000E-01
     27908    0.20000000E-01
     27910    0.20000000E-01
     27911    0.20000000E-01
     27912    0.20000000E-01
     27913    0.20000000E-01
     27914    0.20000000E-01
     27915    0.20000000E-01
     27916    0.20000000E-01
     27917    0.20000000E-01
     27918    0.20000000E-01
     27920    0.20000000E-01
     27921    0.20000000E-01
     27923    0.20000000E-01
     27924    0.20000000E-01
     27925    0.20000000E-01
     27926    0.20000000E-01
     27939    0.20000000E-01
     27940    0.20000000E-01
     27941    0.20000000E-01
     28108    0.20000000E-01
     28109    0.20000000E-01
     28110    0.20000000E-01
     28111    0.20000000E-01
     28112    0.20000000E-01
     28113    0.20000000E-01
     28114    0.20000000E-01
     28115    0.20000000E-01
     28116    0.20000000E-01
     28117    0.20000000E-01
     28118    0.20000000E-01
     28119    0.20000000E-01
     28122    0.20000000E-01
     28123    0.20000000E-01
     28124    0.20000000E-01
     28125    0.20000000E-01
     28126    0.20000000E-01
     28127    0.20000000E-01
     28128    0.20000000E-01
     28129    0.20000000E-01
     28132    0.20000000E-01
     28133    0.20000000E-01
     28134    0.20000000E-01
     28135    0.20000000E-01
     28136    0.20000000E-01
     28306    0.20000000E-01
     28307    0.20000000E-01
     28308    0.20000000E-01
     28309    0.20000000E-01
     28310    0.20000000E-01
     28311    0.20000000E-01
     28312    0.20000000E-01
     28313    0.20000000E-01
     28314    0.20000000E-01
     28315    0.20000000E-01
     28316    0.20000000E-01
     28317    0.20000000E-01
     28318    0.20000000E-01
     28319    0.20000000E-01
     28321    0.20000000E-01
     28322    0.20000000E-01
     28323    0.20000000E-01
     28324    0.20000000E-01
     28325    0.20000000E-01
     28326    0.20000000E-01
     28327    0.20000000E-01
     28329    0.20000000E-01
     28496    0.20000000E-01
     28497    0.20000000E-01
     28498    0.20000000E-01
     28499    0.20000000E-01
     28500    0.20000000E-01
     28501    0.20000000E-01
     28502    0.20000000E-01
     28503    0.20000000E-01
     28504    0.20000000E-01
     28505    0.20000000E-01
     28506    0.20000000E-01
     28507    0.20000000E-01
     28508    0.20000000E-01
     28509    0.20000000E-01
     28510    0.20000000E-01
     28511    0.20000000E-01
     28512    0.20000000E-01
     28513    0.20000000E-01
     28514    0.20000000E-01
     28515    0.20000000E-01
     28516    0.20000000E-01
     28517    0.20000000E-01
     28519    0.20000000E-01
     28520    0.20000000E-01
     28686    0.20000000E-01
     28687    0.20000000E-01
     28688    0.20000000E-01
     28689    0.20000000E-01
     28691    0.20000000E-01
     28692    0.20000000E-01
     28693    0.20000000E-01
     28694    0.20000000E-01
     28695    0.20000000E-01
     28696    0.20000000E-01
     28697    0.20000000E-01
     28698    0.20000000E-01
     28699    0.20000000E-01
     28700    0.20000000E-01
     28701    0.20000000E-01
     28702    0.20000000E-01
     28704    0.20000000E-01
     28705    0.20000000E-01
     28706    0.20000000E-01
     28707    0.20000000E-01
     28708    0.20000000E-01
     28709    0.20000000E-01
     28884    0.20000000E-01
     28885    0.20000000E-01
     28886    0.20000000E-01
     28887    0.20000000E-01
     28888    0.20000000E-01
     28889    0.20000000E-01
     28890    0.20000000E-01
     28891    0.20000000E-01
     28892    0.20000000E-01
     28894    0.20000000E-01
     28895    0.20000000E-01
     28896    0.20000000E-01
     28897    0.20000000E-01
     28898    0.20000000E-01
     28899    0.20000000E-01
     28900    0.20000000E-01
     28901    0.20000000E-01
     28902    0.20000000E-01
     28903    0.20000000E-01
     28904    0.20000000E-01
     28905    0.20000000E-01
     28906    0.20000000E-01
     29089    0.20000000E-01
     29090    0.20000000E-01
     29091    0.20000000E-01
     29093    0.20000000E-01
     29094    0.20000000E-01
     29095    0.20000000E-01
     29096    0.20000000E-01
     29099    0.20000000E-01
     29100    0.20000000E-01
     29101    0.20000000E-01
     29102    0.20000000E-01
     29103    0.20000000E-01
     29104    0.20000000E-01
     29105    0.20000000E-01
     29106    0.20000000E-01
     29107    0.20000000E-01
     29108    0.20000000E-01
     29109    0.20000000E-01
     29110    0.20000000E-01
     29111    0.20000000E-01
     29286    0.20000000E-01
     29287    0.20000000E-01
     29288    0.20000000E-01
     29289    0.20000000E-01
     29290    0.20000000E-01
     29291    0.20000000E-01
     29292    0.20000000E-01
     29293    0.20000000E-01
     29296    0.20000000E-01
     29297    0.20000000E-01
     29298    0.20000000E-01
     29299    0.20000000E-01
     29300    0.20000000E-01
     29301    0.20000000E-01
     29302    0.20000000E-01
     29303    0.20000000E-01
     29304    0.20000000E-01
     29305    0.20000000E-01
     29476    0.20000000E-01
     29477    0.20000000E-01
     29478    0.20000000E-01
     29479    0.20000000E-01
     29480    0.20000000E-01
     29481    0.20000000E-01
     29482    0.20000000E-01
     29483    0.20000000E-01
     29486    0.20000000E-01
     29487    0.20000000E-01
     29488    0.20000000E-01
     29489    0.20000000E-01
     29490    0.20000000E-01
     29491    0.20000000E-01
     29492    0.20000000E-01
     29493    0.20000000E-01
     29494    0.20000000E-01
     29495    0.20000000E-01
     29496    0.20000000E-01
     29667    0.20000000E-01
     29668    0.20000000E-01
     29669    0.20000000E-01
     29670    0.20000000E-01
     29671    0.20000000E-01
     29672    0.20000000E-01
     29673    0.20000000E-01
     29674    0.20000000E-01
     29675    0.20000000E-01
     29679    0.20000000E-01
     29680    0.20000000E-01
     29681    0.20000000E-01
     29682    0.20000000E-01
     29683    0.20000000E-01
     29684    0.20000000E-01
     29851    0.20000000E-01
     29852    0.20000000E-01
     29853    0.20000000E-01
     29854    0.20000000E-01
     29855    0.20000000E-01
     29856    0.20000000E-01
     29857    0.20000000E-01
     29858    0.20000000E-01
     29860    0.20000000E-01
     29863    0.20000000E-01
     29864    0.20000000E-01
     29865    0.20000000E-01
     29866    0.20000000E-01
     29867    0.20000000E-01
     29868    0.20000000E-01
     29998    0.20000000E-01
     29999    0.20000000E-01
     30000    0.20000000E-01
     30001    0.20000000E-01
     30002    0.20000000E-01
     30003    0.20000000E-01
     30004    0.20000000E-01
     30005    0.20000000E-01
     30006    0.20000000E-01
     30010    0.20000000E-01
     30011    0.20000000E-01
     30012    0.20000000E-01
     30116    0.20000000E-01
     30117    0.20000000E-01
     30118    0.20000000E-01
     30119    0.20000000E-01
     30120    0.20000000E-01
     30121    0.20000000E-01
     30122    0.20000000E-01
     30124    0.20000000E-01
     30126    0.20000000E-01
     30232    0.20000000E-01
     30233    0.20000000E-01
     30234    0.20000000E-01
     30235    0.20000000E-01
     30236    0.20000000E-01
     30237    0.20000000E-01
     30238    0.20000000E-01
     30241    0.20000000E-01
     30243    0.20000000E-01
     30335    0.20000000E-01
     30336    0.20000000E-01
     30337    0.20000000E-01
     30338    0.20000000E-01
     30340    0.20000000E-01
     30342    0.20000000E-01
     30343    0.20000000E-01
     30428    0.20000000E-01
     30429    0.20000000E-01
     30430    0.20000000E-01
     30431    0.20000000E-01
     30432    0.20000000E-01
     30433    0.20000000E-01
     30434    0.20000000E-01
     30435    0.20000000E-01
     30437    0.20000000E-01
     30508    0.20000000E-01
     30509    0.20000000E-01
     30510    0.20000000E-01
     30511    0.20000000E-01
     30513    0.20000000E-01
     30514    0.20000000E-01
     30515    0.20000000E-01
     30517    0.20000000E-01
     30518    0.20000000E-01
     30588    0.20000000E-01
     30589    0.20000000E-01
     30590    0.20000000E-01
     30592    0.20000000E-01
     30593    0.20000000E-01
     30594    0.20000000E-01
     30595    0.20000000E-01
     30596    0.20000000E-01
     30662    0.20000000E-01
     30663    0.20000000E-01
     30664    0.20000000E-01
     30665    0.20000000E-01
     30666    0.20000000E-01
     30668    0.20000000E-01
     30669    0.20000000E-01
     30670    0.20000000E-01
     30672    0.20000000E-01
     30673    0.20000000E-01
     30740    0.20000000E-01
     30741    0.20000000E-01
     30742    0.20000000E-01
     30743    0.20000000E-01
     30744    0.20000000E-01
     30746    0.20000000E-01
     30747    0.20000000E-01
     30748    0.20000000E-01
     30749    0.20000000E-01
     30752    0.20000000E-01
     30753    0.20000000E-01
     30754    0.20000000E-01
     30810    0.20000000E-01
     30811    0.20000000E-01
     30812    0.20000000E-01
     30813    0.20000000E-01
     30814    0.20000000E-01
     30815    0.20000000E-01
     30816    0.20000000E-01
     30817    0.20000000E-01
     30818    0.20000000E-01
     30821    0.20000000E-01
     30822    0.20000000E-01
     30823    0.20000000E-01
     30864    0.20000000E-01
     30865    0.20000000E-01
     30866    0.20000000E-01
     30867    0.20000000E-01
     30868    0.20000000E-01
     30869    0.20000000E-01
     30870    0.20000000E-01
     30872    0.20000000E-01
     30874    0.20000000E-01
     30875    0.20000000E-01
     30913    0.20000000E-01
     30914    0.20000000E-01
     30915    0.20000000E-01
     30916    0.20000000E-01
     30917    0.20000000E-01
     30918    0.20000000E-01
     30919    0.20000000E-01
     30921    0.20000000E-01
     30922    0.20000000E-01
     30923    0.20000000E-01
     30924    0.20000000E-01
     30925    0.20000000E-01
     30956    0.20000000E-01
     30957    0.20000000E-01
     30958    0.20000000E-01
     30959    0.20000000E-01
     30960    0.20000000E-01
     30962    0.20000000E-01
     30963    0.20000000E-01
     30964    0.20000000E-01
     30965    0.20000000E-01
     30966    0.20000000E-01
     30967    0.20000000E-01
     30968    0.20000000E-01
     30987    0.20000000E-01
     30988    0.20000000E-01
     30989    0.20000000E-01
     30990    0.20000000E-01
     30991    0.20000000E-01
     30995    0.20000000E-01
     30996    0.20000000E-01
     30997    0.20000000E-01
     30998    0.20000000E-01
     30999    0.20000000E-01
     31000    0.20000000E-01
     31001    0.20000000E-01
     31013    0.20000000E-01
     31014    0.20000000E-01
     31015    0.20000000E-01
     31016    0.20000000E-01
     31018    0.20000000E-01
     31020    0.20000000E-01
     31021    0.20000000E-01
     31022    0.20000000E-01
     31023    0.20000000E-01
     31024    0.20000000E-01
     31025    0.20000000E-01
     31037    0.20000000E-01
     31039    0.20000000E-01
     31040    0.20000000E-01
     31041    0.20000000E-01
     31042    0.20000000E-01
     31043    0.20000000E-01
     31055    0.20000000E-01
     31059    0.20000000E-01
     31060    0.20000000E-01
     31061    0.20000000E-01
     31062    0.20000000E-01
     31074    0.20000000E-01
     31076    0.20000000E-01
     31077    0.20000000E-01
     31078    0.20000000E-01
     31079    0.20000000E-01
     31080    0.20000000E-01
     31092    0.20000000E-01
     31094    0.20000000E-01
     31095    0.20000000E-01
     31096    0.20000000E-01
     31097    0.20000000E-01
     31098    0.20000000E-01
     31110    0.20000000E-01
     31111    0.20000000E-01
     31112    0.20000000E-01
     31114    0.20000000E-01
     31115    0.20000000E-01
     31116    0.20000000E-01
     31117    0.20000000E-01
     31118    0.20000000E-01
     31130    0.20000000E-01
     31131    0.20000000E-01
     31132    0.20000000E-01
     31133    0.20000000E-01
     31135    0.20000000E-01
     31137    0.20000000E-01
     31138    0.20000000E-01
     31139    0.20000000E-01
     31140    0.20000000E-01
     31152    0.20000000E-01
     31153    0.20000000E-01
     31154    0.20000000E-01
     31155    0.20000000E-01
     31157    0.20000000E-01
     31158    0.20000000E-01
     31159    0.20000000E-01
     31160    0.20000000E-01
     31172    0.20000000E-01
     31173    0.20000000E-01
     31175    0.20000000E-01
     31176    0.20000000E-01
     31177    0.20000000E-01
     31189    0.20000000E-01
     31190    0.20000000E-01
     31191    0.20000000E-01
     31193    0.20000000E-01
     31206    0.20000000E-01
     31209    0.20000000E-01
     31210    0.20000000E-01
     31211    0.20000000E-01
     31226    0.20000000E-01
     31227    0.20000000E-01
     31228    0.20000000E-01
     31229    0.20000000E-01
     31240    0.20000000E-01
     31241    0.20000000E-01
     31242    0.20000000E-01
     31244    0.20000000E-01
     31245    0.20000000E-01
     31246    0.20000000E-01
     31247    0.20000000E-01
     31258    0.20000000E-01
     31259    0.20000000E-01
     31260    0.20000000E-01
     31261    0.20000000E-01
     31262    0.20000000E-01
     31263    0.20000000E-01
     31264    0.20000000E-01
     31265    0.20000000E-01
     31266    0.20000000E-01
     31277    0.20000000E-01
     31278    0.20000000E-01
     31279    0.20000000E-01
     31280    0.20000000E-01
     31281    0.20000000E-01
     31282    0.20000000E-01
     31293    0.20000000E-01
     31294    0.20000000E-01
     31295    0.20000000E-01
     31296    0.20000000E-01
     31297    0.20000000E-01
     31306    0.20000000E-01
     31307    0.20000000E-01
     31308    0.20000000E-01
     31309    0.20000000E-01
     31310    0.20000000E-01
     31311    0.20000000E-01
     31319    0.20000000E-01
     31320    0.20000000E-01
     31321    0.20000000E-01
     31322    0.20000000E-01
     31323    0.20000000E-01
     31330    0.20000000E-01
     31331    0.20000000E-01
     31332    0.20000000E-01
     31333    0.20000000E-01
     31334    0.20000000E-01
     31345    0.20000000E-01
     31346    0.20000000E-01
     31347    0.20000000E-01
     31348    0.20000000E-01
     31359    0.20000000E-01
     31360    0.20000000E-01
     31361    0.20000000E-01
     31373    0.20000000E-01
     31374    0.20000000E-01
     31385    0.20000000E-01
     31386    0.20000000E-01
     31387    0.20000000E-01
     31398    0.20000000E-01
     31399    0.20000000E-01
     31400    0.20000000E-01
     31401    0.20000000E-01
     31402    0.20000000E-01
     31407    0.20000000E-01
     31408    0.20000000E-01
     31409    0.20000000E-01
     31410    0.20000000E-01
     31414    0.20000000E-01
     31415    0.20000000E-01
     31416    0.20000000E-01
     31417    0.20000000E-01
     31421    0.20000000E-01
     31422    0.20000000E-01
     31423    0.20000000E-01
mannings_n_at_sea_floor                                                         
           0
