FileFmt      1050624           0           0
NELG           58369        2590        2575
       12511
       12521
       12603
       12670
       12692
       12709
       12729
       12730
       12755
       12769
       12809
       12812
       12855
       12862
       12885
       12892
       12909
       12921
       12930
       12935
       12936
       12972
       13035
       13050
       13053
       13056
       13057
       13060
       13062
       13074
       13076
       13121
       13136
       13138
       13153
       13155
       13160
       13162
       13188
       13190
       13229
       13231
       13239
       13243
       13247
       13253
       13265
       13269
       13287
       13288
       13291
       13293
       13300
       13301
       13319
       13324
       13348
       13354
       13357
       13359
       13377
       13380
       13382
       13386
       13391
       13398
       13404
       13407
       13414
       13417
       13419
       13422
       13424
       13435
       13439
       13440
       13453
       13458
       13464
       13473
       13478
       13483
       13491
       13500
       13502
       13504
       13506
       13512
       13527
       13532
       13552
       13560
       13562
       13571
       13580
       13581
       13584
       13585
       13605
       13608
       13629
       13632
       13633
       13635
       13637
       13640
       13645
       13649
       13651
       13652
       13657
       13659
       13661
       13680
       13688
       13690
       13701
       13709
       13713
       13715
       13727
       13729
       13732
       13736
       13748
       13751
       13765
       13767
       13771
       13775
       13778
       13779
       13792
       13804
       13810
       13814
       13820
       13821
       13824
       13834
       13837
       13844
       13846
       13851
       13863
       13870
       13875
       13876
       13880
       13883
       13884
       13893
       13895
       13907
       13910
       13912
       13913
       13915
       13924
       13926
       13939
       13944
       13945
       13949
       13954
       13955
       13957
       13965
       13966
       13970
       13972
       13977
       13981
       13989
       13990
       13992
       13994
       13999
       14004
       14005
       14009
       14010
       14013
       14014
       14019
       14020
       14027
       14030
       14036
       14041
       14043
       14044
       14045
       14048
       14051
       14052
       14068
       14075
       14077
       14080
       14085
       14091
       14095
       14101
       14102
       14103
       14107
       14108
       14113
       14115
       14120
       14121
       14125
       14126
       14128
       14129
       14133
       14134
       14135
       14138
       14145
       14146
       14147
       14154
       14158
       14164
       14168
       14171
       14175
       14177
       14179
       14181
       14183
       14186
       14187
       14190
       14197
       14211
       14212
       14215
       14219
       14228
       14234
       14235
       14238
       14240
       14251
       14252
       14253
       14254
       14255
       14256
       14257
       14262
       14264
       14265
       14266
       14268
       14269
       14271
       14278
       14288
       14289
       14294
       14295
       14296
       14298
       14299
       14300
       14304
       14305
       14306
       14309
       14314
       14317
       14318
       14319
       14321
       14322
       14325
       14326
       14329
       14330
       14334
       14340
       14349
       14351
       14352
       14353
       14355
       14357
       14358
       14359
       14362
       14366
       14369
       14380
       14387
       14388
       14389
       14392
       14393
       14398
       14403
       14405
       14408
       14410
       14411
       14412
       14413
       14417
       14423
       14426
       14427
       14435
       14436
       14453
       14457
       14459
       14460
       14465
       14466
       14469
       14473
       14474
       14476
       14477
       14479
       14481
       14486
       14488
       14494
       14499
       14505
       14507
       14509
       14510
       14513
       14515
       14518
       14519
       14522
       14523
       14524
       14532
       14538
       14541
       14544
       14549
       14550
       14557
       14560
       14562
       14565
       14568
       14578
       14580
       14581
       14583
       14585
       14588
       14590
       14599
       14605
       14607
       14611
       14613
       14616
       14618
       14619
       14622
       14625
       14626
       14637
       14639
       14645
       14647
       14650
       14653
       14655
       14659
       14663
       14664
       14665
       14668
       14671
       14678
       14680
       14681
       14684
       14688
       14690
       14694
       14698
       14699
       14715
       14718
       14719
       14720
       14722
       14723
       14725
       14726
       14731
       14733
       14739
       14741
       14745
       14750
       14751
       14760
       14761
       14767
       14770
       14771
       14783
       14788
       14792
       14799
       14800
       14801
       14806
       14809
       14813
       14814
       14816
       14817
       14824
       14833
       14838
       14839
       14841
       14843
       14844
       14847
       14849
       14850
       14856
       14857
       14861
       14862
       14868
       14875
       14881
       14882
       14883
       14884
       14888
       14890
       14891
       14894
       14896
       14903
       14909
       14913
       14917
       14920
       14921
       14923
       14927
       14928
       14935
       14941
       14945
       14948
       14949
       14951
       14953
       14957
       14966
       14967
       14968
       14978
       14982
       14984
       14985
       14990
       14991
       14992
       14996
       14997
       15002
       15004
       15005
       15006
       15013
       15018
       15026
       15030
       15036
       15037
       15043
       15046
       15048
       15049
       15052
       15053
       15057
       15058
       15061
       15064
       15065
       15069
       15070
       15074
       15075
       15076
       15077
       15079
       15082
       15093
       15102
       15104
       15119
       15122
       15124
       15128
       15130
       15133
       15138
       15142
       15148
       15157
       15158
       15159
       15160
       15161
       15165
       15168
       15170
       15179
       15180
       15181
       15195
       15196
       15201
       15203
       15204
       15205
       15207
       15211
       15217
       15220
       15222
       15225
       15226
       15235
       15237
       15243
       15245
       15250
       15258
       15264
       15268
       15274
       15276
       15280
       15282
       15285
       15286
       15287
       15294
       15295
       15303
       15305
       15308
       15309
       15314
       15320
       15321
       15323
       15325
       15326
       15338
       15340
       15344
       15345
       15347
       15352
       15362
       15363
       15366
       15374
       15375
       15381
       15383
       15386
       15393
       15399
       15401
       15402
       15403
       15404
       15409
       15411
       15414
       15418
       15422
       15424
       15427
       15436
       15437
       15439
       15442
       15444
       15449
       15451
       15456
       15464
       15471
       15474
       15476
       15488
       15494
       15496
       15499
       15502
       15504
       15506
       15509
       15512
       15517
       15518
       15529
       15530
       15532
       15534
       15537
       15548
       15549
       15554
       15567
       15568
       15571
       15572
       15574
       15575
       15576
       15579
       15585
       15599
       15600
       15607
       15608
       15609
       15614
       15630
       15632
       15633
       15639
       15642
       15652
       15654
       15655
       15660
       15663
       15676
       15685
       15686
       15692
       15694
       15695
       15697
       15699
       15703
       15706
       15707
       15712
       15714
       15715
       15718
       15719
       15720
       15721
       15730
       15736
       15741
       15746
       15753
       15763
       15769
       15770
       15774
       15776
       15780
       15783
       15791
       15795
       15798
       15801
       15808
       15813
       15814
       15823
       15837
       15838
       15839
       15841
       15842
       15844
       15852
       15856
       15862
       15864
       15867
       15880
       15881
       15882
       15897
       15898
       15903
       15908
       15909
       15914
       15919
       15921
       15937
       15939
       15940
       15947
       15949
       15952
       15967
       15968
       15974
       15989
       15990
       15998
       16011
       16012
       16016
       16019
       16020
       16025
       16029
       16039
       16042
       16044
       16054
       16063
       16077
       16080
       16084
       16095
       16099
       16101
       16106
       16116
       16139
       16151
       16156
       16161
       16164
       16166
       16176
       16177
       16184
       16197
       16201
       16202
       16203
       16215
       16228
       16236
       16238
       16241
       16243
       16274
       16275
       16278
       16282
       16283
       16285
       16289
       16297
       16314
       16331
       16332
       16333
       16348
       16352
       16357
       16358
       16368
       16374
       16387
       16388
       16391
       16397
       16399
       16401
       16411
       16416
       16417
       16428
       16437
       16439
       16446
       16452
       16458
       16468
       16472
       16476
       16482
       16496
       16508
       16510
       16522
       16530
       16544
       16551
       16558
       16569
       16578
       16583
       16590
       16593
       16596
       16598
       16611
       16613
       16618
       16631
       16633
       16636
       16637
       16638
       16639
       16640
       16642
       16643
       16646
       16650
       16657
       16666
       16678
       16683
       16691
       16706
       16711
       16722
       16723
       16724
       16728
       16739
       16745
       16751
       16752
       16759
       16764
       16777
       16786
       16791
       16795
       16798
       16812
       16822
       16828
       16832
       16833
       16839
       16842
       16852
       16853
       16858
       16861
       16866
       16872
       16875
       16893
       16895
       16896
       16900
       16917
       16924
       16927
       16933
       16936
       16939
       16949
       16950
       16952
       16954
       16955
       16963
       16966
       16967
       16975
       16978
       16986
       16991
       16996
       17010
       17014
       17018
       17026
       17027
       17031
       17042
       17050
       17051
       17055
       17062
       17064
       17070
       17074
       17085
       17092
       17101
       17103
       17110
       17113
       17119
       17121
       17122
       17123
       17125
       17130
       17131
       17139
       17147
       17148
       17149
       17151
       17157
       17159
       17166
       17172
       17176
       17183
       17186
       17190
       17191
       17198
       17199
       17200
       17218
       17229
       17243
       17244
       17246
       17250
       17256
       17265
       17267
       17268
       17278
       17280
       17282
       17285
       17294
       17297
       17311
       17314
       17321
       17324
       17326
       17333
       17335
       17351
       17358
       17368
       17371
       17383
       17386
       17387
       17388
       17391
       17396
       17397
       17413
       17414
       17415
       17416
       17419
       17423
       17426
       17435
       17440
       17446
       17447
       17455
       17467
       17471
       17474
       17475
       17476
       17478
       17485
       17486
       17500
       17503
       17504
       17509
       17513
       17515
       17526
       17538
       17547
       17549
       17551
       17553
       17558
       17570
       17572
       17576
       17577
       17590
       17596
       17599
       17609
       17619
       17622
       17624
       17634
       17637
       17646
       17647
       17648
       17654
       17660
       17662
       17665
       17666
       17667
       17668
       17676
       17679
       17680
       17686
       17689
       17703
       17704
       17707
       17711
       17718
       17724
       17725
       17726
       17731
       17735
       17746
       17747
       17751
       17754
       17765
       17769
       17771
       17781
       17787
       17789
       17791
       17792
       17796
       17798
       17813
       17817
       17820
       17823
       17825
       17830
       17834
       17835
       17841
       17842
       17845
       17846
       17853
       17857
       17867
       17868
       17869
       17874
       17878
       17885
       17895
       17896
       17899
       17904
       17912
       17915
       17916
       17921
       17923
       17927
       17929
       17930
       17935
       17938
       17949
       17951
       17961
       17963
       17965
       17969
       17975
       17978
       17981
       17993
       17997
       18003
       18006
       18010
       18011
       18025
       18030
       18042
       18043
       18050
       18053
       18054
       18056
       18063
       18067
       18070
       18076
       18086
       18087
       18095
       18097
       18101
       18104
       18109
       18110
       18111
       18112
       18115
       18127
       18129
       18131
       18133
       18146
       18147
       18150
       18159
       18160
       18164
       18165
       18169
       18189
       18190
       18191
       18194
       18195
       18205
       18207
       18216
       18217
       18218
       18223
       18225
       18228
       18229
       18230
       18233
       18235
       18237
       18253
       18254
       18257
       18262
       18269
       18270
       18273
       18275
       18276
       18277
       18280
       18283
       18291
       18304
       18311
       18315
       18316
       18318
       18325
       18326
       18328
       18329
       18335
       18337
       18340
       18343
       18345
       18354
       18361
       18364
       18367
       18374
       18384
       18388
       18394
       18397
       18399
       18408
       18414
       18416
       18422
       18428
       18430
       18431
       18437
       18444
       18446
       18447
       18454
       18455
       18459
       18470
       18473
       18484
       18485
       18486
       18489
       18496
       18500
       18503
       18506
       18511
       18516
       18529
       18531
       18532
       18537
       18538
       18544
       18546
       18547
       18549
       18557
       18563
       18565
       18566
       18568
       18569
       18576
       18587
       18596
       18597
       18600
       18601
       18604
       18605
       18607
       18614
       18626
       18628
       18630
       18635
       18653
       18661
       18664
       18668
       18670
       18673
       18680
       18686
       18688
       18689
       18690
       18691
       18692
       18693
       18695
       18701
       18704
       18708
       18714
       18716
       18719
       18729
       18731
       18734
       18737
       18738
       18740
       18742
       18747
       18748
       18749
       18752
       18766
       18779
       18788
       18791
       18794
       18795
       18803
       18805
       18816
       18817
       18832
       18833
       18834
       18837
       18838
       18840
       18844
       18846
       18850
       18851
       18852
       18855
       18859
       18864
       18868
       18874
       18875
       18879
       18886
       18888
       18890
       18894
       18901
       18905
       18914
       18918
       18927
       18929
       18935
       18937
       18945
       18948
       18960
       18965
       18972
       18973
       18978
       18979
       18982
       18983
       18986
       18990
       18992
       18997
       19000
       19001
       19003
       19009
       19012
       19016
       19025
       19031
       19032
       19034
       19043
       19044
       19050
       19051
       19053
       19069
       19075
       19080
       19082
       19085
       19086
       19102
       19109
       19115
       19119
       19125
       19143
       19144
       19145
       19148
       19149
       19152
       19153
       19165
       19166
       19169
       19170
       19177
       19179
       19180
       19182
       19184
       19186
       19188
       19197
       19198
       19203
       19206
       19208
       19211
       19215
       19218
       19229
       19230
       19241
       19243
       19246
       19251
       19253
       19254
       19255
       19258
       19262
       19265
       19266
       19273
       19283
       19284
       19288
       19291
       19293
       19295
       19299
       19308
       19311
       19313
       19314
       19318
       19328
       19329
       19331
       19332
       19333
       19338
       19340
       19345
       19347
       19348
       19351
       19354
       19359
       19361
       19377
       19381
       19384
       19386
       19388
       19389
       19396
       19399
       19400
       19403
       19404
       19406
       19410
       19416
       19423
       19431
       19434
       19439
       19441
       19446
       19456
       19458
       19466
       19468
       19470
       19474
       19476
       19481
       19486
       19487
       19488
       19491
       19492
       19495
       19504
       19505
       19513
       19517
       19521
       19522
       19527
       19533
       19542
       19545
       19547
       19549
       19550
       19553
       19561
       19564
       19566
       19570
       19571
       19579
       19582
       19585
       19587
       19592
       19602
       19609
       19610
       19612
       19617
       19621
       19623
       19628
       19630
       19631
       19638
       19639
       19644
       19647
       19650
       19651
       19652
       19655
       19657
       19662
       19663
       19676
       19679
       19682
       19685
       19688
       19691
       19692
       19693
       19699
       19701
       19706
       19710
       19712
       19722
       19724
       19727
       19731
       19737
       19738
       19739
       19747
       19752
       19753
       19757
       19759
       19761
       19763
       19769
       19774
       19775
       19779
       19781
       19782
       19783
       19789
       19792
       19794
       19807
       19810
       19811
       19813
       19823
       19827
       19831
       19838
       19839
       19841
       19843
       19846
       19857
       19861
       19863
       19872
       19873
       19876
       19881
       19882
       19885
       19895
       19896
       19897
       19906
       19909
       19910
       19914
       19916
       19918
       19922
       19924
       19926
       19927
       19928
       19929
       19931
       19939
       19940
       19949
       19952
       19954
       19955
       19957
       19960
       19963
       19967
       19969
       19974
       19975
       19976
       19977
       19986
       19988
       19995
       19996
       19999
       20003
       20013
       20016
       20018
       20019
       20023
       20024
       20029
       20030
       20031
       20032
       20033
       20035
       20039
       20043
       20045
       20048
       20050
       20051
       20052
       20061
       20062
       20064
       20069
       20084
       20087
       20089
       20097
       20100
       20104
       20109
       20112
       20113
       20116
       20117
       20118
       20122
       20128
       20129
       20135
       20137
       20138
       20139
       20142
       20144
       20145
       20146
       20147
       20151
       20156
       20159
       20164
       20166
       20178
       20179
       20184
       20186
       20187
       20194
       20204
       20208
       20212
       20213
       20216
       20217
       20223
       20226
       20237
       20239
       20241
       20242
       20243
       20245
       20248
       20251
       20253
       20254
       20261
       20265
       20269
       20284
       20287
       20289
       20291
       20292
       20294
       20300
       20307
       20308
       20314
       20315
       20317
       20319
       20338
       20343
       20346
       20347
       20348
       20350
       20352
       20365
       20366
       20372
       20373
       20374
       20378
       20380
       20385
       20386
       20387
       20395
       20396
       20398
       20401
       20404
       20414
       20416
       20429
       20432
       20434
       20436
       20442
       20445
       20446
       20449
       20450
       20455
       20460
       20467
       20468
       20469
       20470
       20475
       20479
       20480
       20481
       20487
       20488
       20492
       20496
       20502
       20508
       20512
       20515
       20516
       20517
       20518
       20520
       20526
       20531
       20534
       20545
       20546
       20553
       20559
       20560
       20561
       20563
       20564
       20572
       20577
       20583
       20585
       20589
       20597
       20598
       20610
       20617
       20619
       20620
       20629
       20637
       20641
       20642
       20643
       20644
       20646
       20651
       20653
       20666
       20667
       20669
       20673
       20678
       20680
       20686
       20687
       20691
       20694
       20695
       20698
       20702
       20704
       20722
       20727
       20729
       20730
       20733
       20736
       20737
       20747
       20751
       20752
       20761
       20763
       20767
       20770
       20773
       20775
       20778
       20780
       20783
       20784
       20787
       20788
       20793
       20796
       20809
       20817
       20824
       20826
       20828
       20835
       20837
       20845
       20847
       20848
       20855
       20860
       20861
       20869
       20875
       20877
       20884
       20885
       20887
       20889
       20890
       20894
       20897
       20904
       20910
       20912
       20914
       20924
       20925
       20930
       20941
       20947
       20950
       20951
       20952
       20964
       20970
       20973
       20975
       20976
       20982
       20984
       20986
       20988
       20996
       20998
       21003
       21004
       21009
       21012
       21024
       21026
       21033
       21038
       21041
       21052
       21060
       21061
       21063
       21065
       21075
       21076
       21078
       21084
       21085
       21087
       21088
       21093
       21096
       21106
       21111
       21115
       21119
       21123
       21126
       21127
       21135
       21136
       21141
       21145
       21147
       21157
       21158
       21160
       21176
       21191
       21199
       21210
       21212
       21214
       21216
       21217
       21220
       21228
       21231
       21234
       21236
       21245
       21247
       21248
       21253
       21255
       21259
       21261
       21266
       21272
       21273
       21282
       21290
       21295
       21310
       21311
       21315
       21316
       21320
       21321
       21331
       21340
       21342
       21346
       21352
       21355
       21356
       21357
       21360
       21364
       21369
       21373
       21374
       21385
       21386
       21397
       21401
       21405
       21415
       21431
       21440
       21442
       21447
       21454
       21461
       21462
       21464
       21470
       21475
       21476
       21482
       21484
       21488
       21491
       21492
       21495
       21496
       21506
       21507
       21510
       21512
       21521
       21525
       21526
       21541
       21544
       21547
       21556
       21560
       21561
       21562
       21565
       21568
       21570
       21580
       21583
       21586
       21595
       21597
       21607
       21608
       21627
       21631
       21632
       21635
       21637
       21645
       21646
       21652
       21658
       21662
       21673
       21675
       21677
       21681
       21683
       21685
       21686
       21689
       21692
       21705
       21721
       21725
       21727
       21732
       21733
       21739
       21744
       21745
       21749
       21751
       21753
       21755
       21756
       21757
       21764
       21765
       21769
       21770
       21778
       21780
       21790
       21792
       21793
       21795
       21798
       21807
       21816
       21820
       21823
       21828
       21833
       21844
       21850
       21854
       21855
       21856
       21862
       21865
       21867
       21880
       21888
       21891
       21893
       21896
       21898
       21907
       21909
       21911
       21914
       21918
       21920
       21921
       21926
       21928
       21933
       21936
       21937
       21940
       21945
       21953
       21954
       21957
       21971
       21973
       21999
       22001
       22004
       22005
       22009
       22010
       22022
       22033
       22035
       22040
       22051
       22052
       22069
       22071
       22075
       22078
       22079
       22086
       22087
       22094
       22096
       22100
       22101
       22103
       22109
       22117
       22118
       22119
       22124
       22151
       22152
       22158
       22162
       22166
       22169
       22171
       22172
       22175
       22184
       22185
       22193
       22194
       22203
       22206
       22210
       22212
       22218
       22230
       22238
       22244
       22245
       22248
       22249
       22251
       22253
       22256
       22264
       22270
       22276
       22286
       22304
       22307
       22322
       22327
       22329
       22330
       22331
       22333
       22337
       22338
       22340
       22341
       22344
       22354
       22361
       22366
       22370
       22371
       22372
       22373
       22383
       22386
       22387
       22391
       22393
       22399
       22403
       22412
       22420
       22423
       22431
       22433
       22435
       22446
       22447
       22448
       22449
       22452
       22460
       22475
       22477
       22484
       22493
       22497
       22499
       22501
       22502
       22504
       22506
       22509
       22513
       22515
       22518
       22525
       22541
       22547
       22558
       22559
       22562
       22564
       22565
       22568
       22574
       22588
       22589
       22595
       22599
       22607
       22609
       22614
       22627
       22637
       22638
       22643
       22656
       22663
       22675
       22678
       22689
       22694
       22697
       22710
       22718
       22722
       22729
       22737
       22750
       22753
       22762
       22763
       22764
       22765
       22778
       22779
       22783
       22785
       22794
       22795
       22796
       22845
       22856
       22876
       22902
       22913
       22925
       22931
       22937
       22938
       22951
       22962
       22971
       22972
       22974
       22976
       22977
       22981
       23013
       23020
       23022
       23024
       23045
       23058
       23059
       23067
       23068
       23072
       23116
       23145
       23161
       23182
       23198
       23211
       23214
       23225
       23244
       23266
       23268
       23307
       23334
       23335
       23377
       23384
       23388
       23398
       23402
       23421
       23474
       23485
      -23489
       23494
       23501
       23506
       23522
       23543
       23554
       23557
       23558
       23567
       23575
       23614
       23621
       23657
       23670
       23689
      -23727
       23731
       23735
       23749
       23781
       23790
       23800
       23829
       23857
       23859
       23864
       23870
       23877
       23886
      -23898
       23902
       23908
       23915
       23984
       23988
       24011
       24018
       24033
       24037
       24048
       24057
       24062
       24063
       24081
       24083
       24102
       24114
       24122
       24133
       24176
       24180
       24190
      -24195
       24203
       24246
       24257
       24267
       24282
       24283
       24310
       24313
       24318
       24341
       24358
       24365
       24389
       24393
       24396
       24402
       24439
       24443
       24447
       24452
      -24498
       24501
       24516
       24518
       24536
       24551
       24576
       24586
       24592
       24597
       24631
       24633
       24636
       24641
       24663
      -24677
       24678
       24685
       24691
       24746
       24766
       24775
       24783
       24815
       24816
       24818
       24828
       24839
       24884
       24911
       24935
       24943
      -24948
       24953
       24957
       24960
       24966
       24968
       24997
       25001
       25013
       25073
       25143
       25158
       25182
      -25207
       25212
       25213
       25223
       25237
       25282
       25294
       25313
       25331
       25360
       25369
       25372
       25441
       25446
       25456
       25470
      -25521
       25527
       25547
       25564
       25632
       25648
       25651
       25661
       25670
       25674
       25689
       25694
       25696
       25710
      -25816
       25817
       25866
       25868
       25897
       25900
       25932
       25936
       25944
       25975
       25991
       26025
       26034
       26035
       26047
       26058
       26164
      -26168
       26244
       26280
       26291
       26300
       26306
       26324
       26326
       26333
       26395
       26410
       26419
       26424
       26444
       26455
      -26474
       26569
       26583
       26616
       26635
       26643
       26660
       26685
       26700
       26737
       26739
       26742
       26782
       26791
      -26816
       26834
       26930
       26932
       26954
       26959
       26965
       26973
       26984
       26992
       27007
       27025
       27029
       27056
       27064
       27082
      -27094
       27205
       27228
       27252
       27264
       27274
       27285
       27297
       27300
      -27321
       27342
       27356
       27389
       27418
       27423
       27438
       27495
       27506
      -27518
       27527
       27551
       27567
      -27569
       27578
       27589
       27603
       27666
       27668
       27671
       27707
      -27721
       27744
       27745
       27766
       27771
       27776
       27794
       27806
       27813
      -27818
       27868
       27900
       27908
       27964
       27970
       27975
       28005
      -28033
       28058
       28059
       28087
       28093
      -28104
       28105
       28149
       28174
       28196
       28205
      -28236
      -28270
       28285
      -28325
       28362
       28375
       28389
       28400
      -28464
      -28467
      -28517
      -28570
      -28600
       28624
      -28649
      -28723
      -28729
      -28831
      -28853
      -28909
NNODG          31435        1437        1399
           1
           2
           3
           4
           5
           6
           7
           8
           9
          10
          11
          12
          13
          14
          15
          16
          17
          18
          19
          20
          21
          22
          23
          24
          25
          26
          27
          28
          29
          30
          31
          32
          33
          34
          35
          36
          37
          38
          39
          40
          41
          42
          43
          44
          45
          46
          47
          48
          49
          50
          51
          52
          53
          54
          55
          56
          57
          58
          59
          60
          61
          62
          63
          64
          65
          66
          67
          68
          69
          70
          71
          72
          73
          74
          75
          76
          77
          78
          79
          80
          81
          82
          83
          84
          85
          86
          87
          88
          89
          90
          91
          92
          93
          94
          95
          96
          97
          98
          99
         100
         101
         102
         103
         104
         105
         106
         107
         108
         109
         110
         111
         112
         113
         114
         115
         116
         117
         118
         119
         120
         121
         122
         123
         124
         125
         126
         127
         128
         129
         130
         131
         132
         133
         134
         135
         136
         137
         138
         139
         140
         141
         142
         143
         144
         145
         146
         147
         148
         149
         150
         151
         152
         153
         154
         155
         156
         157
         158
         159
         160
         161
         162
         163
         164
         165
         166
         167
         168
         169
         170
         171
         172
         173
         174
         175
         176
         177
         178
         179
         180
         181
         182
         183
         184
         185
         186
         187
         188
         189
         190
         191
         192
         193
         194
         195
         196
         197
         198
         199
         200
         201
         202
         203
         204
         205
         206
         207
         208
         209
         210
         211
         212
         213
         214
         215
         216
         217
         218
         219
         220
         221
         222
         223
         224
         225
         226
         227
         228
         229
         230
         231
         232
         233
         234
         235
         236
         237
         238
         239
         240
         241
         242
         243
         244
         245
         246
         247
         248
         249
         250
         251
         252
         253
         254
         255
         256
         257
         258
         259
         260
         261
         262
         263
         264
         265
         266
         267
         268
         269
         270
         271
         272
         273
         274
         275
         276
         277
         278
         279
         280
         281
         282
         283
         284
         285
         286
         287
         288
         289
         290
         291
         292
         293
         294
         295
         296
         297
         298
         299
         300
         301
         302
         303
         304
         305
         306
         307
         308
         309
         310
         311
         312
         313
         314
         315
         316
         317
         318
         319
         320
         321
         322
         323
         324
         325
         326
         327
         328
         329
         330
         331
         332
         333
         334
         335
         336
         337
         338
         339
         340
         341
         342
         343
         344
         345
         346
         347
         348
         349
         350
         351
         352
         353
         354
         355
         356
         357
         358
         359
         360
         361
         362
         363
         364
         365
         366
         367
         368
         369
         370
         371
         372
         373
         374
         375
         376
         377
         378
         379
         380
         381
         382
         383
         384
         385
         386
         387
         388
         389
         390
         391
         392
         393
         394
         395
         396
         397
         398
         399
         400
         401
         402
         403
         404
         405
         406
         407
         408
         409
         410
         411
         412
         413
         414
         415
         416
         417
         418
         419
         420
         421
         422
         423
         424
         425
         426
         427
         428
         429
         430
         431
         432
         433
         434
         435
         436
         437
         438
         439
         440
         441
         442
         443
         444
         445
         446
         447
         448
         449
         450
         451
         452
         453
         454
         455
         456
         457
         458
         459
         460
         461
         462
         463
         464
         465
         466
         467
         468
         469
         470
         471
         472
         473
         474
         475
         476
         477
         478
         479
         480
         481
         482
         483
         484
         485
         486
         487
         488
         489
         490
         491
         492
         493
         494
         495
         496
         497
         498
         499
         500
         501
         502
         503
         504
         505
         506
         507
         508
         509
         510
         511
         512
         513
         514
         515
         516
         517
         518
         519
         520
         521
         522
         523
         524
         525
         526
         527
         528
         529
         530
         531
         532
         533
         534
         535
         536
         537
         538
         539
         540
         541
         542
         543
         544
         545
         546
         547
         548
         549
         550
         551
         552
         553
         554
         555
         556
         557
         558
         559
         560
         561
         562
         563
         564
         565
         566
         567
         568
         569
         570
         571
         572
         573
         574
         575
         576
         577
         578
         579
         580
         581
         582
         583
         584
         585
         586
         587
         588
         589
         590
         591
         592
         593
         594
         595
         596
         597
         598
         599
         600
         601
         602
         603
         604
         605
         606
         607
         608
         609
         610
         611
         612
         613
         614
         615
         616
         617
         618
         619
         620
         621
         622
         623
         624
         625
         626
         627
         628
         629
         630
         631
         632
         633
         634
         635
         636
         637
         638
         639
         640
         641
         642
         643
         644
         645
         646
         647
         648
         649
         650
         651
         652
         653
         654
         655
         656
         657
         658
         659
         660
         661
         662
         663
         664
         665
         666
         667
         668
         669
         670
         671
         672
         673
         674
         675
         676
         677
         678
         679
         680
         681
         682
         683
         684
         685
         686
         687
         688
         689
         690
         691
         692
         693
         694
         695
         696
         697
         698
         699
         700
         701
         702
         703
         704
         705
         706
         707
         708
         709
         710
         711
         712
         713
         714
         715
         716
         717
         718
         719
         720
         721
         722
         723
         724
         725
         726
         727
         728
         729
         730
         731
         732
         733
         734
         735
         736
         737
         738
         739
        -740
        -741
         742
         743
        -744
        -745
        -746
        -747
         748
        -749
         750
         751
         752
         753
         754
         755
         756
         757
         758
         759
         760
         761
         762
         763
         764
         765
         766
         767
         768
         769
         770
         771
         772
         773
         774
         775
         776
         777
         778
         779
         780
         781
         782
         783
         784
         785
         786
         787
         788
         789
         790
         791
         792
         793
         794
         795
         796
         797
         798
         799
         800
         801
         802
         803
         804
         805
         806
         807
         808
         809
         810
         811
         812
         813
         814
         815
         816
         817
         818
         819
         820
         821
         822
        -825
        -827
        -831
        -833
         834
        -835
         836
         837
         838
         839
         840
         841
         842
         843
         844
         845
         846
         847
         848
         849
         850
         851
         852
         853
         854
         855
         856
         857
         858
         859
         860
         861
         862
         863
         864
         865
         866
         867
         868
         869
         870
         871
         872
         873
         874
         875
         876
         877
         878
         879
         880
         881
         882
         883
         884
         885
         886
         887
         888
         889
         890
         891
         892
         893
         894
         895
        -900
        -910
         912
         913
         914
         915
         916
         917
         918
         919
         920
         921
         922
         923
         924
         925
         926
         927
         928
         929
         930
         931
         932
         933
         934
         935
         936
         937
         938
         939
         940
         941
         942
         943
         944
         945
         946
         947
         948
         949
         950
         951
         952
         953
         954
         955
         956
         957
         958
         959
         960
         961
         962
         963
         964
         965
         966
         967
        -974
        -988
         990
         991
         992
         993
         994
         995
         996
         997
         998
         999
        1000
        1001
        1002
        1003
        1004
        1005
        1006
        1007
        1008
        1009
        1010
        1011
        1012
        1013
        1014
        1015
        1016
        1017
        1018
        1019
        1020
        1021
        1022
        1023
        1024
        1025
        1026
        1027
        1028
        1029
        1030
        1031
        1032
        1033
        1034
        1035
        1036
        1037
        1038
        1039
       -1047
       -1063
        1065
        1066
        1067
        1068
        1069
        1070
        1071
        1072
        1073
        1074
        1075
        1076
        1077
        1078
        1079
        1080
        1081
        1082
        1083
        1084
        1085
        1086
        1087
        1088
        1089
        1090
        1091
        1092
        1093
        1094
        1095
        1096
        1097
        1098
        1099
        1100
        1101
        1102
        1103
        1104
        1105
       -1115
       -1134
        1136
        1137
        1138
        1139
        1140
        1141
        1142
        1143
        1144
        1145
        1146
        1147
        1148
        1149
        1150
        1151
       -1152
        1153
        1154
        1155
        1156
        1157
        1158
        1159
        1160
        1161
        1162
        1163
        1164
        1165
        1166
        1167
        1168
        1169
        1170
        1171
        1172
        1173
        1174
        1175
        1188
       -1189
       -1190
        1213
        1214
        1215
        1216
        1217
        1218
        1219
        1220
        1221
        1222
        1223
        1224
        1225
       -1226
        1227
        1228
        1229
        1230
        1231
        1232
        1233
        1234
        1235
        1236
        1237
        1238
        1239
        1240
        1241
        1242
        1243
        1244
        1245
        1246
        1247
        1248
        1249
        1250
        1251
        1252
        1253
        1254
        1273
        1274
       -1275
        1299
        1300
        1301
        1302
        1303
        1304
        1305
        1306
        1307
        1308
        1309
        1310
       -1311
        1312
        1313
        1314
        1315
        1316
        1317
        1318
        1319
        1320
        1321
        1322
        1323
        1324
        1325
        1326
        1327
        1328
        1329
        1330
        1331
        1332
        1333
        1334
        1335
        1336
        1337
        1338
        1339
        1340
        1341
        1342
        1367
       -1368
        1396
        1397
        1398
        1399
        1400
        1401
        1402
        1403
        1404
        1405
       -1406
        1407
        1408
        1409
        1410
        1411
        1412
        1413
        1414
        1415
        1416
        1417
        1418
        1419
        1420
        1421
        1422
        1423
        1424
        1425
        1426
        1427
        1428
        1429
        1430
       -1431
        1432
        1433
        1434
        1435
        1436
        1437
        1438
        1439
        1440
        1497
        1498
        1499
        1500
       -1501
       -1502
        1503
        1504
        1505
        1506
        1507
        1508
        1509
        1510
        1511
        1512
        1513
        1514
        1515
        1516
        1517
        1518
        1519
        1520
        1521
        1522
        1523
       -1524
       -1525
       -1528
        1529
        1530
        1531
        1532
        1533
        1534
        1535
        1536
        1537
        1538
        1539
        1540
        1604
       -1605
        1606
       -1607
        1610
        1611
        1612
        1613
        1614
        1615
        1616
        1617
        1618
        1619
        1620
        1621
        1622
        1623
        1624
        1625
        1626
        1627
        1628
       -1629
       -1637
       -1638
       -1639
       -1640
       -1641
        1642
        1643
        1644
        1645
        1646
        1647
        1648
        1649
        1650
        1716
       -1719
        1722
        1723
        1724
        1725
        1726
        1727
        1728
        1729
        1730
        1731
        1732
       -1733
       -1734
       -1751
        1752
        1753
        1754
        1755
        1756
        1757
        1758
       -1759
       -1760
       -1829
        1835
        1836
        1837
        1838
        1839
        1840
        1841
        1842
        1843
        1844
        1845
        1846
        1847
       -1848
       -1869
        1870
        1871
        1872
       -1873
       -1874
        1958
        1959
        1960
        1961
        1962
        1963
        1964
        1965
        1966
        1967
        1968
        1969
       -1970
       -1971
       -2000
       -2001
       -2002
       -2003
        2088
        2089
        2090
        2091
        2092
        2093
        2094
        2095
       -2096
       -2097
        2232
        2233
        2234
        2235
        2236
       -2237
        2387
        2388
        2389
        2390
       -2391
        2533
        2534
        2535
       -2536
        2693
        2694
        2869
        2870
        3068
        3069
        3263
        3264
NFLUXF             0
NETA             103          37           0
NSTAE              0           0           0
NSTAV              0           0           0
NSTAM              0           0           0
NSTAC              0           0           0
RES NODE           4        1335
                   1           2           3           4           5           6
                   7           8           9          10          11          12
                  13          14          15          16          17          18
                  19          20          21          22          23          24
                  25          26          27          28          29          30
                  31          32          33          34          35          36
                  37          38          39          40          41          42
                  43          44          45          46          47          48
                  49          50          51          52          53          54
                  55          56          57          58          59          60
                  61          62          63          64          65          66
                  67          68          69          70          71          72
                  73          74          75          76          77          78
                  79          80          81          82          83          84
                  85          86          87          88          89          90
                  91          92          93          94          95          96
                  97          98          99         100         101         102
                 103         104         105         106         107         108
                 109         110         111         112         113         114
                 115         116         117         118         119         120
                 121         122         123         124         125         126
                 127         128         129         130         131         132
                 133         134         135         136         137         138
                 139         140         141         142         143         144
                 145         146         147         148         149         150
                 151         152         153         154         155         156
                 157         158         159         160         161         162
                 163         164         165         166         167         168
                 169         170         171         172         173         174
                 175         176         177         178         179         180
                 181         182         183         184         185         186
                 187         188         189         190         191         192
                 193         194         195         196         197         198
                 199         200         201         202         203         204
                 205         206         207         208         209         210
                 211         212         213         214         215         216
                 217         218         219         220         221         222
                 223         224         225         226         227         228
                 229         230         231         232         233         234
                 235         236         237         238         239         240
                 241         242         243         244         245         246
                 247         248         249         250         251         252
                 253         254         255         256         257         258
                 259         260         261         262         263         264
                 265         266         267         268         269         270
                 271         272         273         274         275         276
                 277         278         279         280         281         282
                 283         284         285         286         287         288
                 289         290         291         292         293         294
                 295         296         297         298         299         300
                 301         302         303         304         305         306
                 307         308         309         310         311         312
                 313         314         315         316         317         318
                 319         320         321         322         323         324
                 325         326         327         328         329         330
                 331         332         333         334         335         336
                 337         338         339         340         341         342
                 343         344         345         346         347         348
                 349         350         351         352         353         354
                 355         356         357         358         359         360
                 361         362         363         364         365         366
                 367         368         369         370         371         372
                 373         374         375         376         377         378
                 379         380         381         382         383         384
                 385         386         387         388         389         390
                 391         392         393         394         395         396
                 397         398         399         400         401         402
                 403         404         405         406         407         408
                 409         410         411         412         413         414
                 415         416         417         418         419         420
                 421         422         423         424         425         426
                 427         428         429         430         431         432
                 433         434         435         436         437         438
                 439         440         441         442         443         444
                 445         446         447         448         449         450
                 451         452         453         454         455         456
                 457         458         459         460         461         462
                 463         464         465         466         467         468
                 469         470         471         472         473         474
                 475         476         477         478         479         480
                 481         482         483         484         485         486
                 487         488         489         490         491         492
                 493         494         495         496         497         498
                 499         500         501         502         503         504
                 505         506         507         508         509         510
                 511         512         513         514         515         516
                 517         518         519         520         521         522
                 523         524         525         526         527         528
                 529         530         531         532         533         534
                 535         536         537         538         539         540
                 541         542         543         544         545         546
                 547         548         549         550         551         552
                 553         554         555         556         557         558
                 559         560         561         562         563         564
                 565         566         567         568         569         570
                 571         572         573         574         575         576
                 577         578         579         580         581         582
                 583         584         585         586         587         588
                 589         590         591         592         593         594
                 595         596         597         598         599         600
                 601         602         603         604         605         606
                 607         608         609         610         611         612
                 613         614         615         616         617         618
                 619         620         621         622         623         624
                 625         626         627         628         629         630
                 631         632         633         634         635         636
                 637         638         639         640         641         642
                 643         644         645         646         647         648
                 649         650         651         652         653         654
                 655         656         657         658         659         660
                 661         662         663         664         665         666
                 667         668         669         670         671         672
                 673         674         675         676         677         678
                 679         680         681         682         683         684
                 685         686         687         688         689         690
                 691         692         693         694         695         696
                 697         698         699         700         701         702
                 703         704         705         706         707         708
                 709         710         711         712         713         714
                 715         716         717         718         719         720
                 721         722         723         724         725         726
                 727         728         729         730         731         732
                 733         734         735         736         737         738
                 739         742         743         748         750         751
                 752         753         754         755         756         757
                 758         759         760         761         762         763
                 764         765         766         767         768         769
                 770         771         772         773         774         775
                 776         777         778         779         780         781
                 782         783         784         785         786         787
                 788         789         790         791         792         793
                 794         795         796         797         798         799
                 800         801         802         803         804         805
                 806         807         808         809         810         811
                 812         813         814         815         816         817
                 818         819         820         821         822         827
                 829         830         831         832         833         834
                 835         836         837         838         839         840
                 841         842         843         844         845         846
                 847         848         849         850         851         852
                 853         854         855         856         857         858
                 859         860         861         862         863         864
                 865         866         867         868         869         870
                 871         872         873         874         875         876
                 877         878         879         880         881         882
                 883         884         885         886         887         888
                 891         892         893         894         895         896
                 897         898         899         900         901         902
                 903         904         905         906         907         908
                 909         910         911         912         913         914
                 915         916         917         918         919         920
                 921         922         923         924         925         926
                 927         928         929         930         931         932
                 933         934         935         936         937         938
                 939         940         941         942         943         944
                 945         946         949         950         951         952
                 953         954         955         956         957         958
                 959         960         961         962         963         964
                 965         966         967         968         969         970
                 971         972         973         974         975         976
                 977         978         979         980         981         982
                 983         984         985         986         987         988
                 989         990         991         992         993         994
                 995         996         997         998        1001        1002
                1003        1004        1005        1006        1007        1008
                1009        1010        1011        1012        1013        1014
                1015        1016        1017        1018        1019        1020
                1021        1022        1023        1024        1025        1026
                1027        1028        1029        1030        1031        1032
                1033        1034        1035        1036        1037        1038
                1039        1040        1041        1044        1045        1046
                1047        1048        1049        1050        1051        1052
                1053        1054        1055        1056        1057        1058
                1059        1061        1062        1063        1064        1065
                1066        1067        1068        1069        1070        1071
                1072        1073        1074        1075        1076        1077
                1078        1079        1080        1081        1082        1083
                1084        1087        1088        1089        1090        1091
                1092        1093        1094        1095        1096        1097
                1098        1099        1101        1102        1103        1104
                1105        1106        1107        1108        1109        1110
                1111        1112        1113        1114        1115        1116
                1117        1118        1119        1120        1121        1122
                1123        1124        1125        1126        1127        1128
                1129        1130        1132        1133        1134        1135
                1136        1137        1138        1139        1140        1141
                1142        1143        1145        1146        1147        1148
                1149        1150        1151        1152        1153        1154
                1155        1156        1157        1158        1159        1160
                1161        1162        1163        1164        1165        1166
                1167        1168        1169        1170        1171        1172
                1173        1174        1175        1176        1178        1179
                1180        1181        1182        1183        1184        1185
                1186        1187        1189        1190        1191        1192
                1193        1194        1195        1196        1197        1198
                1199        1200        1201        1202        1203        1204
                1205        1206        1207        1208        1209        1210
                1211        1212        1214        1215        1216        1217
                1218        1219        1220        1221        1222        1223
                1224        1225        1226        1229        1230        1231
                1232        1233        1234        1235        1236        1237
                1238        1239        1240        1241        1242        1243
                1244        1245        1246        1247        1248        1249
                1253        1254        1255        1256        1257        1258
                1259        1260        1261        1262        1263        1264
                1265        1267        1269        1270        1271        1272
                1273        1274        1275        1276        1277        1278
                1279        1280        1281        1282        1283        1284
                1285        1286        1287        1294        1295        1296
                1297        1298        1299        1300        1301        1302
                1303        1305        1306        1307        1308        1309
                1310        1311        1312        1313        1314        1315
                1319        1320        1321        1322        1323        1324
                1325        1329        1330        1331        1332        1333
                1334        1335        1336        1337        1338        1339
                1340        1341        1344        1345        1346        1349
                1350        1351        1352        1353        1354        1355
                1356        1357        1358        1359        1360        1367
                1368        1369        1370        1371        1372        1373
                1374        1377        1378        1379        1380        1381
                1383        1384        1385        1386        1388        1389
                1390        1392        1393        1394        1395        1396
                1397        1398        1399
COMM PE            3
RECV PE            1          11
                1228        1266        1268        1304        1326        1327
                1328        1347        1348        1365        1366
RECV PE            2           8
                1290        1291        1292        1293        1318        1343
                1363        1364
RECV PE            5          45
                 740         741         744         745         746         747
                 749         823         824         825         826         828
                 889         890         947         948         999        1000
                1042        1043        1060        1085        1086        1100
                1131        1144        1177        1188        1213        1227
                1250        1251        1252        1288        1289        1316
                1317        1342        1361        1362        1375        1376
                1382        1387        1391
SEND PE            1          11
                1189        1224        1226        1267        1301        1303
                1323        1324        1325        1345        1346
SEND PE            2           6
                1254        1255        1294        1319        1344        1345
SEND PE            5          48
                 662         663         666         667         668         671
                 676         742         743         750         751         756
                 827         834         864         898         921         955
                 970        1008        1019        1020        1050        1061
                1084        1101        1129        1130        1145        1166
                1176        1189        1211        1212        1214        1249
                1253        1254        1286        1287        1315        1341
                1359        1360        1374        1381        1386        1390
