AL, 14, 2016092812,   , BEST,   0, 134N,  598W,  50, 1009,   ,  34, NEQ,  180,  180,    0,   90, 1013,     ,  80,     ,    ,    ,    ,    ,  0,   1,    INVEST  ,   1,  139, 1, 1, 0, 1,    155.6,  155.0,  115.7,   76.3,    6.7532,   9.1298,   9.1195,   8.5202,   7.9183,  53.8889,  53.8889,  53.8889,  53.8889
AL, 14, 2016092812,   , BEST,   0, 134N,  598W,  50, 1009,   ,  50, NEQ,   90,    0,    0,    0, 1013,     ,  80,     ,    ,    ,    ,    ,  0,   1,    INVEST  ,   1,  139, 1, 0, 0, 0,     90.0,    0.0,    0.0,    0.0,    6.7532,   8.4265,   7.4399,   7.4399,   7.4399,  54.9634,  53.8889,  53.8889,  53.8889
AL, 14, 2016092818,   , BEST,   0, 136N,  612W,  50, 1008,   ,  34, NEQ,  180,  180,    0,  100, 1013,     ,  70,     ,    ,    ,    ,    ,  0,   1,   MATTHEW  ,   1,  139, 1, 1, 0, 1,    150.1,  149.3,  115.7,   81.8,    5.4025,   7.2646,   7.2544,   6.8380,   6.4167,  53.8889,  53.8889,  53.8889,  53.8889
AL, 14, 2016092818,   , BEST,   0, 136N,  612W,  50, 1008,   ,  50, NEQ,   90,    0,    0,    0, 1013,     ,  70,     ,    ,    ,    ,    ,  0,   1,   MATTHEW  ,   1,  139, 1, 0, 0, 0,     90.0,    0.0,    0.0,    0.0,    5.4025,   6.7583,   5.9602,   5.9602,   5.9602,  54.9634,  53.8889,  53.8889,  53.8889
AL, 14, 2016092900,   , BEST,   0, 139N,  626W,  55, 1004,   ,  34, NEQ,  180,  180,    0,  110, 1013,     ,  60,     ,    ,    ,    ,    ,  0,   1,   MATTHEW  ,   1,  139, 1, 1, 0, 1,    130.2,  129.2,  103.5,   77.3,    3.6522,   4.6656,   4.6582,   4.4574,   4.2531,  59.4444,  59.4444,  59.4444,  59.4444
AL, 14, 2016092900,   , BEST,   0, 139N,  626W,  55, 1004,   ,  50, NEQ,   90,    0,    0,    0, 1013,     ,  60,     ,    ,    ,    ,    ,  0,   1,   MATTHEW  ,   1,  139, 1, 0, 0, 0,     78.7,    0.0,    0.0,    0.0,    3.6522,   4.2643,   3.9482,   3.9625,   3.9668,  59.4444,  59.4444,  59.4444,  59.4444
AL, 14, 2016092906,   , BEST,   0, 140N,  640W,  55, 1002,   ,  34, NEQ,  180,  160,    0,  120, 1013,     ,  50,     ,    ,    ,    ,    ,  0,   1,   MATTHEW  ,   1,  139, 1, 1, 0, 1,    120.9,  104.8,   92.1,   78.5,    2.9881,   3.7653,   3.6618,   3.5801,   3.4922,  59.4444,  59.4444,  59.4444,  59.4444
AL, 14, 2016092906,   , BEST,   0, 140N,  640W,  55, 1002,   ,  50, NEQ,   90,    0,    0,   80, 1013,     ,  50,     ,    ,    ,    ,    ,  0,   1,   MATTHEW  ,   1,  139, 1, 0, 0, 1,     76.4,    0.0,    0.0,   71.1,    2.9881,   3.4788,   3.2075,   3.2207,   3.4446,  59.4444,  59.4444,  59.4444,  59.4444
AL, 14, 2016092912,   , BEST,   0, 141N,  655W,  60,  995,   ,  34, NEQ,  180,  140,   50,  130, 1013,     ,  40,     ,    ,    ,    ,    ,  0,   1,   MATTHEW  ,   1,  139, 1, 1, 1, 1,     95.2,   69.8,   22.7,   66.7,    2.1834,   2.5969,   2.4862,   2.2815,   2.4727,  65.0000,  65.0000,  65.0000,  65.0000
AL, 14, 2016092912,   , BEST,   0, 141N,  655W,  60,  995,   ,  50, NEQ,   90,    0,    0,   70, 1013,     ,  40,     ,    ,    ,    ,    ,  0,   1,   MATTHEW  ,   1,  139, 1, 0, 0, 1,     63.3,    0.0,    0.0,   50.7,    2.1834,   2.4577,   2.2976,   2.3041,   2.4030,  65.0000,  65.0000,  65.0000,  65.0000
AL, 14, 2016092918,   , BEST,   0, 142N,  669W,  65,  993,   ,  34, NEQ,  180,  120,   50,  140, 1013,     ,  30,     ,    ,    ,    ,    ,  0,   1,   MATTHEW  ,   1,  139, 1, 1, 1, 1,     91.8,   56.4,   21.9,   69.9,    2.3153,   2.7069,   2.5554,   2.4083,   2.6130,  70.5556,  70.5556,  70.5556,  70.5556
AL, 14, 2016092918,   , BEST,   0, 142N,  669W,  65,  993,   ,  50, NEQ,   90,    0,    0,   60, 1013,     ,  30,     ,    ,    ,    ,    ,  0,   1,   MATTHEW  ,   1,  139, 1, 0, 0, 1,     58.7,    0.0,    0.0,   39.5,    2.3153,   2.5649,   2.4113,   2.4155,   2.4830,  70.5556,  70.5556,  70.5556,  70.5556
AL, 14, 2016092918,   , BEST,   0, 142N,  669W,  65,  993,   ,  64, NEQ,   60,    0,    0,   30, 1013,     ,  30,     ,    ,    ,    ,    ,  0,   1,   MATTHEW  ,   1,  139, 1, 0, 0, 1,     59.1,    0.0,    0.0,   30.0,    2.3153,   2.5669,   2.4005,   2.3990,   2.5875,  70.5556,  70.5556,  70.5556,  72.6750
AL, 14, 2016093000,   , BEST,   0, 142N,  681W,  70,  987,   ,  34, NEQ,  170,  120,   50,  150, 1013,     ,  25,     ,    ,    ,    ,    ,  0,   1,   MATTHEW  ,   1,  139, 1, 1, 1, 1,     72.8,   47.4,   18.3,   64.2,    2.0725,   2.3305,   2.2400,   2.1369,   2.2997,  76.1111,  76.1111,  76.1111,  76.1111
AL, 14, 2016093000,   , BEST,   0, 142N,  681W,  70,  987,   ,  50, NEQ,   90,    0,    0,   60, 1013,     ,  25,     ,    ,    ,    ,    ,  0,   1,   MATTHEW  ,   1,  139, 1, 0, 0, 1,     50.8,    0.0,    0.0,   34.0,    2.0725,   2.2520,   2.1409,   2.1438,   2.1923,  76.1111,  76.1111,  76.1111,  76.1111
AL, 14, 2016093000,   , BEST,   0, 142N,  681W,  70,  987,   ,  64, NEQ,   50,    0,    0,   30, 1013,     ,  25,     ,    ,    ,    ,    ,  0,   1,   MATTHEW  ,   1,  139, 1, 0, 0, 1,     38.5,    0.0,    0.0,   24.3,    2.0725,   2.2083,   2.1246,   2.1283,   2.1581,  76.1111,  76.1111,  76.1111,  76.1111
AL, 14, 2016093006,   , BEST,   0, 140N,  693W,  85,  979,   ,  34, NEQ,  170,  100,   50,  160, 1013,     ,  20,     ,    ,    ,    ,    ,  0,   1,   MATTHEW  ,   1,  139, 1, 1, 1, 1,     67.4,   36.0,   17.1,   63.8,    2.3549,   2.5736,   2.4714,   2.4103,   2.5618,  92.7778,  92.7778,  92.7778,  92.7778
AL, 14, 2016093006,   , BEST,   0, 140N,  693W,  85,  979,   ,  50, NEQ,   80,   30,   30,   60, 1013,     ,  20,     ,    ,    ,    ,    ,  0,   1,   MATTHEW  ,   1,  139, 1, 1, 1, 1,     39.2,   13.8,   14.2,   29.4,    2.3549,   2.4819,   2.3995,   2.4007,   2.4502,  92.7778,  92.7778,  92.7778,  92.7778
AL, 14, 2016093006,   , BEST,   0, 140N,  693W,  85,  979,   ,  64, NEQ,   40,   20,   15,   30, 1013,     ,  20,     ,    ,    ,    ,    ,  0,   1,   MATTHEW  ,   1,  139, 1, 1, 1, 1,     24.2,   11.8,    9.1,   18.5,    2.3549,   2.4332,   2.3930,   2.3843,   2.4147,  92.7778,  92.7778,  92.7778,  92.7778
AL, 14, 2016093012,   , BEST,   0, 138N,  704W, 100,  968,   ,  34, NEQ,  170,   90,   50,  170, 1013,     ,  15,     ,    ,    ,    ,    ,  0,   1,   MATTHEW  ,   1,  139, 1, 1, 1, 1,     60.9,   29.2,   15.6,   61.7,    2.4760,   2.6492,   2.5588,   2.5203,   2.6515, 109.4444, 109.4444, 109.4444, 109.4444
AL, 14, 2016093012,   , BEST,   0, 138N,  704W, 100,  968,   ,  50, NEQ,   80,   30,   30,   80, 1013,     ,  15,     ,    ,    ,    ,    ,  0,   1,   MATTHEW  ,   1,  139, 1, 1, 1, 1,     34.9,   12.3,   12.6,   35.5,    2.4760,   2.5751,   2.5110,   2.5117,   2.5768, 109.4444, 109.4444, 109.4444, 109.4444
AL, 14, 2016093012,   , BEST,   0, 138N,  704W, 100,  968,   ,  64, NEQ,   30,   20,   15,   30, 1013,     ,  15,     ,    ,    ,    ,    ,  0,   1,   MATTHEW  ,   1,  139, 1, 1, 1, 1,     15.6,   10.2,    7.8,   15.9,    2.4760,   2.5201,   2.5050,   2.4981,   2.5210, 109.4444, 109.4444, 109.4444, 109.4444
AL, 14, 2016093018,   , BEST,   0, 135N,  712W, 120,  955,   ,  34, NEQ,  170,   90,   60,  170, 1013,     ,  10,     ,    ,    ,    ,    ,  0,   1,   MATTHEW  ,   1,  139, 1, 1, 1, 1,     59.2,   28.7,   18.7,   59.7,    2.7803,   2.9339,   2.8548,   2.8288,   2.9354, 131.6667, 131.6667, 131.6667, 131.6667
AL, 14, 2016093018,   , BEST,   0, 135N,  712W, 120,  955,   ,  50, NEQ,   80,   30,   30,   80, 1013,     ,  10,     ,    ,    ,    ,    ,  0,   1,   MATTHEW  ,   1,  139, 1, 1, 1, 1,     33.1,   11.8,   12.0,   33.4,    2.7803,   2.8660,   2.8108,   2.8113,   2.8670, 131.6667, 131.6667, 131.6667, 131.6667
AL, 14, 2016093018,   , BEST,   0, 135N,  712W, 120,  955,   ,  64, NEQ,   30,   20,   15,   30, 1013,     ,  10,     ,    ,    ,    ,    ,  0,   1,   MATTHEW  ,   1,  139, 1, 1, 1, 1,     14.3,    9.4,    7.2,   14.5,    2.7803,   2.8174,   2.8047,   2.7988,   2.8179, 131.6667, 131.6667, 131.6667, 131.6667
AL, 14, 2016100100,   , BEST,   0, 134N,  719W, 145,  942,   ,  34, NEQ,  170,   90,   60,  170, 1013,     ,   5,     ,    ,    ,    ,    ,  0,   1,   MATTHEW  ,   1,  139, 1, 1, 1, 1,     62.7,   30.9,   20.1,   63.1,    3.3307,   3.4902,   3.4092,   3.3819,   3.4913, 159.4444, 159.4444, 159.4444, 159.4444
AL, 14, 2016100100,   , BEST,   0, 134N,  719W, 145,  942,   ,  50, NEQ,   80,   30,   30,   70, 1013,     ,   5,     ,    ,    ,    ,    ,  0,   1,   MATTHEW  ,   1,  139, 1, 1, 1, 1,     33.9,   12.2,   12.3,   29.7,    3.3307,   3.4169,   3.3617,   3.3620,   3.4062, 159.4444, 159.4444, 159.4444, 159.4444
AL, 14, 2016100100,   , BEST,   0, 134N,  719W, 145,  942,   ,  64, NEQ,   30,   20,   15,   40, 1013,     ,   5,     ,    ,    ,    ,    ,  0,   1,   MATTHEW  ,   1,  139, 1, 1, 1, 1,     14.3,    9.4,    7.1,   19.3,    3.3307,   3.3669,   3.3546,   3.3487,   3.3797, 159.4444, 159.4444, 159.4444, 159.4444
AL, 14, 2016100106,   , BEST,   0, 134N,  725W, 140,  942,   ,  34, NEQ,  170,   90,   50,  170, 1013,     ,   5,     ,    ,    ,    ,    ,  0,   1,   MATTHEW  ,   1,  139, 1, 1, 1, 1,     59.5,   29.2,   15.7,   60.0,    3.1026,   3.2489,   3.1743,   3.1411,   3.2500, 153.8889, 153.8889, 153.8889, 153.8889
AL, 14, 2016100106,   , BEST,   0, 134N,  725W, 140,  942,   ,  50, NEQ,   80,   30,   30,   70, 1013,     ,   5,     ,    ,    ,    ,    ,  0,   1,   MATTHEW  ,   1,  139, 1, 1, 1, 1,     32.6,   11.7,   11.8,   28.5,    3.1026,   3.1826,   3.1313,   3.1316,   3.1727, 153.8889, 153.8889, 153.8889, 153.8889
AL, 14, 2016100106,   , BEST,   0, 134N,  725W, 140,  942,   ,  64, NEQ,   30,   20,   15,   40, 1013,     ,   5,     ,    ,    ,    ,    ,  0,   1,   MATTHEW  ,   1,  139, 1, 1, 1, 1,     13.8,    9.1,    6.9,   18.8,    3.1026,   3.1366,   3.1250,   3.1195,   3.1486, 153.8889, 153.8889, 153.8889, 153.8889
AL, 14, 2016100112,   , BEST,   0, 134N,  731W, 135,  944,   ,  34, NEQ,  170,   90,   60,  170, 1013,     ,   5,     ,    ,    ,    ,    ,  0,   1,   MATTHEW  ,   1,  139, 1, 1, 1, 1,     58.1,   28.4,   18.5,   58.6,    2.9662,   3.1079,   3.0354,   3.0112,   3.1091, 148.3333, 148.3333, 148.3333, 148.3333
AL, 14, 2016100112,   , BEST,   0, 134N,  731W, 135,  944,   ,  50, NEQ,   70,   40,   30,   70, 1013,     ,   5,     ,    ,    ,    ,    ,  0,   1,   MATTHEW  ,   1,  139, 1, 1, 1, 1,     27.8,   15.4,   11.6,   28.1,    2.9662,   3.0340,   3.0038,   2.9945,   3.0346, 148.3333, 148.3333, 148.3333, 148.3333
AL, 14, 2016100112,   , BEST,   0, 134N,  731W, 135,  944,   ,  64, NEQ,   25,   20,   15,   25, 1013,     ,   5,     ,    ,    ,    ,    ,  0,   1,   MATTHEW  ,   1,  139, 1, 1, 1, 1,     11.4,    9.0,    6.8,   11.5,    2.9662,   2.9939,   2.9882,   2.9828,   2.9942, 148.3333, 148.3333, 148.3333, 148.3333
AL, 14, 2016100118,   , BEST,   0, 134N,  733W, 130,  942,   ,  34, NEQ,  170,   90,   70,  170, 1013,     ,   5,     ,    ,    ,    ,    ,  0,   1,   MATTHEW  ,   1,  139, 1, 1, 1, 1,     53.0,   25.7,   19.7,   53.5,    2.6707,   2.7917,   2.7293,   2.7157,   2.7928, 142.7778, 142.7778, 142.7778, 142.7778
AL, 14, 2016100118,   , BEST,   0, 134N,  733W, 130,  942,   ,  50, NEQ,   70,   40,   30,   50, 1013,     ,   5,     ,    ,    ,    ,    ,  0,   1,   MATTHEW  ,   1,  139, 1, 1, 1, 1,     25.9,   14.3,   10.8,   18.4,    2.6707,   2.7297,   2.7033,   2.6953,   2.7126, 142.7778, 142.7778, 142.7778, 142.7778
AL, 14, 2016100118,   , BEST,   0, 134N,  733W, 130,  942,   ,  64, NEQ,   20,   20,   15,   25, 1013,     ,   5,     ,    ,    ,    ,    ,  0,   1,   MATTHEW  ,   1,  139, 1, 1, 1, 1,      8.6,    8.5,    6.5,   10.9,    2.6707,   2.6902,   2.6902,   2.6855,   2.6956, 142.7778, 142.7778, 142.7778, 142.7778
AL, 14, 2016100200,   , BEST,   0, 135N,  735W, 130,  940,   ,  34, NEQ,  170,   90,   70,  160, 1013,     ,   5,     ,    ,    ,    ,    ,  0,   1,   MATTHEW  ,   1,  139, 1, 1, 1, 1,     51.3,   24.8,   19.0,   48.3,    2.5976,   2.7122,   2.6530,   2.6401,   2.7055, 142.7778, 142.7778, 142.7778, 142.7778
AL, 14, 2016100200,   , BEST,   0, 135N,  735W, 130,  940,   ,  50, NEQ,   70,   40,   30,   50, 1013,     ,   5,     ,    ,    ,    ,    ,  0,   1,   MATTHEW  ,   1,  139, 1, 1, 1, 1,     25.2,   13.9,   10.5,   17.8,    2.5976,   2.6538,   2.6286,   2.6209,   2.6374, 142.7778, 142.7778, 142.7778, 142.7778
AL, 14, 2016100200,   , BEST,   0, 135N,  735W, 130,  940,   ,  64, NEQ,   25,   20,   20,   25, 1013,     ,   5,     ,    ,    ,    ,    ,  0,   1,   MATTHEW  ,   1,  139, 1, 1, 1, 1,     10.5,    8.3,    8.5,   10.7,    2.5976,   2.6210,   2.6162,   2.6165,   2.6213, 142.7778, 142.7778, 142.7778, 142.7778
AL, 14, 2016100206,   , BEST,   0, 137N,  739W, 125,  941,   ,  34, NEQ,  170,   70,   70,  160, 1013,     ,   5,     ,    ,    ,    ,    ,  0,   1,   MATTHEW  ,   1,  139, 1, 1, 1, 1,     48.9,   17.8,   18.0,   46.1,    2.4327,   2.5409,   2.4720,   2.4725,   2.5346, 137.2222, 137.2222, 137.2222, 137.2222
AL, 14, 2016100206,   , BEST,   0, 137N,  739W, 125,  941,   ,  50, NEQ,   60,   40,   30,   50, 1013,     ,   5,     ,    ,    ,    ,    ,  0,   1,   MATTHEW  ,   1,  139, 1, 1, 1, 1,     20.6,   13.4,   10.1,   17.2,    2.4327,   2.4782,   2.4622,   2.4550,   2.4707, 137.2222, 137.2222, 137.2222, 137.2222
AL, 14, 2016100206,   , BEST,   0, 137N,  739W, 125,  941,   ,  64, NEQ,   25,   20,   20,   25, 1013,     ,   5,     ,    ,    ,    ,    ,  0,   1,   MATTHEW  ,   1,  139, 1, 1, 1, 1,     10.3,    8.2,    8.3,   10.4,    2.4327,   2.4554,   2.4507,   2.4510,   2.4557, 137.2222, 137.2222, 137.2222, 137.2222
AL, 14, 2016100212,   , BEST,   0, 140N,  743W, 130,  947,   ,  34, NEQ,  170,   80,   70,  150, 1013,     ,  10,     ,    ,    ,    ,    ,  0,   1,   MATTHEW  ,   1,  139, 1, 1, 1, 1,     58.0,   24.8,   21.7,   50.7,    2.8731,   3.0218,   2.9366,   2.9285,   3.0030, 142.7778, 142.7778, 142.7778, 142.7778
AL, 14, 2016100212,   , BEST,   0, 140N,  743W, 130,  947,   ,  50, NEQ,   60,   40,   30,   50, 1013,     ,  10,     ,    ,    ,    ,    ,  0,   1,   MATTHEW  ,   1,  139, 1, 1, 1, 1,     23.7,   15.4,   11.6,   19.7,    2.8731,   2.9336,   2.9125,   2.9027,   2.9236, 142.7778, 142.7778, 142.7778, 142.7778
AL, 14, 2016100212,   , BEST,   0, 140N,  743W, 130,  947,   ,  64, NEQ,   25,   20,   15,   25, 1013,     ,  10,     ,    ,    ,    ,    ,  0,   1,   MATTHEW  ,   1,  139, 1, 1, 1, 1,     11.4,    9.1,    6.9,   11.6,    2.8731,   2.9023,   2.8963,   2.8907,   2.9027, 142.7778, 142.7778, 142.7778, 142.7778
AL, 14, 2016100218,   , BEST,   0, 142N,  747W, 135,  945,   ,  34, NEQ,  170,   90,   70,  140, 1013,     ,  10,     ,    ,    ,    ,    ,  0,   1,   MATTHEW  ,   1,  139, 1, 1, 1, 1,     59.6,   29.0,   22.3,   48.1,    3.0098,   3.1658,   3.0858,   3.0681,   3.1358, 148.3333, 148.3333, 148.3333, 148.3333
AL, 14, 2016100218,   , BEST,   0, 142N,  747W, 135,  945,   ,  50, NEQ,   60,   40,   30,   50, 1013,     ,  10,     ,    ,    ,    ,    ,  0,   1,   MATTHEW  ,   1,  139, 1, 1, 1, 1,     24.1,   15.7,   11.8,   20.1,    3.0098,   3.0727,   3.0508,   3.0407,   3.0623, 148.3333, 148.3333, 148.3333, 148.3333
AL, 14, 2016100218,   , BEST,   0, 142N,  747W, 135,  945,   ,  64, NEQ,   25,   20,   15,   25, 1013,     ,  10,     ,    ,    ,    ,    ,  0,   1,   MATTHEW  ,   1,  139, 1, 1, 1, 1,     11.5,    9.2,    6.9,   11.7,    3.0098,   3.0399,   3.0338,   3.0279,   3.0403, 148.3333, 148.3333, 148.3333, 148.3333
AL, 14, 2016100300,   , BEST,   0, 145N,  750W, 130,  944,   ,  34, NEQ,  170,  100,   80,  130, 1013,     ,  10,     ,    ,    ,    ,    ,  0,   1,   MATTHEW  ,   1,  139, 1, 1, 1, 1,     55.5,   30.2,   23.8,   41.1,    2.7482,   2.8890,   2.8246,   2.8085,   2.8524, 142.7778, 142.7778, 142.7778, 142.7778
AL, 14, 2016100300,   , BEST,   0, 145N,  750W, 130,  944,   ,  50, NEQ,   60,   50,   30,   50, 1013,     ,  10,     ,    ,    ,    ,    ,  0,   1,   MATTHEW  ,   1,  139, 1, 1, 1, 1,     22.7,   18.7,   11.1,   19.0,    2.7482,   2.8057,   2.7954,   2.7763,   2.7962, 142.7778, 142.7778, 142.7778, 142.7778
AL, 14, 2016100300,   , BEST,   0, 145N,  750W, 130,  944,   ,  64, NEQ,   30,   20,   20,   25, 1013,     ,  10,     ,    ,    ,    ,    ,  0,   1,   MATTHEW  ,   1,  139, 1, 1, 1, 1,     13.3,    8.8,    8.9,   11.2,    2.7482,   2.7819,   2.7704,   2.7707,   2.7765, 142.7778, 142.7778, 142.7778, 142.7778
AL, 14, 2016100306,   , BEST,   0, 149N,  750W, 125,  942,   ,  34, NEQ,  170,  110,   80,  130, 1013,     ,  10,     ,    ,    ,    ,    ,  0,   1,   MATTHEW  ,   1,  139, 1, 1, 1, 1,     50.6,   30.3,   21.5,   37.3,    2.4670,   2.5901,   2.5407,   2.5191,   2.5578, 137.2222, 137.2222, 137.2222, 137.2222
AL, 14, 2016100306,   , BEST,   0, 149N,  750W, 125,  942,   ,  50, NEQ,   60,   50,   40,   50, 1013,     ,  10,     ,    ,    ,    ,    ,  0,   1,   MATTHEW  ,   1,  139, 1, 1, 1, 1,     21.1,   17.3,   13.9,   17.6,    2.4670,   2.5181,   2.5089,   2.5006,   2.5097, 137.2222, 137.2222, 137.2222, 137.2222
AL, 14, 2016100306,   , BEST,   0, 149N,  750W, 125,  942,   ,  64, NEQ,   30,   25,   20,   25, 1013,     ,  10,     ,    ,    ,    ,    ,  0,   1,   MATTHEW  ,   1,  139, 1, 1, 1, 1,     12.6,   10.4,    8.4,   10.6,    2.4670,   2.4975,   2.4921,   2.4874,   2.4927, 137.2222, 137.2222, 137.2222, 137.2222
AL, 14, 2016100312,   , BEST,   0, 154N,  750W, 125,  941,   ,  34, NEQ,  170,  120,   80,  120, 1013,     ,  10,     ,    ,    ,    ,    ,  0,   1,   MATTHEW  ,   1,  139, 1, 1, 1, 1,     50.0,   33.1,   21.1,   33.6,    2.4327,   2.5567,   2.5146,   2.4850,   2.5160, 137.2222, 137.2222, 137.2222, 137.2222
AL, 14, 2016100312,   , BEST,   0, 154N,  750W, 125,  941,   ,  50, NEQ,   60,   50,   40,   50, 1013,     ,  10,     ,    ,    ,    ,    ,  0,   1,   MATTHEW  ,   1,  139, 1, 1, 1, 1,     20.8,   17.0,   13.7,   17.4,    2.4327,   2.4841,   2.4748,   2.4665,   2.4756, 137.2222, 137.2222, 137.2222, 137.2222
AL, 14, 2016100312,   , BEST,   0, 154N,  750W, 125,  941,   ,  64, NEQ,   30,   25,   20,   25, 1013,     ,  10,     ,    ,    ,    ,    ,  0,   1,   MATTHEW  ,   1,  139, 1, 1, 1, 1,     12.4,   10.3,    8.3,   10.5,    2.4327,   2.4635,   2.4581,   2.4532,   2.4586, 137.2222, 137.2222, 137.2222, 137.2222
AL, 14, 2016100318,   , BEST,   0, 159N,  749W, 125,  938,   ,  34, NEQ,  170,  130,   90,  120, 1013,     ,  15,     ,    ,    ,    ,    ,  0,   1,   MATTHEW  ,   1,  139, 1, 1, 1, 1,     47.7,   34.5,   22.9,   32.0,    2.3354,   2.4526,   2.4201,   2.3915,   2.4139, 137.2222, 137.2222, 137.2222, 137.2222
AL, 14, 2016100318,   , BEST,   0, 159N,  749W, 125,  938,   ,  50, NEQ,   70,   50,   50,   50, 1013,     ,  15,     ,    ,    ,    ,    ,  0,   1,   MATTHEW  ,   1,  139, 1, 1, 1, 1,     23.5,   16.3,   16.6,   16.6,    2.3354,   2.3931,   2.3753,   2.3760,   2.3761, 137.2222, 137.2222, 137.2222, 137.2222
AL, 14, 2016100318,   , BEST,   0, 159N,  749W, 125,  938,   ,  64, NEQ,   35,   30,   30,   30, 1013,     ,  15,     ,    ,    ,    ,    ,  0,   1,   MATTHEW  ,   1,  139, 1, 1, 1, 1,     14.1,   11.9,   12.1,   12.2,    2.3354,   2.3699,   2.3646,   2.3651,   2.3652, 137.2222, 137.2222, 137.2222, 137.2222
AL, 14, 2016100400,   , BEST,   0, 166N,  746W, 130,  934,   ,  34, NEQ,  170,  140,   90,  110, 1013,     ,  15,     ,    ,    ,    ,    ,  0,   1,   MATTHEW  ,   1,  139, 1, 1, 1, 1,     48.1,   38.0,   23.1,   29.2,    2.4003,   2.5221,   2.4964,   2.4586,   2.4740, 142.7778, 142.7778, 142.7778, 142.7778
AL, 14, 2016100400,   , BEST,   0, 166N,  746W, 130,  934,   ,  50, NEQ,   70,   60,   50,   50, 1013,     ,  15,     ,    ,    ,    ,    ,  0,   1,   MATTHEW  ,   1,  139, 1, 1, 1, 1,     23.5,   19.8,   16.5,   16.6,    2.4003,   2.4596,   2.4502,   2.4420,   2.4421, 142.7778, 142.7778, 142.7778, 142.7778
AL, 14, 2016100400,   , BEST,   0, 166N,  746W, 130,  934,   ,  64, NEQ,   35,   30,   30,   30, 1013,     ,  15,     ,    ,    ,    ,    ,  0,   1,   MATTHEW  ,   1,  139, 1, 1, 1, 1,     13.9,   11.8,   12.0,   12.0,    2.4003,   2.4354,   2.4301,   2.4306,   2.4307, 142.7778, 142.7778, 142.7778, 142.7778
AL, 14, 2016100406,   , BEST,   0, 175N,  744W, 130,  934,   ,  34, NEQ,  170,  150,   90,  100, 1013,     ,  15,     ,    ,    ,    ,    ,  0,   1,   MATTHEW  ,   1,  139, 1, 1, 1, 1,     48.6,   41.7,   23.2,   26.3,    2.4003,   2.5299,   2.5112,   2.4621,   2.4703, 142.7778, 142.7778, 142.7778, 142.7778
AL, 14, 2016100406,   , BEST,   0, 175N,  744W, 130,  934,   ,  50, NEQ,   70,   60,   50,   60, 1013,     ,  15,     ,    ,    ,    ,    ,  0,   1,   MATTHEW  ,   1,  139, 1, 1, 1, 1,     23.6,   19.8,   16.6,   20.2,    2.4003,   2.4630,   2.4530,   2.4443,   2.4540, 142.7778, 142.7778, 142.7778, 142.7778
AL, 14, 2016100406,   , BEST,   0, 175N,  744W, 130,  934,   ,  64, NEQ,   35,   35,   30,   30, 1013,     ,  15,     ,    ,    ,    ,    ,  0,   1,   MATTHEW  ,   1,  139, 1, 1, 1, 1,     14.0,   13.9,   12.0,   12.1,    2.4003,   2.4374,   2.4371,   2.4322,   2.4323, 142.7778, 142.7778, 142.7778, 142.7778
AL, 14, 2016100411,   , BEST,   0, 183N,  743W, 130,  935,   ,  34, NEQ,  170,  150,   90,  100, 1013,     ,  15,     ,    ,    ,    ,    ,  0,   1,   MATTHEW  ,   1,  139, 1, 1, 1, 1,     49.9,   42.7,   23.8,   27.0,    2.4311,   2.5717,   2.5514,   2.4980,   2.5069, 142.7778, 142.7778, 142.7778, 142.7778
AL, 14, 2016100411,   , BEST,   0, 183N,  743W, 130,  935,   ,  50, NEQ,   70,   60,   50,   60, 1013,     ,  15,     ,    ,    ,    ,    ,  0,   1,   MATTHEW  ,   1,  139, 1, 1, 1, 1,     24.0,   20.2,   16.8,   20.5,    2.4311,   2.4985,   2.4878,   2.4784,   2.4888, 142.7778, 142.7778, 142.7778, 142.7778
AL, 14, 2016100411,   , BEST,   0, 183N,  743W, 130,  935,   ,  64, NEQ,   35,   35,   30,   30, 1013,     ,  15,     ,    ,    ,    ,    ,  0,   1,   MATTHEW  ,   1,  139, 1, 1, 1, 1,     14.1,   14.1,   12.2,   12.2,    2.4311,   2.4708,   2.4706,   2.4653,   2.4654, 142.7778, 142.7778, 142.7778, 142.7778
AL, 14, 2016100412,   , BEST,   0, 184N,  743W, 125,  937,   ,  34, NEQ,  170,  150,   90,  100, 1013,     ,  15,     ,    ,    ,    ,    ,  0,   1,   MATTHEW  ,   1,  139, 1, 1, 1, 1,     48.3,   41.3,   22.9,   26.0,    2.3047,   2.4398,   2.4200,   2.3686,   2.3772, 137.2222, 137.2222, 137.2222, 137.2222
AL, 14, 2016100412,   , BEST,   0, 184N,  743W, 125,  937,   ,  50, NEQ,   70,   60,   50,   60, 1013,     ,  15,     ,    ,    ,    ,    ,  0,   1,   MATTHEW  ,   1,  139, 1, 1, 1, 1,     23.5,   19.7,   16.5,   20.1,    2.3047,   2.3701,   2.3596,   2.3506,   2.3607, 137.2222, 137.2222, 137.2222, 137.2222
AL, 14, 2016100412,   , BEST,   0, 184N,  743W, 125,  937,   ,  64, NEQ,   35,   40,   30,   30, 1013,     ,  15,     ,    ,    ,    ,    ,  0,   1,   MATTHEW  ,   1,  139, 1, 1, 1, 1,     14.0,   16.0,   12.0,   12.1,    2.3047,   2.3436,   2.3491,   2.3382,   2.3383, 137.2222, 137.2222, 137.2222, 137.2222
AL, 14, 2016100418,   , BEST,   0, 193N,  743W, 120,  947,   ,  34, NEQ,  160,  150,   90,  100, 1013,     ,  15,     ,    ,    ,    ,    ,  0,   1,   MATTHEW  ,   1,  139, 1, 1, 1, 1,     50.6,   46.6,   25.9,   29.4,    2.4433,   2.6071,   2.5940,   2.5268,   2.5381, 131.6667, 131.6667, 131.6667, 131.6667
AL, 14, 2016100418,   , BEST,   0, 193N,  743W, 120,  947,   ,  50, NEQ,   70,   60,   50,   60, 1013,     ,  15,     ,    ,    ,    ,    ,  0,   1,   MATTHEW  ,   1,  139, 1, 1, 1, 1,     26.0,   21.9,   18.3,   22.3,    2.4433,   2.5273,   2.5139,   2.5022,   2.5153, 131.6667, 131.6667, 131.6667, 131.6667
AL, 14, 2016100418,   , BEST,   0, 193N,  743W, 120,  947,   ,  64, NEQ,   40,   40,   40,   40, 1013,     ,  15,     ,    ,    ,    ,    ,  0,   1,   MATTHEW  ,   1,  139, 1, 1, 1, 1,     17.6,   17.5,   17.8,   17.9,    2.4433,   2.5001,   2.4998,   2.5007,   2.5010, 131.6667, 131.6667, 131.6667, 131.6667
AL, 14, 2016100500,   , BEST,   0, 201N,  743W, 115,  949,   ,  34, NEQ,  160,  150,   90,  100, 1013,     ,  15,     ,    ,    ,    ,    ,  0,   1,   MATTHEW  ,   1,  139, 1, 1, 1, 1,     49.8,   45.6,   25.2,   28.6,    2.3115,   2.4772,   2.4631,   2.3950,   2.4065, 126.1111, 126.1111, 126.1111, 126.1111
AL, 14, 2016100500,   , BEST,   0, 201N,  743W, 115,  949,   ,  50, NEQ,   70,   60,   50,   60, 1013,     ,  15,     ,    ,    ,    ,    ,  0,   1,   MATTHEW  ,   1,  139, 1, 1, 1, 1,     25.7,   21.5,   18.0,   22.0,    2.3115,   2.3967,   2.3830,   2.3712,   2.3845, 126.1111, 126.1111, 126.1111, 126.1111
AL, 14, 2016100500,   , BEST,   0, 201N,  743W, 115,  949,   ,  64, NEQ,   40,   40,   40,   40, 1013,     ,  15,     ,    ,    ,    ,    ,  0,   1,   MATTHEW  ,   1,  139, 1, 1, 1, 1,     17.6,   17.4,   17.8,   17.9,    2.3115,   2.3697,   2.3693,   2.3704,   2.3707, 126.1111, 126.1111, 126.1111, 126.1111
AL, 14, 2016100506,   , BEST,   0, 207N,  744W, 110,  960,   ,  34, NEQ,  160,  140,   90,   90, 1013,     ,  15,     ,    ,    ,    ,    ,  0,   1,   MATTHEW  ,   1,  139, 1, 1, 1, 1,     58.4,   49.4,   29.7,   29.8,    2.5508,   2.7813,   2.7457,   2.6676,   2.6683, 120.5556, 120.5556, 120.5556, 120.5556
AL, 14, 2016100506,   , BEST,   0, 207N,  744W, 110,  960,   ,  50, NEQ,   70,   60,   50,   60, 1013,     ,  15,     ,    ,    ,    ,    ,  0,   1,   MATTHEW  ,   1,  139, 1, 1, 1, 1,     29.4,   24.7,   20.7,   25.2,    2.5508,   2.6667,   2.6481,   2.6321,   2.6501, 120.5556, 120.5556, 120.5556, 120.5556
AL, 14, 2016100506,   , BEST,   0, 207N,  744W, 110,  960,   ,  64, NEQ,   40,   35,   35,   40, 1013,     ,  15,     ,    ,    ,    ,    ,  0,   1,   MATTHEW  ,   1,  139, 1, 1, 1, 1,     19.8,   17.1,   17.4,   20.1,    2.5508,   2.6287,   2.6180,   2.6193,   2.6299, 120.5556, 120.5556, 120.5556, 120.5556
AL, 14, 2016100512,   , BEST,   0, 214N,  748W, 105,  962,   ,  34, NEQ,  160,  140,   80,   90, 1013,     ,  15,     ,    ,    ,    ,    ,  0,   1,   MATTHEW  ,   1,  139, 1, 1, 1, 1,     57.7,   48.7,   25.4,   29.3,    2.4121,   2.6455,   2.6090,   2.5146,   2.5303, 115.0000, 115.0000, 115.0000, 115.0000
AL, 14, 2016100512,   , BEST,   0, 214N,  748W, 105,  962,   ,  50, NEQ,   70,   60,   50,   60, 1013,     ,  15,     ,    ,    ,    ,    ,  0,   1,   MATTHEW  ,   1,  139, 1, 1, 1, 1,     29.3,   24.6,   20.5,   25.1,    2.4121,   2.5302,   2.5112,   2.4949,   2.5134, 115.0000, 115.0000, 115.0000, 115.0000
AL, 14, 2016100512,   , BEST,   0, 214N,  748W, 105,  962,   ,  64, NEQ,   40,   30,   30,   40, 1013,     ,  15,     ,    ,    ,    ,    ,  0,   1,   MATTHEW  ,   1,  139, 1, 1, 1, 1,     19.9,   14.6,   15.0,   20.3,    2.4121,   2.4924,   2.4711,   2.4723,   2.4938, 115.0000, 115.0000, 115.0000, 115.0000
AL, 14, 2016100518,   , BEST,   0, 222N,  754W, 105,  963,   ,  34, NEQ,  160,  140,   70,   90, 1013,     ,  15,     ,    ,    ,    ,    ,  0,   1,   MATTHEW  ,   1,  139, 1, 1, 1, 1,     59.5,   50.2,   22.5,   30.1,    2.4603,   2.7142,   2.6745,   2.5559,   2.5888, 115.0000, 115.0000, 115.0000, 115.0000
AL, 14, 2016100518,   , BEST,   0, 222N,  754W, 105,  963,   ,  50, NEQ,   70,   60,   40,   60, 1013,     ,  15,     ,    ,    ,    ,    ,  0,   1,   MATTHEW  ,   1,  139, 1, 1, 1, 1,     29.9,   25.1,   16.5,   25.7,    2.4603,   2.5878,   2.5672,   2.5306,   2.5696, 115.0000, 115.0000, 115.0000, 115.0000
AL, 14, 2016100518,   , BEST,   0, 222N,  754W, 105,  963,   ,  64, NEQ,   40,   30,   30,   40, 1013,     ,  15,     ,    ,    ,    ,    ,  0,   1,   MATTHEW  ,   1,  139, 1, 1, 1, 1,     20.2,   14.9,   15.2,   20.6,    2.4603,   2.5465,   2.5236,   2.5249,   2.5480, 115.0000, 115.0000, 115.0000, 115.0000
AL, 14, 2016100600,   , BEST,   0, 230N,  760W, 105,  960,   ,  34, NEQ,  160,  140,   70,   90, 1013,     ,  10,     ,    ,    ,    ,    ,  0,   1,   MATTHEW  ,   1,  139, 1, 1, 1, 1,     56.3,   47.4,   21.0,   28.3,    2.3211,   2.5558,   2.5185,   2.4085,   2.4389, 115.0000, 115.0000, 115.0000, 115.0000
AL, 14, 2016100600,   , BEST,   0, 230N,  760W, 105,  960,   ,  50, NEQ,   70,   60,   40,   60, 1013,     ,  10,     ,    ,    ,    ,    ,  0,   1,   MATTHEW  ,   1,  139, 1, 1, 1, 1,     28.5,   23.9,   15.7,   24.4,    2.3211,   2.4395,   2.4202,   2.3862,   2.4226, 115.0000, 115.0000, 115.0000, 115.0000
AL, 14, 2016100600,   , BEST,   0, 230N,  760W, 105,  960,   ,  64, NEQ,   40,   30,   30,   40, 1013,     ,  10,     ,    ,    ,    ,    ,  0,   1,   MATTHEW  ,   1,  139, 1, 1, 1, 1,     19.5,   14.3,   14.6,   19.8,    2.3211,   2.4019,   2.3803,   2.3816,   2.4034, 115.0000, 115.0000, 115.0000, 115.0000
AL, 14, 2016100606,   , BEST,   0, 238N,  767W, 110,  952,   ,  34, NEQ,  160,  140,   70,   90, 1013,     ,  10,     ,    ,    ,    ,    ,  0,   1,   MATTHEW  ,   1,  139, 1, 1, 1, 1,     51.5,   43.2,   19.1,   25.7,    2.2162,   2.4180,   2.3857,   2.2907,   2.3168, 120.5556, 120.5556, 120.5556, 120.5556
AL, 14, 2016100606,   , BEST,   0, 238N,  767W, 110,  952,   ,  50, NEQ,   70,   60,   40,   60, 1013,     ,  10,     ,    ,    ,    ,    ,  0,   1,   MATTHEW  ,   1,  139, 1, 1, 1, 1,     26.1,   21.9,   14.3,   22.4,    2.2162,   2.3184,   2.3017,   2.2722,   2.3037, 120.5556, 120.5556, 120.5556, 120.5556
AL, 14, 2016100606,   , BEST,   0, 238N,  767W, 110,  952,   ,  64, NEQ,   40,   30,   30,   40, 1013,     ,  10,     ,    ,    ,    ,    ,  0,   1,   MATTHEW  ,   1,  139, 1, 1, 1, 1,     17.9,   13.1,   13.4,   18.2,    2.2162,   2.2862,   2.2675,   2.2686,   2.2875, 120.5556, 120.5556, 120.5556, 120.5556
AL, 14, 2016100612,   , BEST,   0, 247N,  775W, 120,  937,   ,  34, NEQ,  160,  140,   70,  100, 1013,     ,  10,     ,    ,    ,    ,    ,  0,   1,   MATTHEW  ,   1,  139, 1, 1, 1, 1,     45.0,   37.6,   16.5,   25.4,    2.1218,   2.2821,   2.2556,   2.1804,   2.2118, 131.6667, 131.6667, 131.6667, 131.6667
AL, 14, 2016100612,   , BEST,   0, 247N,  775W, 120,  937,   ,  50, NEQ,   70,   60,   40,   60, 1013,     ,  10,     ,    ,    ,    ,    ,  0,   1,   MATTHEW  ,   1,  139, 1, 1, 1, 1,     22.9,   19.2,   12.5,   19.6,    2.1218,   2.2032,   2.1898,   2.1662,   2.1913, 131.6667, 131.6667, 131.6667, 131.6667
AL, 14, 2016100612,   , BEST,   0, 247N,  775W, 120,  937,   ,  64, NEQ,   40,   40,   30,   40, 1013,     ,  10,     ,    ,    ,    ,    ,  0,   1,   MATTHEW  ,   1,  139, 1, 1, 1, 1,     15.8,   15.6,   11.8,   16.0,    2.1218,   2.1777,   2.1772,   2.1635,   2.1786, 131.6667, 131.6667, 131.6667, 131.6667
AL, 14, 2016100618,   , BEST,   0, 257N,  783W, 120,  937,   ,  34, NEQ,  160,  140,   80,  110, 1013,     ,  10,     ,    ,    ,    ,    ,  0,   1,   MATTHEW  ,   1,  139, 1, 1, 1, 1,     45.5,   38.0,   19.5,   28.7,    2.1218,   2.2899,   2.2620,   2.1934,   2.2276, 131.6667, 131.6667, 131.6667, 131.6667
AL, 14, 2016100618,   , BEST,   0, 257N,  783W, 120,  937,   ,  50, NEQ,   70,   60,   40,   60, 1013,     ,  10,     ,    ,    ,    ,    ,  0,   1,   MATTHEW  ,   1,  139, 1, 1, 1, 1,     23.0,   19.3,   12.6,   19.7,    2.1218,   2.2067,   2.1927,   2.1680,   2.1942, 131.6667, 131.6667, 131.6667, 131.6667
AL, 14, 2016100618,   , BEST,   0, 257N,  783W, 120,  937,   ,  64, NEQ,   50,   40,   30,   40, 1013,     ,  10,     ,    ,    ,    ,    ,  0,   1,   MATTHEW  ,   1,  139, 1, 1, 1, 1,     20.1,   15.7,   11.8,   16.1,    2.1218,   2.1957,   2.1795,   2.1652,   2.1809, 131.6667, 131.6667, 131.6667, 131.6667
AL, 14, 2016100700,   , BEST,   0, 267N,  790W, 115,  937,   ,  34, NEQ,  170,  150,   80,  120, 1013,     ,  15,     ,    ,    ,    ,    ,  0,   1,   MATTHEW  ,   1,  139, 1, 1, 1, 1,     46.4,   39.1,   18.0,   29.9,    1.9465,   2.1169,   2.0900,   2.0124,   2.0559, 126.1111, 126.1111, 126.1111, 126.1111
AL, 14, 2016100700,   , BEST,   0, 267N,  790W, 115,  937,   ,  50, NEQ,   70,   70,   50,   60, 1013,     ,  15,     ,    ,    ,    ,    ,  0,   1,   MATTHEW  ,   1,  139, 1, 1, 1, 1,     21.9,   21.8,   15.2,   18.7,    1.9465,   2.0268,   2.0262,   2.0021,   2.0150, 126.1111, 126.1111, 126.1111, 126.1111
AL, 14, 2016100700,   , BEST,   0, 267N,  790W, 115,  937,   ,  64, NEQ,   50,   40,   30,   40, 1013,     ,  15,     ,    ,    ,    ,    ,  0,   1,   MATTHEW  ,   1,  139, 1, 1, 1, 1,     19.5,   15.2,   11.4,   15.6,    1.9465,   2.0177,   2.0020,   1.9883,   2.0035, 126.1111, 126.1111, 126.1111, 126.1111
AL, 14, 2016100706,   , BEST,   0, 277N,  797W, 110,  939,   ,  34, NEQ,  170,  150,   80,  120, 1013,     ,  20,     ,    ,    ,    ,    ,  0,   1,   MATTHEW  ,   1,  139, 1, 1, 1, 1,     45.2,   38.0,   17.3,   28.9,    1.8269,   1.9958,   1.9686,   1.8912,   1.9346, 120.5556, 120.5556, 120.5556, 120.5556
AL, 14, 2016100706,   , BEST,   0, 277N,  797W, 110,  939,   ,  50, NEQ,   70,   70,   50,   60, 1013,     ,  20,     ,    ,    ,    ,    ,  0,   1,   MATTHEW  ,   1,  139, 1, 1, 1, 1,     21.5,   21.3,   14.9,   18.4,    1.8269,   1.9069,   1.9063,   1.8822,   1.8952, 120.5556, 120.5556, 120.5556, 120.5556
AL, 14, 2016100706,   , BEST,   0, 277N,  797W, 110,  939,   ,  64, NEQ,   50,   40,   30,   40, 1013,     ,  20,     ,    ,    ,    ,    ,  0,   1,   MATTHEW  ,   1,  139, 1, 1, 1, 1,     19.4,   15.1,   11.4,   15.6,    1.8269,   1.8991,   1.8829,   1.8691,   1.8847, 120.5556, 120.5556, 120.5556, 120.5556
AL, 14, 2016100712,   , BEST,   0, 289N,  803W, 105,  944,   ,  34, NEQ,  170,  150,   80,  120, 1013,     ,  20,     ,    ,    ,    ,    ,  0,   1,   MATTHEW  ,   1,  139, 1, 1, 1, 1,     46.9,   39.3,   17.8,   29.9,    1.7829,   1.9694,   1.9390,   1.8531,   1.9013, 115.0000, 115.0000, 115.0000, 115.0000
AL, 14, 2016100712,   , BEST,   0, 289N,  803W, 105,  944,   ,  50, NEQ,   80,   70,   60,   60, 1013,     ,  20,     ,    ,    ,    ,    ,  0,   1,   MATTHEW  ,   1,  139, 1, 1, 1, 1,     26.0,   22.1,   18.9,   19.0,    1.7829,   1.8861,   1.8703,   1.8575,   1.8582, 115.0000, 115.0000, 115.0000, 115.0000
AL, 14, 2016100712,   , BEST,   0, 289N,  803W, 105,  944,   ,  64, NEQ,   50,   40,   35,   40, 1013,     ,  20,     ,    ,    ,    ,    ,  0,   1,   MATTHEW  ,   1,  139, 1, 1, 1, 1,     20.2,   15.7,   14.0,   16.2,    1.7829,   1.8630,   1.8449,   1.8381,   1.8471, 115.0000, 115.0000, 115.0000, 115.0000
AL, 14, 2016100718,   , BEST,   0, 297N,  807W, 100,  946,   ,  34, NEQ,  170,  150,   80,  120, 1013,     ,  20,     ,    ,    ,    ,    ,  0,   1,   MATTHEW  ,   1,  139, 1, 1, 1, 1,     45.7,   38.1,   17.1,   28.9,    1.6630,   1.8462,   1.8156,   1.7308,   1.7784, 109.4444, 109.4444, 109.4444, 109.4444
AL, 14, 2016100718,   , BEST,   0, 297N,  807W, 100,  946,   ,  50, NEQ,   80,   70,   60,   60, 1013,     ,  20,     ,    ,    ,    ,    ,  0,   1,   MATTHEW  ,   1,  139, 1, 1, 1, 1,     25.7,   21.7,   18.6,   18.8,    1.6630,   1.7656,   1.7496,   1.7370,   1.7378, 109.4444, 109.4444, 109.4444, 109.4444
AL, 14, 2016100718,   , BEST,   0, 297N,  807W, 100,  946,   ,  64, NEQ,   50,   40,   35,   40, 1013,     ,  20,     ,    ,    ,    ,    ,  0,   1,   MATTHEW  ,   1,  139, 1, 1, 1, 1,     20.4,   15.8,   14.1,   16.4,    1.6630,   1.7442,   1.7257,   1.7190,   1.7282, 109.4444, 109.4444, 109.4444, 109.4444
AL, 14, 2016100800,   , BEST,   0, 307N,  806W,  95,  949,   ,  34, NEQ,  180,  150,   80,  120, 1013,     ,  20,     ,    ,    ,    ,    ,  0,   1,   MATTHEW  ,   1,  139, 1, 1, 1, 1,     49.6,   38.0,   16.8,   28.7,    1.5687,   1.7727,   1.7246,   1.6371,   1.6863, 103.8889, 103.8889, 103.8889, 103.8889
AL, 14, 2016100800,   , BEST,   0, 307N,  806W,  95,  949,   ,  50, NEQ,   80,   70,   50,   50, 1013,     ,  20,     ,    ,    ,    ,    ,  0,   1,   MATTHEW  ,   1,  139, 1, 1, 1, 1,     26.0,   21.9,   15.3,   15.4,    1.5687,   1.6750,   1.6582,   1.6309,   1.6314, 103.8889, 103.8889, 103.8889, 103.8889
AL, 14, 2016100800,   , BEST,   0, 307N,  806W,  95,  949,   ,  64, NEQ,   50,   50,   30,   35, 1013,     ,  20,     ,    ,    ,    ,    ,  0,   1,   MATTHEW  ,   1,  139, 1, 1, 1, 1,     21.0,   20.7,   12.3,   14.7,    1.5687,   1.6545,   1.6533,   1.6188,   1.6284, 103.8889, 103.8889, 103.8889, 103.8889
AL, 14, 2016100806,   , BEST,   0, 316N,  806W,  85,  953,   ,  34, NEQ,  180,  160,   90,  130, 1013,     ,  20,     ,    ,    ,    ,    ,  0,   1,   MATTHEW  ,   1,  139, 1, 1, 1, 1,     47.2,   39.2,   17.9,   30.1,    1.3345,   1.5261,   1.4932,   1.4064,   1.4558,  92.7778,  92.7778,  92.7778,  92.7778
AL, 14, 2016100806,   , BEST,   0, 316N,  806W,  85,  953,   ,  50, NEQ,   80,   70,   50,   40, 1013,     ,  20,     ,    ,    ,    ,    ,  0,   1,   MATTHEW  ,   1,  139, 1, 1, 1, 1,     25.9,   21.7,   15.1,   11.8,    1.3345,   1.4387,   1.4214,   1.3950,   1.3817,  92.7778,  92.7778,  92.7778,  92.7778
AL, 14, 2016100806,   , BEST,   0, 316N,  806W,  85,  953,   ,  64, NEQ,   40,   40,   25,   30, 1013,     ,  20,     ,    ,    ,    ,    ,  0,   1,   MATTHEW  ,   1,  139, 1, 1, 1, 1,     17.5,   17.1,   10.9,   13.4,    1.3345,   1.4045,   1.4031,   1.3778,   1.3879,  92.7778,  92.7778,  92.7778,  92.7778
AL, 14, 2016100809,   , BEST,   0, 321N,  805W,  85,  957,   ,  34, NEQ,  180,  160,   90,  130, 1013,     ,  20,     ,    ,    ,    ,    ,  0,   1,   MATTHEW  ,   1,  139, 1, 1, 1, 1,     52.3,   43.6,   20.1,   33.7,    1.4298,   1.6599,   1.6212,   1.5174,   1.5774,  92.7778,  92.7778,  92.7778,  92.7778
AL, 14, 2016100809,   , BEST,   0, 321N,  805W,  85,  957,   ,  50, NEQ,   80,   70,   50,   40, 1013,     ,  20,     ,    ,    ,    ,    ,  0,   1,   MATTHEW  ,   1,  139, 1, 1, 1, 1,     28.1,   23.5,   16.4,   12.9,    1.4298,   1.5523,   1.5323,   1.5012,   1.4856,  92.7778,  92.7778,  92.7778,  92.7778
AL, 14, 2016100809,   , BEST,   0, 321N,  805W,  85,  957,   ,  64, NEQ,   40,   40,   25,   30, 1013,     ,  20,     ,    ,    ,    ,    ,  0,   1,   MATTHEW  ,   1,  139, 1, 1, 1, 1,     18.5,   18.2,   11.5,   14.1,    1.4298,   1.5102,   1.5088,   1.4796,   1.4910,  92.7778,  92.7778,  92.7778,  92.7778
AL, 14, 2016100812,   , BEST,   0, 325N,  799W,  80,  963,   ,  34, NEQ,  190,  160,   90,  140, 1013,     ,  25,     ,    ,    ,    ,    ,  0,   1,   MATTHEW  ,   1,  139, 1, 1, 1, 1,     61.6,   47.4,   21.9,   40.8,    1.4153,   1.7047,   1.6374,   1.5169,   1.6060,  87.2222,  87.2222,  87.2222,  87.2222
AL, 14, 2016100812,   , BEST,   0, 325N,  799W,  80,  963,   ,  50, NEQ,   70,   70,   60,   30, 1013,     ,  25,     ,    ,    ,    ,    ,  0,   1,   MATTHEW  ,   1,  139, 1, 1, 1, 1,     26.2,   25.7,   22.2,   10.3,    1.4153,   1.5370,   1.5350,   1.5184,   1.4627,  87.2222,  87.2222,  87.2222,  87.2222
AL, 14, 2016100812,   , BEST,   0, 325N,  799W,  80,  963,   ,  64, NEQ,   30,   25,   20,    0, 1013,     ,  25,     ,    ,    ,    ,    ,  0,   1,   MATTHEW  ,   1,  139, 1, 1, 1, 0,     15.2,   12.2,   10.2,    0.0,    1.4153,   1.4854,   1.4717,   1.4626,   1.4759,  87.2222,  87.2222,  87.2222,  87.2222
AL, 14, 2016100815,   , BEST,   0, 330N,  795W,  75,  967,   ,  34, NEQ,  190,  160,   90,  140, 1013,     ,  25,     ,    ,    ,    ,    ,  0,   1,   MATTHEW  ,   1,  139, 1, 1, 1, 1,     64.6,   49.6,   22.8,   42.8,    1.3487,   1.6632,   1.5893,   1.4581,   1.5559,  81.6667,  81.6667,  81.6667,  81.6667
AL, 14, 2016100815,   , BEST,   0, 330N,  795W,  75,  967,   ,  50, NEQ,   70,   70,   60,   30, 1013,     ,  25,     ,    ,    ,    ,    ,  0,   1,   MATTHEW  ,   1,  139, 1, 1, 1, 1,     28.0,   27.5,   23.8,   11.0,    1.3487,   1.4835,   1.4810,   1.4632,   1.4012,  81.6667,  81.6667,  81.6667,  81.6667
AL, 14, 2016100815,   , BEST,   0, 330N,  795W,  75,  967,   ,  64, NEQ,   30,   25,   20,    0, 1013,     ,  25,     ,    ,    ,    ,    ,  0,   1,   MATTHEW  ,   1,  139, 1, 1, 1, 0,     17.0,   13.6,   11.6,    0.0,    1.3487,   1.4300,   1.4138,   1.4041,   1.4199,  81.6667,  81.6667,  81.6667,  81.6667
AL, 14, 2016100818,   , BEST,   0, 335N,  790W,  70,  973,   ,  34, NEQ,  190,  170,  100,  150, 1013,     ,  25,     ,    ,    ,    ,    ,  0,   1,   MATTHEW  ,   1,  139, 1, 1, 1, 1,     72.2,   60.6,   29.7,   53.1,    1.3471,   1.7299,   1.6679,   1.5029,   1.6274,  76.1111,  76.1111,  76.1111,  76.1111
AL, 14, 2016100818,   , BEST,   0, 335N,  790W,  70,  973,   ,  50, NEQ,   60,   80,   30,   20, 1013,     ,  25,     ,    ,    ,    ,    ,  0,   1,   MATTHEW  ,   1,  139, 1, 1, 1, 1,     26.5,   36.6,   12.5,    8.1,    1.3471,   1.4857,   1.5394,   1.4118,   1.3889,  76.1111,  76.1111,  76.1111,  76.1111
AL, 14, 2016100818,   , BEST,   0, 335N,  790W,  70,  973,   ,  64, NEQ,   25,   25,   25,    0, 1013,     ,  25,     ,    ,    ,    ,    ,  0,   1,   MATTHEW  ,   1,  139, 1, 1, 1, 0,     16.7,   16.3,   18.0,    0.0,    1.3471,   1.4340,   1.4318,   1.4410,   1.4430,  76.1111,  76.1111,  76.1111,  76.1111
AL, 14, 2016100900,   , BEST,   0, 339N,  773W,  70,  981,   ,  34, NEQ,  190,  170,  120,  160, 1013,     ,  40,     ,    ,    ,    ,    ,  0,   1,   MATTHEW  ,   1,  139, 1, 1, 1, 1,     89.4,   75.8,   48.7,   72.3,    1.6839,   2.2767,   2.1861,   2.0054,   2.1628,  76.1111,  76.1111,  76.1111,  76.1111
AL, 14, 2016100900,   , BEST,   0, 339N,  773W,  70,  981,   ,  50, NEQ,   70,   80,   90,   60, 1013,     ,  40,     ,    ,    ,    ,    ,  0,   1,   MATTHEW  ,   1,  139, 1, 1, 1, 1,     37.4,   43.0,   51.0,   32.4,    1.6839,   1.9299,   1.9673,   2.0209,   1.8972,  76.1111,  76.1111,  76.1111,  76.1111
AL, 14, 2016100900,   , BEST,   0, 339N,  773W,  70,  981,   ,  64, NEQ,    0,    0,   40,    0, 1013,     ,  40,     ,    ,    ,    ,    ,  0,   1,   MATTHEW  ,   1,  139, 0, 0, 1, 0,      0.0,    0.0,   31.2,    0.0,    1.6839,   1.7771,   1.7761,   1.8893,   1.7848,  76.1111,  76.1111,  76.1111,  76.1111
AL, 14, 2016100906,   , BEST,   0, 347N,  760W,  70,  983,   ,  34, NEQ,  200,  170,  150,  170, 1013,     ,  50,     ,    ,    ,    ,    ,  0,   1,   MATTHEW  ,   1,  139, 1, 1, 1, 1,    101.6,   80.8,   69.8,   83.4,    1.7962,   2.5278,   2.3778,   2.2976,   2.3965,  76.1111,  76.1111,  76.1111,  76.1111
AL, 14, 2016100906,   , BEST,   0, 347N,  760W,  70,  983,   ,  50, NEQ,   60,   80,  110,   60, 1013,     ,  50,     ,    ,    ,    ,    ,  0,   1,   MATTHEW  ,   1,  139, 1, 1, 1, 1,     32.6,   44.9,   67.2,   33.8,    1.7962,   2.0294,   2.1176,   2.2789,   2.0378,  76.1111,  76.1111,  76.1111,  76.1111
AL, 14, 2016100906,   , BEST,   0, 347N,  760W,  70,  983,   ,  64, NEQ,    0,    0,   50,    0, 1013,     ,  50,     ,    ,    ,    ,    ,  0,   1,   MATTHEW  ,   1,  139, 0, 0, 1, 0,      0.0,    0.0,   40.0,    0.0,    1.7962,   1.9275,   1.9250,   2.0828,   1.9376,  76.1111,  76.1111,  76.1111,  76.1111
AL, 14, 2016100912,   , BEST,   0, 350N,  745W,  65,  984,   ,  34, NEQ,  200,  180,  180,  190, 1013,     ,  50,     ,    ,    ,    ,    ,  0,   1,   MATTHEW  ,   1,  139, 1, 1, 1, 1,    101.6,   87.0,   89.2,   97.1,    1.5967,   2.3073,   2.2047,   2.2202,   2.2760,  70.5556,  70.5556,  70.5556,  70.5556
AL, 14, 2016100912,   , BEST,   0, 350N,  745W,  65,  984,   ,  50, NEQ,   50,   60,   90,   90, 1013,     ,  50,     ,    ,    ,    ,    ,  0,   1,   MATTHEW  ,   1,  139, 1, 1, 1, 1,     27.7,   33.4,   55.6,   56.7,    1.5967,   1.7885,   1.8282,   1.9844,   1.9921,  70.5556,  70.5556,  70.5556,  70.5556
AL, 14, 2016100912,   , BEST,   0, 350N,  745W,  65,  984,   ,  64, NEQ,    0,    0,   50,    0, 1013,     ,  50,     ,    ,    ,    ,    ,  0,   1,            ,   1,  139, 0, 0, 1, 0,      0.0,    0.0,   50.0,    0.0,    1.5967,   1.7563,   1.7484,   2.0203,   1.7467,  70.5556,  70.5556,  72.0540,  70.5556
