eastcoast_95d_ll_select.grd nodal attributes                                    
        1398
           2
primitive_weighting_in_continuity_equation                                      
unitless                                                                        
           1
  0.500000000E-02
mannings_n_at_sea_floor                                                         
unitless                                                                        
           1
  0.250000000E-01
primitive_weighting_in_continuity_equation                                      
         192
      1190    0.20000000E-01
      1273    0.20000000E-01
      1274    0.20000000E-01
      1275    0.20000000E-01
      1276    0.20000000E-01
      1277    0.20000000E-01
      1367    0.20000000E-01
      1368    0.20000000E-01
      1369    0.20000000E-01
      1370    0.20000000E-01
      1371    0.20000000E-01
      1372    0.20000000E-01
      1373    0.20000000E-01
      1468    0.20000000E-01
      1469    0.20000000E-01
      1470    0.20000000E-01
      1471    0.20000000E-01
      1574    0.20000000E-01
      1575    0.20000000E-01
      1576    0.20000000E-01
      1577    0.20000000E-01
      1578    0.20000000E-01
      1579    0.20000000E-01
      1580    0.20000000E-01
      1688    0.20000000E-01
      1689    0.20000000E-01
      1690    0.20000000E-01
      1691    0.20000000E-01
      1692    0.20000000E-01
      1803    0.20000000E-01
      1804    0.20000000E-01
      1847    0.20000000E-01
      1848    0.20000000E-01
      1913    0.20000000E-01
      1914    0.20000000E-01
      1915    0.20000000E-01
      1920    0.20000000E-01
      1968    0.20000000E-01
      1969    0.20000000E-01
      1970    0.20000000E-01
      1971    0.20000000E-01
      1972    0.20000000E-01
      1973    0.20000000E-01
      2010    0.20000000E-01
      2011    0.20000000E-01
      2041    0.20000000E-01
      2042    0.20000000E-01
      2043    0.20000000E-01
      2044    0.20000000E-01
      2045    0.20000000E-01
      2095    0.20000000E-01
      2096    0.20000000E-01
      2097    0.20000000E-01
      2098    0.20000000E-01
      2099    0.20000000E-01
      2100    0.20000000E-01
      2101    0.20000000E-01
      2142    0.20000000E-01
      2143    0.20000000E-01
      2144    0.20000000E-01
      2146    0.20000000E-01
      2157    0.20000000E-01
      2175    0.20000000E-01
      2176    0.20000000E-01
      2236    0.20000000E-01
      2237    0.20000000E-01
      2238    0.20000000E-01
      2239    0.20000000E-01
      2240    0.20000000E-01
      2241    0.20000000E-01
      2242    0.20000000E-01
      2243    0.20000000E-01
      2244    0.20000000E-01
      2247    0.20000000E-01
      2290    0.20000000E-01
      2291    0.20000000E-01
      2292    0.20000000E-01
      2304    0.20000000E-01
      2308    0.20000000E-01
      2390    0.20000000E-01
      2391    0.20000000E-01
      2392    0.20000000E-01
      2393    0.20000000E-01
      2394    0.20000000E-01
      2395    0.20000000E-01
      2396    0.20000000E-01
      2397    0.20000000E-01
      2400    0.20000000E-01
      2449    0.20000000E-01
      2451    0.20000000E-01
      2535    0.20000000E-01
      2536    0.20000000E-01
      2537    0.20000000E-01
      2538    0.20000000E-01
      2539    0.20000000E-01
      2540    0.20000000E-01
      2541    0.20000000E-01
      2542    0.20000000E-01
      2544    0.20000000E-01
      2695    0.20000000E-01
      2696    0.20000000E-01
      2697    0.20000000E-01
      2698    0.20000000E-01
      2699    0.20000000E-01
      2700    0.20000000E-01
      2871    0.20000000E-01
      2872    0.20000000E-01
      2873    0.20000000E-01
      2874    0.20000000E-01
      2875    0.20000000E-01
      2876    0.20000000E-01
      2969    0.20000000E-01
      2970    0.20000000E-01
      2971    0.20000000E-01
      2981    0.20000000E-01
      3003    0.20000000E-01
      3006    0.20000000E-01
      3070    0.20000000E-01
      3071    0.20000000E-01
      3072    0.20000000E-01
      3073    0.20000000E-01
      3154    0.20000000E-01
      3155    0.20000000E-01
      3156    0.20000000E-01
      3157    0.20000000E-01
      3158    0.20000000E-01
      3160    0.20000000E-01
      3162    0.20000000E-01
      3163    0.20000000E-01
      3171    0.20000000E-01
      3172    0.20000000E-01
      3173    0.20000000E-01
      3174    0.20000000E-01
      3186    0.20000000E-01
      3187    0.20000000E-01
      3188    0.20000000E-01
      3189    0.20000000E-01
      3191    0.20000000E-01
      3192    0.20000000E-01
      3193    0.20000000E-01
      3194    0.20000000E-01
      3265    0.20000000E-01
      3266    0.20000000E-01
      3350    0.20000000E-01
      3351    0.20000000E-01
      3354    0.20000000E-01
      3356    0.20000000E-01
      3357    0.20000000E-01
      3358    0.20000000E-01
      3359    0.20000000E-01
      3360    0.20000000E-01
      3361    0.20000000E-01
      3391    0.20000000E-01
      3392    0.20000000E-01
      3393    0.20000000E-01
      3401    0.20000000E-01
      3451    0.20000000E-01
      3547    0.20000000E-01
      3548    0.20000000E-01
      3549    0.20000000E-01
      3550    0.20000000E-01
      3551    0.20000000E-01
      3552    0.20000000E-01
      3553    0.20000000E-01
      3554    0.20000000E-01
      3555    0.20000000E-01
      3556    0.20000000E-01
      3557    0.20000000E-01
      3579    0.20000000E-01
      3580    0.20000000E-01
      3581    0.20000000E-01
      3583    0.20000000E-01
      3584    0.20000000E-01
      3585    0.20000000E-01
      3586    0.20000000E-01
      3587    0.20000000E-01
      3588    0.20000000E-01
      3589    0.20000000E-01
      3590    0.20000000E-01
      3641    0.20000000E-01
      3749    0.20000000E-01
      3750    0.20000000E-01
      3751    0.20000000E-01
      3752    0.20000000E-01
      3753    0.20000000E-01
      3754    0.20000000E-01
      3771    0.20000000E-01
      3772    0.20000000E-01
      3773    0.20000000E-01
      3774    0.20000000E-01
      3775    0.20000000E-01
      3776    0.20000000E-01
mannings_n_at_sea_floor                                                         
           0
