OceanMesh2D                             
3685                                    
1                                       
primitive_weighting_in_continuity_equation
 Unitless                                
 1                                       
 0.005000
primitive_weighting_in_continuity_equation
 1307                                    
 1 0.030000
 2 0.030000
 3 0.030000
 4 0.030000
 5 0.030000
 6 0.030000
 7 0.030000
 8 0.030000
 9 0.030000
 10 0.030000
 11 0.030000
 12 0.030000
 13 0.030000
 14 0.030000
 15 0.030000
 16 0.030000
 17 0.030000
 18 0.030000
 19 0.030000
 20 0.030000
 21 0.030000
 22 0.030000
 23 0.030000
 24 0.030000
 25 0.030000
 26 0.030000
 27 0.030000
 28 0.030000
 29 0.030000
 30 0.030000
 31 0.030000
 32 0.030000
 33 0.030000
 34 0.030000
 35 0.030000
 36 0.030000
 37 0.030000
 38 0.030000
 39 0.030000
 40 0.030000
 41 0.030000
 42 0.030000
 43 0.030000
 44 0.030000
 45 0.030000
 46 0.030000
 47 0.030000
 48 0.030000
 49 0.030000
 50 0.030000
 51 0.030000
 52 0.030000
 53 0.030000
 54 0.030000
 55 0.030000
 56 0.030000
 57 0.030000
 58 0.030000
 59 0.030000
 60 0.030000
 61 0.030000
 62 0.030000
 63 0.030000
 64 0.030000
 65 0.030000
 66 0.030000
 67 0.030000
 68 0.030000
 69 0.030000
 70 0.030000
 71 0.030000
 72 0.030000
 73 0.030000
 74 0.030000
 75 0.030000
 76 0.030000
 77 0.030000
 78 0.030000
 79 0.030000
 80 0.030000
 81 0.030000
 82 0.030000
 83 0.030000
 84 0.030000
 85 0.030000
 86 0.030000
 87 0.030000
 88 0.030000
 89 0.030000
 90 0.030000
 91 0.030000
 92 0.030000
 93 0.030000
 94 0.030000
 95 0.030000
 96 0.030000
 97 0.030000
 98 0.030000
 99 0.030000
 100 0.030000
 101 0.030000
 102 0.030000
 103 0.030000
 104 0.030000
 105 0.030000
 106 0.030000
 107 0.030000
 108 0.030000
 109 0.030000
 110 0.030000
 111 0.030000
 112 0.030000
 113 0.030000
 114 0.030000
 115 0.030000
 116 0.030000
 117 0.030000
 118 0.030000
 119 0.030000
 120 0.030000
 121 0.030000
 122 0.030000
 123 0.030000
 124 0.030000
 125 0.030000
 126 0.030000
 127 0.030000
 128 0.030000
 129 0.030000
 130 0.030000
 131 0.030000
 132 0.030000
 133 0.030000
 134 0.030000
 135 0.030000
 136 0.030000
 137 0.030000
 138 0.030000
 139 0.030000
 140 0.030000
 141 0.030000
 142 0.030000
 143 0.030000
 144 0.030000
 145 0.030000
 146 0.030000
 147 0.030000
 148 0.030000
 149 0.030000
 150 0.030000
 151 0.030000
 152 0.030000
 153 0.030000
 154 0.030000
 155 0.030000
 156 0.030000
 157 0.030000
 158 0.030000
 159 0.030000
 160 0.030000
 161 0.030000
 162 0.030000
 163 0.030000
 164 0.030000
 165 0.030000
 166 0.030000
 167 0.030000
 168 0.030000
 169 0.030000
 170 0.030000
 171 0.030000
 172 0.030000
 173 0.030000
 174 0.030000
 175 0.030000
 176 0.030000
 177 0.030000
 178 0.030000
 179 0.030000
 180 0.030000
 181 0.030000
 182 0.030000
 183 0.030000
 184 0.030000
 185 0.030000
 186 0.030000
 187 0.030000
 188 0.030000
 189 0.030000
 190 0.030000
 191 0.030000
 192 0.030000
 193 0.030000
 194 0.030000
 195 0.030000
 196 0.030000
 197 0.030000
 198 0.030000
 199 0.030000
 200 0.030000
 201 0.030000
 202 0.030000
 203 0.030000
 204 0.030000
 205 0.030000
 206 0.030000
 207 0.030000
 208 0.030000
 209 0.030000
 210 0.030000
 211 0.030000
 212 0.030000
 213 0.030000
 214 0.030000
 215 0.030000
 216 0.030000
 217 0.030000
 218 0.030000
 219 0.030000
 220 0.030000
 221 0.030000
 222 0.030000
 223 0.030000
 224 0.030000
 225 0.030000
 226 0.030000
 227 0.030000
 228 0.030000
 229 0.030000
 230 0.030000
 231 0.030000
 232 0.030000
 233 0.030000
 234 0.030000
 235 0.030000
 236 0.030000
 237 0.030000
 238 0.030000
 239 0.030000
 240 0.030000
 241 0.030000
 242 0.030000
 243 0.030000
 244 0.030000
 245 0.030000
 246 0.030000
 247 0.030000
 248 0.030000
 249 0.030000
 250 0.030000
 251 0.030000
 252 0.030000
 253 0.030000
 254 0.030000
 255 0.030000
 256 0.030000
 257 0.030000
 258 0.030000
 259 0.030000
 260 0.030000
 261 0.030000
 262 0.030000
 263 0.030000
 264 0.030000
 265 0.030000
 266 0.030000
 267 0.030000
 268 0.030000
 269 0.030000
 270 0.030000
 271 0.030000
 272 0.030000
 273 0.030000
 274 0.030000
 275 0.030000
 276 0.030000
 277 0.030000
 278 0.030000
 279 0.030000
 280 0.030000
 281 0.030000
 282 0.030000
 283 0.030000
 284 0.030000
 285 0.030000
 286 0.030000
 287 0.030000
 288 0.030000
 289 0.030000
 290 0.030000
 291 0.030000
 292 0.030000
 293 0.030000
 294 0.030000
 295 0.030000
 296 0.030000
 297 0.030000
 298 0.030000
 299 0.030000
 300 0.030000
 301 0.030000
 302 0.030000
 303 0.030000
 304 0.030000
 305 0.030000
 306 0.030000
 307 0.030000
 308 0.030000
 309 0.030000
 310 0.030000
 311 0.030000
 312 0.030000
 313 0.030000
 314 0.030000
 315 0.030000
 316 0.030000
 317 0.030000
 318 0.030000
 319 0.030000
 320 0.030000
 321 0.030000
 322 0.030000
 323 0.030000
 324 0.030000
 325 0.030000
 326 0.030000
 327 0.030000
 328 0.030000
 329 0.030000
 330 0.030000
 331 0.030000
 332 0.030000
 333 0.030000
 334 0.030000
 335 0.030000
 336 0.030000
 337 0.030000
 338 0.030000
 339 0.030000
 340 0.030000
 341 0.030000
 342 0.030000
 343 0.030000
 344 0.030000
 345 0.030000
 346 0.030000
 347 0.030000
 348 0.030000
 349 0.030000
 350 0.030000
 351 0.030000
 352 0.030000
 353 0.030000
 354 0.030000
 355 0.030000
 356 0.030000
 357 0.030000
 358 0.030000
 359 0.030000
 360 0.030000
 361 0.030000
 362 0.030000
 363 0.030000
 364 0.030000
 365 0.030000
 366 0.030000
 367 0.030000
 368 0.030000
 369 0.030000
 370 0.030000
 371 0.030000
 372 0.030000
 373 0.030000
 374 0.030000
 375 0.030000
 376 0.030000
 377 0.030000
 378 0.030000
 379 0.030000
 380 0.030000
 381 0.030000
 382 0.030000
 383 0.030000
 384 0.030000
 385 0.030000
 386 0.030000
 387 0.030000
 388 0.030000
 389 0.030000
 390 0.030000
 391 0.030000
 392 0.030000
 393 0.030000
 394 0.030000
 395 0.030000
 396 0.030000
 397 0.020000
 398 0.030000
 399 0.030000
 400 0.030000
 401 0.030000
 402 0.020000
 403 0.030000
 404 0.030000
 405 0.030000
 406 0.030000
 407 0.030000
 408 0.030000
 409 0.030000
 410 0.030000
 411 0.030000
 412 0.030000
 413 0.030000
 414 0.030000
 415 0.030000
 416 0.030000
 417 0.030000
 418 0.030000
 419 0.030000
 420 0.030000
 421 0.030000
 422 0.030000
 423 0.030000
 424 0.030000
 425 0.030000
 426 0.030000
 427 0.030000
 428 0.030000
 429 0.030000
 430 0.030000
 431 0.030000
 432 0.030000
 433 0.030000
 434 0.030000
 435 0.030000
 436 0.030000
 437 0.030000
 438 0.030000
 439 0.030000
 440 0.030000
 441 0.030000
 442 0.030000
 443 0.030000
 444 0.030000
 445 0.030000
 446 0.030000
 447 0.030000
 448 0.030000
 449 0.030000
 450 0.030000
 451 0.030000
 452 0.030000
 453 0.030000
 454 0.030000
 455 0.030000
 456 0.030000
 457 0.030000
 458 0.030000
 459 0.030000
 460 0.030000
 461 0.030000
 462 0.030000
 463 0.030000
 464 0.030000
 465 0.030000
 466 0.030000
 467 0.030000
 468 0.020000
 470 0.030000
 472 0.020000
 473 0.020000
 475 0.030000
 476 0.030000
 477 0.030000
 478 0.030000
 479 0.030000
 480 0.030000
 481 0.030000
 482 0.030000
 483 0.030000
 484 0.030000
 485 0.030000
 486 0.030000
 487 0.030000
 488 0.030000
 489 0.030000
 490 0.030000
 491 0.030000
 492 0.030000
 493 0.030000
 494 0.030000
 495 0.030000
 496 0.030000
 497 0.030000
 498 0.030000
 499 0.030000
 500 0.030000
 501 0.030000
 502 0.030000
 503 0.030000
 504 0.030000
 505 0.030000
 506 0.030000
 507 0.030000
 508 0.030000
 509 0.030000
 510 0.030000
 511 0.030000
 512 0.030000
 513 0.030000
 514 0.030000
 515 0.030000
 516 0.030000
 517 0.030000
 518 0.030000
 519 0.030000
 520 0.030000
 521 0.030000
 522 0.030000
 523 0.030000
 524 0.030000
 525 0.030000
 526 0.030000
 527 0.030000
 528 0.030000
 529 0.030000
 530 0.030000
 531 0.030000
 532 0.020000
 533 0.030000
 541 0.020000
 542 0.030000
 543 0.030000
 544 0.030000
 545 0.030000
 546 0.030000
 547 0.030000
 548 0.030000
 549 0.030000
 550 0.030000
 551 0.030000
 552 0.030000
 553 0.030000
 554 0.030000
 555 0.030000
 556 0.030000
 557 0.030000
 558 0.030000
 559 0.030000
 560 0.030000
 561 0.030000
 562 0.030000
 563 0.030000
 564 0.030000
 565 0.030000
 566 0.030000
 567 0.030000
 568 0.030000
 569 0.030000
 570 0.030000
 571 0.030000
 572 0.030000
 573 0.030000
 574 0.030000
 575 0.030000
 576 0.030000
 577 0.030000
 578 0.030000
 579 0.030000
 580 0.030000
 581 0.030000
 582 0.030000
 583 0.030000
 584 0.030000
 585 0.030000
 586 0.030000
 587 0.030000
 588 0.030000
 589 0.030000
 590 0.030000
 591 0.030000
 600 0.020000
 601 0.020000
 602 0.030000
 603 0.030000
 604 0.030000
 605 0.030000
 606 0.030000
 607 0.030000
 608 0.030000
 609 0.030000
 610 0.030000
 611 0.030000
 612 0.030000
 613 0.030000
 614 0.030000
 615 0.030000
 616 0.030000
 617 0.030000
 618 0.030000
 619 0.030000
 620 0.030000
 621 0.030000
 622 0.030000
 623 0.030000
 624 0.030000
 625 0.030000
 626 0.030000
 627 0.030000
 628 0.030000
 629 0.030000
 630 0.030000
 631 0.030000
 632 0.030000
 633 0.030000
 634 0.030000
 635 0.030000
 636 0.030000
 637 0.030000
 638 0.030000
 639 0.030000
 640 0.030000
 641 0.030000
 642 0.030000
 643 0.030000
 644 0.030000
 645 0.030000
 646 0.030000
 647 0.030000
 648 0.030000
 649 0.030000
 650 0.030000
 651 0.030000
 652 0.030000
 653 0.030000
 654 0.020000
 661 0.020000
 663 0.030000
 665 0.030000
 666 0.030000
 667 0.030000
 668 0.030000
 669 0.030000
 670 0.030000
 671 0.030000
 672 0.030000
 673 0.030000
 674 0.030000
 675 0.030000
 676 0.030000
 677 0.030000
 678 0.030000
 679 0.030000
 680 0.030000
 681 0.030000
 682 0.030000
 683 0.030000
 684 0.030000
 685 0.030000
 686 0.030000
 687 0.030000
 688 0.030000
 689 0.030000
 690 0.030000
 691 0.030000
 692 0.030000
 693 0.030000
 694 0.030000
 695 0.030000
 696 0.030000
 697 0.030000
 698 0.030000
 699 0.030000
 700 0.030000
 701 0.030000
 702 0.030000
 703 0.030000
 704 0.030000
 705 0.030000
 706 0.030000
 707 0.030000
 708 0.030000
 709 0.030000
 710 0.030000
 711 0.030000
 712 0.030000
 714 0.020000
 721 0.030000
 722 0.030000
 725 0.030000
 726 0.030000
 727 0.030000
 728 0.030000
 729 0.030000
 730 0.030000
 731 0.030000
 732 0.030000
 733 0.030000
 734 0.030000
 735 0.030000
 736 0.030000
 737 0.030000
 738 0.030000
 739 0.030000
 740 0.030000
 741 0.030000
 742 0.030000
 743 0.030000
 744 0.030000
 745 0.030000
 746 0.030000
 747 0.030000
 748 0.030000
 749 0.030000
 750 0.030000
 751 0.030000
 752 0.030000
 753 0.030000
 754 0.030000
 755 0.030000
 756 0.030000
 757 0.030000
 758 0.030000
 759 0.030000
 760 0.030000
 761 0.030000
 762 0.030000
 763 0.030000
 764 0.030000
 765 0.030000
 766 0.030000
 767 0.030000
 770 0.020000
 776 0.030000
 777 0.030000
 780 0.030000
 781 0.030000
 782 0.030000
 783 0.030000
 784 0.030000
 785 0.030000
 786 0.030000
 787 0.030000
 788 0.030000
 789 0.030000
 790 0.030000
 791 0.030000
 792 0.030000
 793 0.030000
 794 0.030000
 795 0.030000
 796 0.030000
 797 0.030000
 798 0.030000
 799 0.030000
 800 0.030000
 801 0.030000
 802 0.030000
 803 0.030000
 804 0.030000
 805 0.030000
 806 0.030000
 807 0.030000
 808 0.030000
 809 0.030000
 810 0.030000
 811 0.030000
 812 0.030000
 813 0.030000
 814 0.030000
 815 0.020000
 816 0.030000
 817 0.030000
 818 0.030000
 819 0.030000
 822 0.020000
 828 0.020000
 831 0.030000
 832 0.030000
 833 0.030000
 834 0.030000
 835 0.030000
 836 0.030000
 837 0.030000
 838 0.030000
 839 0.030000
 840 0.030000
 841 0.030000
 842 0.030000
 843 0.030000
 844 0.030000
 845 0.030000
 846 0.030000
 847 0.030000
 848 0.030000
 849 0.030000
 850 0.030000
 851 0.030000
 852 0.030000
 853 0.030000
 854 0.030000
 855 0.030000
 856 0.030000
 857 0.030000
 858 0.030000
 859 0.030000
 860 0.030000
 862 0.020000
 864 0.030000
 865 0.030000
 866 0.030000
 867 0.030000
 868 0.030000
 869 0.030000
 870 0.030000
 872 0.020000
 873 0.030000
 874 0.030000
 875 0.030000
 877 0.020000
 884 0.030000
 887 0.030000
 888 0.030000
 889 0.030000
 890 0.030000
 891 0.030000
 892 0.030000
 893 0.030000
 894 0.030000
 895 0.030000
 896 0.030000
 897 0.030000
 898 0.030000
 899 0.030000
 900 0.030000
 901 0.030000
 902 0.030000
 903 0.030000
 904 0.030000
 905 0.030000
 906 0.030000
 907 0.030000
 908 0.030000
 909 0.030000
 910 0.030000
 911 0.030000
 912 0.030000
 913 0.030000
 914 0.030000
 915 0.030000
 916 0.030000
 918 0.020000
 919 0.020000
 921 0.030000
 922 0.030000
 923 0.030000
 924 0.030000
 925 0.020000
 926 0.030000
 927 0.030000
 931 0.020000
 932 0.030000
 933 0.030000
 934 0.020000
 938 0.020000
 941 0.030000
 942 0.030000
 945 0.020000
 948 0.020000
 950 0.030000
 953 0.030000
 954 0.030000
 955 0.030000
 956 0.030000
 957 0.030000
 958 0.030000
 959 0.030000
 960 0.030000
 961 0.030000
 962 0.030000
 963 0.030000
 964 0.030000
 965 0.030000
 966 0.030000
 967 0.030000
 968 0.030000
 969 0.030000
 970 0.030000
 971 0.030000
 972 0.030000
 973 0.030000
 974 0.030000
 975 0.030000
 976 0.030000
 977 0.030000
 978 0.030000
 979 0.030000
 980 0.030000
 981 0.030000
 982 0.030000
 983 0.030000
 984 0.030000
 985 0.030000
 986 0.030000
 988 0.020000
 990 0.030000
 991 0.030000
 992 0.030000
 993 0.030000
 994 0.020000
 995 0.020000
 1002 0.030000
 1003 0.020000
 1008 0.020000
 1010 0.030000
 1011 0.030000
 1012 0.030000
 1018 0.020000
 1022 0.020000
 1023 0.030000
 1024 0.030000
 1025 0.030000
 1026 0.030000
 1027 0.030000
 1028 0.030000
 1029 0.030000
 1030 0.030000
 1031 0.030000
 1032 0.030000
 1033 0.030000
 1034 0.030000
 1035 0.030000
 1036 0.030000
 1037 0.030000
 1038 0.030000
 1039 0.030000
 1040 0.030000
 1041 0.030000
 1042 0.030000
 1043 0.030000
 1044 0.030000
 1045 0.030000
 1046 0.030000
 1047 0.030000
 1048 0.030000
 1049 0.030000
 1050 0.030000
 1051 0.030000
 1052 0.030000
 1053 0.030000
 1054 0.030000
 1055 0.030000
 1057 0.020000
 1060 0.030000
 1061 0.030000
 1062 0.030000
 1063 0.030000
 1064 0.030000
 1065 0.030000
 1066 0.020000
 1080 0.030000
 1081 0.030000
 1082 0.030000
 1083 0.030000
 1089 0.020000
 1092 0.020000
 1093 0.020000
 1094 0.030000
 1095 0.030000
 1096 0.030000
 1097 0.030000
 1098 0.030000
 1099 0.030000
 1100 0.030000
 1101 0.030000
 1102 0.030000
 1103 0.030000
 1104 0.030000
 1105 0.030000
 1106 0.030000
 1107 0.030000
 1108 0.030000
 1109 0.030000
 1110 0.030000
 1111 0.030000
 1112 0.030000
 1113 0.030000
 1114 0.030000
 1116 0.030000
 1119 0.020000
 1120 0.030000
 1121 0.030000
 1122 0.030000
 1123 0.030000
 1124 0.030000
 1126 0.020000
 1130 0.020000
 1131 0.020000
 1134 0.030000
 1135 0.030000
 1136 0.030000
 1137 0.030000
 1138 0.030000
 1150 0.020000
 1158 0.020000
 1161 0.030000
 1162 0.030000
 1163 0.030000
 1164 0.030000
 1165 0.030000
 1166 0.030000
 1167 0.030000
 1168 0.030000
 1169 0.030000
 1170 0.030000
 1171 0.030000
 1172 0.030000
 1173 0.030000
 1174 0.030000
 1181 0.030000
 1183 0.030000
 1184 0.030000
 1185 0.030000
 1186 0.030000
 1187 0.030000
 1190 0.020000
 1194 0.030000
 1195 0.030000
 1198 0.020000
 1201 0.020000
 1202 0.020000
 1203 0.020000
 1204 0.030000
 1205 0.030000
 1206 0.030000
 1207 0.030000
 1209 0.030000
 1210 0.030000
 1211 0.030000
 1219 0.020000
 1223 0.030000
 1224 0.030000
 1225 0.030000
 1229 0.020000
 1233 0.030000
 1234 0.030000
 1235 0.030000
 1236 0.030000
 1237 0.030000
 1238 0.030000
 1239 0.030000
 1240 0.030000
 1241 0.030000
 1242 0.030000
 1243 0.030000
 1252 0.030000
 1253 0.030000
 1256 0.020000
 1257 0.020000
 1261 0.030000
 1262 0.030000
 1267 0.020000
 1273 0.030000
 1274 0.030000
 1275 0.030000
 1279 0.030000
 1285 0.020000
 1288 0.030000
 1289 0.030000
 1290 0.020000
 1291 0.020000
 1292 0.030000
 1293 0.030000
 1294 0.020000
 1300 0.030000
 1301 0.030000
 1303 0.030000
 1304 0.030000
 1305 0.030000
 1314 0.020000
 1317 0.020000
 1318 0.030000
 1319 0.030000
 1320 0.030000
 1324 0.020000
 1329 0.030000
 1337 0.020000
 1343 0.020000
 1348 0.030000
 1349 0.030000
 1353 0.030000
 1354 0.030000
 1361 0.030000
 1374 0.020000
 1375 0.020000
 1379 0.030000
 1380 0.030000
 1381 0.030000
 1382 0.030000
 1383 0.020000
 1386 0.020000
 1396 0.020000
 1405 0.030000
 1406 0.030000
 1410 0.030000
 1411 0.030000
 1427 0.020000
 1432 0.030000
 1433 0.030000
 1434 0.030000
 1437 0.020000
 1446 0.020000
 1453 0.030000
 1476 0.030000
 1477 0.030000
 1490 0.020000
 1493 0.020000
 1500 0.020000
 1502 0.030000
 1503 0.030000
 1504 0.030000
 1514 0.020000
 1515 0.020000
 1520 0.020000
 1534 0.020000
 1543 0.030000
 1544 0.030000
 1545 0.030000
 1546 0.030000
 1547 0.030000
 1548 0.030000
 1564 0.020000
 1578 0.020000
 1579 0.020000
 1588 0.030000
 1589 0.020000
 1590 0.030000
 1591 0.030000
 1592 0.030000
 1593 0.030000
 1594 0.030000
 1631 0.030000
 1632 0.030000
 1633 0.030000
 1634 0.030000
 1635 0.030000
 1636 0.030000
 1637 0.030000
 1638 0.020000
 1646 0.020000
 1676 0.020000
 1677 0.020000
 1678 0.030000
 1679 0.030000
 1680 0.020000
 1681 0.030000
 1682 0.020000
 1683 0.030000
 1699 0.020000
 1716 0.030000
 1731 0.030000
 1732 0.030000
 1733 0.020000
 1735 0.030000
 1760 0.020000
 1773 0.030000
 1774 0.030000
 1775 0.030000
 1776 0.030000
 1777 0.030000
 1778 0.030000
 1790 0.020000
 1820 0.020000
 1836 0.030000
 1837 0.020000
 1838 0.030000
 1839 0.030000
 1840 0.030000
 1841 0.030000
 1842 0.030000
 1843 0.030000
 1844 0.030000
 1845 0.030000
 1846 0.030000
 1872 0.020000
 1889 0.020000
 1905 0.030000
 1906 0.030000
 1907 0.030000
 1908 0.030000
 1909 0.030000
 1910 0.030000
 1912 0.030000
 1913 0.030000
 1914 0.030000
 1945 0.030000
 1946 0.030000
 1947 0.030000
 1972 0.030000
 1973 0.030000
 1974 0.030000
 1975 0.030000
 1977 0.030000
 1978 0.030000
 1994 0.020000
 1995 0.020000
 1996 0.020000
 2019 0.020000
 2020 0.020000
 2021 0.030000
 2022 0.030000
 2023 0.030000
 2024 0.030000
 2025 0.030000
 2026 0.030000
 2027 0.030000
 2039 0.020000
 2051 0.030000
 2052 0.020000
 2054 0.020000
 2071 0.020000
 2072 0.020000
 2098 0.020000
 2099 0.020000
 2100 0.030000
 2101 0.030000
 2102 0.030000
 2103 0.030000
 2104 0.030000
 2105 0.030000
 2106 0.030000
 2107 0.030000
 2108 0.030000
 2135 0.020000
 2137 0.020000
 2149 0.020000
 2153 0.020000
 2154 0.020000
 2186 0.020000
 2187 0.020000
 2189 0.030000
 2190 0.030000
 2191 0.030000
 2192 0.030000
 2193 0.030000
 2194 0.030000
 2195 0.030000
 2196 0.020000
 2197 0.020000
 2198 0.020000
 2226 0.020000
 2227 0.020000
 2240 0.020000
 2247 0.020000
 2283 0.030000
 2284 0.030000
 2285 0.030000
 2286 0.030000
 2287 0.030000
 2290 0.020000
 2328 0.020000
 2329 0.020000
 2330 0.020000
 2331 0.020000
 2332 0.020000
 2334 0.020000
 2373 0.020000
 2374 0.030000
 2376 0.030000
 2460 0.020000
 2539 0.020000
 2657 0.020000
 2724 0.020000
 2786 0.020000
 2845 0.020000
 2847 0.020000
 2903 0.030000
 2904 0.030000
 2905 0.030000
 2906 0.030000
 2955 0.030000
 2956 0.030000
 2957 0.030000
 2958 0.030000
 3049 0.020000
 3088 0.020000
 3156 0.020000
 3187 0.020000
 3215 0.020000
 3241 0.020000
 3266 0.020000
 3287 0.020000
 3310 0.020000
 3356 0.020000
 3465 0.020000
 3466 0.020000
 3485 0.020000
 3489 0.020000
 3490 0.020000
 3525 0.020000
 3567 0.020000
 3582 0.020000
 3597 0.020000
 3598 0.020000
 3612 0.020000
 3625 0.020000
 3636 0.020000
