eastcoast_95d_ll_select.grd nodal attributes                                    
        1377
           2
primitive_weighting_in_continuity_equation                                      
unitless                                                                        
           1
  0.500000000E-02
mannings_n_at_sea_floor                                                         
unitless                                                                        
           1
  0.250000000E-01
primitive_weighting_in_continuity_equation                                      
         210
      7481    0.20000000E-01
      7482    0.20000000E-01
      7483    0.20000000E-01
      7853    0.20000000E-01
      7854    0.20000000E-01
      7855    0.20000000E-01
      7856    0.20000000E-01
      7857    0.20000000E-01
      7858    0.20000000E-01
      7859    0.20000000E-01
      7860    0.20000000E-01
      7861    0.20000000E-01
      7878    0.20000000E-01
      7879    0.20000000E-01
      8235    0.20000000E-01
      8236    0.20000000E-01
      8237    0.20000000E-01
      8238    0.20000000E-01
      8239    0.20000000E-01
      8240    0.20000000E-01
      8241    0.20000000E-01
      8242    0.20000000E-01
      8243    0.20000000E-01
      8244    0.20000000E-01
      8249    0.20000000E-01
      8252    0.20000000E-01
      8253    0.20000000E-01
      8254    0.20000000E-01
      8255    0.20000000E-01
      8261    0.20000000E-01
      8268    0.20000000E-01
      8269    0.20000000E-01
      8270    0.20000000E-01
      8271    0.20000000E-01
      8273    0.20000000E-01
      8642    0.20000000E-01
      8643    0.20000000E-01
      8644    0.20000000E-01
      8645    0.20000000E-01
      8646    0.20000000E-01
      8647    0.20000000E-01
      8648    0.20000000E-01
      8649    0.20000000E-01
      8650    0.20000000E-01
      8651    0.20000000E-01
      8652    0.20000000E-01
      8653    0.20000000E-01
      8656    0.20000000E-01
      8657    0.20000000E-01
      8658    0.20000000E-01
      8659    0.20000000E-01
      8660    0.20000000E-01
      8661    0.20000000E-01
      8662    0.20000000E-01
      8663    0.20000000E-01
      8664    0.20000000E-01
      8665    0.20000000E-01
      8675    0.20000000E-01
      8676    0.20000000E-01
      8677    0.20000000E-01
      8678    0.20000000E-01
      8679    0.20000000E-01
      9052    0.20000000E-01
      9053    0.20000000E-01
      9054    0.20000000E-01
      9055    0.20000000E-01
      9056    0.20000000E-01
      9057    0.20000000E-01
      9058    0.20000000E-01
      9059    0.20000000E-01
      9060    0.20000000E-01
      9061    0.20000000E-01
      9062    0.20000000E-01
      9063    0.20000000E-01
      9067    0.20000000E-01
      9068    0.20000000E-01
      9069    0.20000000E-01
      9070    0.20000000E-01
      9071    0.20000000E-01
      9072    0.20000000E-01
      9073    0.20000000E-01
      9074    0.20000000E-01
      9075    0.20000000E-01
      9076    0.20000000E-01
      9077    0.20000000E-01
      9086    0.20000000E-01
      9087    0.20000000E-01
      9452    0.20000000E-01
      9453    0.20000000E-01
      9454    0.20000000E-01
      9455    0.20000000E-01
      9456    0.20000000E-01
      9457    0.20000000E-01
      9458    0.20000000E-01
      9459    0.20000000E-01
      9460    0.20000000E-01
      9461    0.20000000E-01
      9463    0.20000000E-01
      9464    0.20000000E-01
      9466    0.20000000E-01
      9467    0.20000000E-01
      9468    0.20000000E-01
      9469    0.20000000E-01
      9470    0.20000000E-01
      9471    0.20000000E-01
      9472    0.20000000E-01
      9473    0.20000000E-01
      9474    0.20000000E-01
      9475    0.20000000E-01
      9490    0.20000000E-01
      9491    0.20000000E-01
      9492    0.20000000E-01
      9493    0.20000000E-01
      9494    0.20000000E-01
      9851    0.20000000E-01
      9852    0.20000000E-01
      9853    0.20000000E-01
      9855    0.20000000E-01
      9856    0.20000000E-01
      9858    0.20000000E-01
      9860    0.20000000E-01
      9861    0.20000000E-01
      9862    0.20000000E-01
      9863    0.20000000E-01
      9864    0.20000000E-01
      9865    0.20000000E-01
      9866    0.20000000E-01
      9867    0.20000000E-01
      9868    0.20000000E-01
      9869    0.20000000E-01
      9870    0.20000000E-01
      9871    0.20000000E-01
      9872    0.20000000E-01
      9873    0.20000000E-01
      9883    0.20000000E-01
      9890    0.20000000E-01
      9891    0.20000000E-01
      9892    0.20000000E-01
      9893    0.20000000E-01
     10188    0.20000000E-01
     10191    0.20000000E-01
     10192    0.20000000E-01
     10193    0.20000000E-01
     10194    0.20000000E-01
     10195    0.20000000E-01
     10196    0.20000000E-01
     10197    0.20000000E-01
     10200    0.20000000E-01
     10201    0.20000000E-01
     10222    0.20000000E-01
     10223    0.20000000E-01
     10479    0.20000000E-01
     10483    0.20000000E-01
     10510    0.20000000E-01
     10511    0.20000000E-01
     10515    0.20000000E-01
     10764    0.20000000E-01
     12092    0.20000000E-01
     12093    0.20000000E-01
     12094    0.20000000E-01
     12096    0.20000000E-01
     12297    0.20000000E-01
     12298    0.20000000E-01
     12299    0.20000000E-01
     12300    0.20000000E-01
     12301    0.20000000E-01
     12303    0.20000000E-01
     12304    0.20000000E-01
     12305    0.20000000E-01
     12306    0.20000000E-01
     12504    0.20000000E-01
     12505    0.20000000E-01
     12506    0.20000000E-01
     12507    0.20000000E-01
     12508    0.20000000E-01
     12509    0.20000000E-01
     12510    0.20000000E-01
     12511    0.20000000E-01
     12512    0.20000000E-01
     12729    0.20000000E-01
     12730    0.20000000E-01
     12733    0.20000000E-01
     12734    0.20000000E-01
     12735    0.20000000E-01
     12736    0.20000000E-01
     12738    0.20000000E-01
     12740    0.20000000E-01
     12741    0.20000000E-01
     12978    0.20000000E-01
     13197    0.20000000E-01
     13198    0.20000000E-01
     13199    0.20000000E-01
     13200    0.20000000E-01
     13201    0.20000000E-01
     13470    0.20000000E-01
     13471    0.20000000E-01
     13472    0.20000000E-01
     13473    0.20000000E-01
     13474    0.20000000E-01
     13475    0.20000000E-01
     13476    0.20000000E-01
     13477    0.20000000E-01
     13766    0.20000000E-01
     13768    0.20000000E-01
     13769    0.20000000E-01
     14077    0.20000000E-01
     14080    0.20000000E-01
     14081    0.20000000E-01
     14405    0.20000000E-01
     14406    0.20000000E-01
mannings_n_at_sea_floor                                                         
           0
