FileFmt      1050624           0           0
NELG           58369        2590        2510
      -49108
      -49128
      -49132
      -49160
      -49191
      -49209
      -49210
      -49238
      -49239
      -49279
      -49321
      -49322
      -49340
      -49345
       49363
       49390
       49415
      -49442
       49445
      -49463
       49470
      -49481
       49486
       49501
       49508
       49512
       49543
       49551
      -49575
       49581
      -49582
       49584
       49595
       49610
       49611
      -49632
       49639
       49640
       49657
       49661
       49668
       49673
      -49676
       49689
       49696
      -49706
       49732
       49733
       49735
      -49745
       49748
       49749
       49751
       49760
       49779
      -49784
      -49788
       49790
       49795
       49796
       49806
       49813
       49830
       49839
      -49840
       49846
       49853
       49854
       49855
       49867
       49869
       49882
       49890
      -49893
       49894
       49897
       49901
       49908
       49910
       49915
       49916
       49919
       49925
       49927
       49945
       49950
      -49952
       49962
       49965
       49969
       49973
       49976
       49984
       49986
       49992
       49998
       50002
      -50027
       50028
       50039
       50045
       50048
       50054
       50060
       50067
       50084
       50091
       50099
       50105
      -50123
      -50128
       50133
       50141
       50143
       50145
       50147
       50154
       50157
       50160
       50161
       50162
       50207
      -50212
       50215
       50221
       50233
       50234
       50236
      -50237
      -50241
       50262
       50274
       50275
       50287
       50311
       50312
       50317
       50319
       50320
       50322
       50342
      -50346
       50354
       50363
       50368
       50373
       50381
       50385
       50388
       50389
       50397
      -50398
       50420
       50423
       50436
       50440
       50441
       50445
      -50449
       50453
       50463
       50484
       50486
       50488
       50496
      -50498
       50499
       50504
       50506
       50510
       50528
       50540
       50547
       50551
       50557
       50560
       50566
       50575
       50578
      -50592
       50605
       50607
       50610
      -50619
       50628
       50629
       50637
       50640
       50641
       50642
       50643
       50660
       50675
       50699
       50701
       50704
       50708
       50714
       50721
       50724
      -50732
       50733
       50739
       50740
       50743
       50751
      -50769
       50776
       50781
       50783
       50787
       50789
       50794
       50797
       50810
       50811
       50812
      -50813
       50817
       50823
       50835
       50838
       50842
       50844
       50848
       50856
       50860
       50862
       50872
      -50873
       50879
       50887
       50889
       50890
       50891
       50895
       50898
       50899
       50903
       50906
       50907
      -50908
       50912
      -50914
       50915
       50917
       50918
       50921
       50923
       50927
       50929
       50932
       50937
       50939
       50945
       50947
       50949
      -50952
       50954
       50955
       50956
       50962
       50963
       50965
       50967
       50976
       50981
       50984
       50988
       50991
       50993
       50994
      -50998
       51000
       51005
       51006
       51008
       51009
       51012
       51015
       51017
      -51022
       51024
       51026
       51028
       51031
       51032
       51035
       51037
       51039
       51040
       51041
       51049
       51051
       51059
       51062
       51065
       51070
       51073
      -51075
       51076
       51078
       51080
       51082
       51083
       51084
       51085
       51086
       51087
       51088
       51089
       51092
       51112
      -51117
       51121
       51123
       51125
       51126
       51127
       51128
       51129
       51130
       51131
      -51132
       51135
       51137
       51150
       51155
       51157
      -51158
       51161
       51165
       51166
       51168
       51169
       51174
       51175
       51176
       51183
       51191
       51195
       51196
       51197
      -51199
       51200
       51201
       51203
       51204
       51205
       51207
       51208
       51209
       51211
       51212
       51213
       51214
       51215
       51220
       51224
      -51226
       51230
       51231
       51233
       51234
       51236
       51238
      -51241
       51243
       51244
       51246
       51250
       51251
       51252
       51254
       51256
       51257
       51260
      -51263
       51264
       51266
       51267
       51273
       51274
       51277
       51279
       51280
       51282
       51283
      -51284
       51289
       51291
       51292
       51293
       51294
       51295
       51297
       51300
       51301
       51302
       51303
       51305
       51307
       51308
      -51312
       51313
       51315
       51317
       51318
       51320
       51321
       51322
       51323
       51324
       51326
       51328
       51330
      -51331
       51332
       51333
       51335
       51339
       51341
       51342
       51346
       51347
       51348
       51349
       51350
       51351
       51352
       51354
       51358
       51359
       51360
       51361
       51363
       51369
       51371
       51373
       51374
       51375
       51377
       51378
       51379
       51381
       51382
      -51383
       51386
       51388
       51389
       51390
       51391
       51393
       51395
       51396
       51397
       51398
       51399
       51400
       51403
       51404
       51405
       51406
       51407
       51409
       51410
       51411
       51412
       51414
       51416
       51417
       51418
       51419
       51420
       51421
       51422
       51424
       51425
       51426
       51427
       51428
       51429
       51430
       51431
       51433
       51434
       51435
       51436
       51437
       51438
       51440
       51442
       51443
       51444
      -51445
       51446
       51447
       51448
       51450
       51452
       51453
       51454
       51456
       51457
       51458
       51459
       51460
       51461
       51462
       51463
       51465
       51466
       51469
       51470
       51471
       51472
       51473
       51474
       51475
       51476
       51477
       51478
       51480
       51481
       51482
       51483
       51484
       51485
       51486
       51487
       51488
       51489
       51490
       51491
       51492
       51493
       51494
       51495
       51497
       51498
       51499
       51500
       51501
       51503
       51504
       51507
       51509
       51510
       51511
       51512
       51513
       51514
      -51515
       51516
       51517
       51518
       51519
       51520
       51521
       51522
       51523
       51524
       51526
       51527
       51528
       51529
       51531
       51532
       51533
       51534
       51535
       51536
       51538
       51539
       51540
       51541
       51542
       51543
       51544
       51545
       51546
       51547
       51549
       51550
       51551
       51552
       51554
       51555
       51556
       51557
       51558
       51559
       51560
       51561
       51562
       51563
       51566
       51567
       51568
       51569
       51570
       51571
       51572
       51573
       51575
       51576
       51577
       51578
       51579
       51580
       51581
       51582
       51583
      -51584
       51585
       51586
       51587
       51588
       51589
       51590
       51591
       51592
       51594
       51595
       51596
       51598
       51599
       51600
       51601
       51602
       51603
       51604
       51605
       51606
       51607
       51608
       51609
       51610
       51611
       51612
       51613
       51615
       51616
       51617
       51620
       51621
       51622
       51625
       51626
       51627
       51629
       51630
       51631
       51632
       51634
       51635
       51636
       51638
      -51639
       51641
       51642
       51643
       51644
       51645
       51646
       51647
       51649
       51650
       51651
       51652
       51653
       51654
       51655
       51657
       51658
       51659
       51662
       51663
       51664
       51665
       51666
       51667
       51668
       51669
       51670
       51672
       51673
       51674
       51675
       51676
       51677
       51678
       51679
       51680
       51681
       51682
       51683
       51684
       51685
       51686
       51687
       51688
       51689
       51691
       51692
       51695
       51697
       51699
       51700
       51701
       51702
       51703
       51704
       51705
       51706
       51707
       51708
       51709
       51710
       51711
       51712
       51713
       51714
       51715
       51717
      -51718
       51719
       51720
       51722
       51723
       51724
       51725
       51726
       51728
       51730
       51731
       51732
       51733
       51734
       51735
       51736
       51737
       51738
       51739
       51740
       51741
       51743
       51744
       51745
       51746
       51747
       51748
       51749
       51750
       51751
       51752
       51753
       51754
       51755
       51756
       51757
       51759
       51761
       51763
       51764
       51766
       51767
       51768
       51769
       51770
       51771
       51772
       51773
       51774
       51775
       51776
       51777
       51778
       51779
       51780
       51781
       51782
       51783
       51784
       51785
       51787
       51789
       51790
       51791
       51792
       51793
       51795
       51796
       51797
       51798
       51799
       51800
       51801
       51802
       51803
       51804
       51805
       51806
       51807
       51809
       51810
       51811
       51812
       51813
       51814
       51815
       51816
       51817
       51818
       51820
       51824
       51826
       51827
      -51828
       51829
       51830
       51831
       51832
       51833
       51834
       51835
       51836
       51837
       51838
       51839
       51840
       51841
       51842
       51844
       51845
       51847
       51849
       51851
       51852
       51853
       51855
       51856
       51857
       51858
       51859
       51860
       51861
       51862
       51863
       51864
       51865
       51866
       51868
       51869
       51870
       51871
       51872
       51873
       51874
       51876
       51877
       51878
       51879
       51880
       51882
       51883
       51884
       51885
       51886
       51887
       51889
       51890
       51891
       51892
       51893
       51894
       51895
       51896
       51897
       51899
      -51901
       51902
       51903
       51904
       51905
       51906
       51907
       51908
       51910
       51911
       51912
       51914
       51915
       51917
       51918
       51919
       51920
       51921
       51922
       51923
       51924
       51925
       51926
       51927
       51928
       51929
       51932
       51935
       51936
       51937
       51938
       51939
       51940
       51941
       51942
       51943
       51944
       51945
       51946
       51947
       51948
       51949
       51950
       51951
       51952
       51953
       51954
       51955
       51959
       51960
       51961
       51962
       51964
       51965
       51967
       51968
      -51969
       51970
       51971
       51972
       51973
       51974
       51977
       51978
       51979
       51980
       51982
       51983
       51984
       51985
      -51986
       51987
       51988
       51989
       51990
       51991
       51992
       51995
       51996
       51997
       51998
       51999
       52000
       52001
       52002
       52003
       52005
       52006
       52007
       52008
       52010
       52011
       52012
       52015
       52016
       52017
       52018
       52019
       52020
       52021
       52022
       52023
       52025
       52026
       52027
       52028
       52029
       52030
       52031
       52032
       52033
       52035
       52038
       52040
       52041
       52042
       52043
       52044
       52045
       52046
       52047
       52048
       52049
       52050
       52051
       52052
       52053
       52054
       52055
       52056
       52057
       52058
       52059
       52060
       52061
       52062
       52063
       52064
       52065
       52068
       52070
       52071
       52072
       52073
       52074
       52075
       52076
       52077
       52079
       52080
       52081
       52082
      -52084
       52085
       52086
       52087
       52088
       52089
       52091
       52092
       52093
       52094
       52095
       52098
       52099
       52100
       52101
       52102
       52103
       52104
       52105
       52106
       52107
       52108
       52109
       52110
       52111
       52112
       52113
       52116
       52117
       52118
       52120
       52121
       52122
       52123
       52124
       52125
       52128
       52130
       52131
       52132
       52133
       52134
       52135
       52136
       52138
       52139
       52140
       52141
       52142
       52143
       52145
       52146
       52148
       52150
       52151
       52155
       52156
       52157
       52158
       52159
       52160
       52161
       52162
       52163
       52165
       52167
       52168
       52169
       52170
       52171
       52173
       52175
       52176
       52177
       52179
       52180
       52181
       52182
       52183
       52184
       52185
       52186
       52187
       52188
       52189
       52190
       52191
       52192
       52193
       52196
       52197
       52198
       52199
       52202
       52203
       52204
      -52206
       52207
       52208
       52209
       52210
       52211
       52213
       52214
       52215
       52216
       52217
       52219
       52222
       52223
       52226
       52227
       52229
       52230
       52231
       52232
       52233
       52234
       52235
       52237
       52238
       52240
       52241
       52242
       52243
       52244
       52245
       52247
       52248
       52249
       52250
       52251
       52252
       52253
       52254
       52256
       52257
       52258
       52261
       52263
       52264
       52265
       52267
       52268
       52269
       52270
       52271
       52273
       52274
       52275
       52276
       52277
       52278
       52280
       52281
       52282
       52283
       52284
       52285
       52286
       52287
       52288
       52289
       52293
       52294
       52295
       52296
      -52297
       52298
       52299
       52300
       52301
       52304
       52305
       52306
       52307
       52308
       52310
       52314
       52315
       52317
       52318
       52321
       52322
       52323
       52324
       52325
       52326
       52327
       52329
       52332
       52333
       52334
       52336
       52337
       52339
       52340
       52341
       52342
       52343
       52344
       52345
       52346
       52347
       52348
       52349
       52350
      -52351
       52352
       52355
       52357
       52358
       52359
       52360
       52361
       52362
       52363
       52364
       52365
       52366
       52367
       52368
       52370
       52372
       52373
       52374
       52375
       52377
       52378
       52380
       52381
       52384
       52385
       52386
       52389
       52390
       52391
       52392
       52393
       52394
       52395
       52396
       52397
       52399
       52402
       52404
       52405
       52406
       52407
       52409
       52411
       52412
       52414
       52416
       52417
       52418
       52419
       52420
       52421
       52422
      -52424
       52425
       52426
       52427
       52428
       52429
       52430
       52431
       52432
       52433
       52434
       52435
       52437
       52439
       52440
       52441
       52442
       52443
       52444
       52447
       52451
       52452
       52453
       52455
       52456
       52457
       52458
       52459
       52460
       52461
       52464
       52465
       52466
       52467
       52468
       52469
       52470
       52472
       52473
       52475
       52476
       52478
       52480
       52482
       52483
       52484
       52485
       52487
       52488
       52489
       52491
       52494
       52495
       52496
       52497
       52498
       52499
       52502
       52504
       52505
       52506
       52507
       52508
       52509
       52511
       52512
       52513
       52514
       52515
       52517
       52520
       52521
       52522
       52523
       52524
       52525
       52526
       52530
       52531
       52534
      -52535
       52536
       52537
       52538
       52539
       52540
       52541
       52543
       52544
       52545
       52546
       52547
       52549
       52550
       52551
       52553
       52554
       52555
       52558
       52559
       52560
       52561
       52564
       52565
       52566
       52567
       52570
       52571
       52572
       52573
       52575
       52576
       52577
       52578
       52581
       52583
       52586
       52587
       52589
       52591
       52592
       52594
       52595
       52596
       52598
       52599
       52600
       52601
       52603
       52605
       52606
      -52607
       52608
       52609
       52610
       52612
       52614
       52615
       52616
       52617
       52618
       52620
       52621
       52622
       52623
       52629
       52630
       52631
       52632
       52639
       52640
       52641
       52642
       52643
       52644
       52645
       52646
       52647
       52648
       52650
       52652
       52653
       52655
       52657
       52658
       52659
       52662
       52663
       52664
       52666
       52668
       52669
       52670
       52671
       52672
       52673
       52674
       52676
       52678
       52679
       52680
       52681
       52684
      -52685
       52686
       52687
       52689
       52691
       52693
       52696
       52697
       52698
       52699
       52700
       52702
       52703
       52704
       52705
       52706
       52708
       52710
       52712
       52717
       52719
       52720
       52722
       52724
       52725
       52726
       52727
       52729
       52730
       52731
       52733
       52734
       52736
       52737
       52739
       52740
       52742
       52743
       52747
       52751
       52753
       52755
       52756
       52757
       52758
       52759
       52760
       52761
       52762
       52763
       52766
       52767
       52768
       52769
       52770
       52772
       52773
       52774
       52775
       52776
       52782
       52783
       52787
       52788
      -52789
       52790
       52791
       52792
       52793
       52794
       52796
       52798
       52799
       52800
       52801
       52803
       52805
       52806
       52807
       52808
       52809
       52811
       52812
       52813
       52814
       52818
       52819
       52820
       52821
       52822
       52823
       52826
       52827
       52829
       52830
       52831
       52832
       52835
       52837
       52839
       52840
       52847
       52849
       52851
       52852
      -52853
       52854
       52856
       52857
       52859
       52860
       52862
       52863
       52864
       52868
       52870
       52871
       52872
       52876
       52877
       52878
       52881
       52882
       52884
       52886
       52889
       52891
       52892
       52895
      -52897
       52898
       52899
       52900
       52901
       52903
       52904
       52905
       52906
       52907
       52908
       52909
       52912
       52913
       52914
       52915
       52916
       52917
       52918
       52921
       52922
       52923
       52924
       52925
       52926
       52930
       52933
       52935
       52936
       52938
       52940
       52941
       52945
       52948
       52950
       52951
       52952
       52953
       52954
       52960
       52963
       52964
       52965
       52967
       52969
       52971
       52972
       52973
       52974
      -52976
       52977
       52978
       52979
       52980
       52981
       52982
       52984
       52986
       52988
       52989
       52990
       52992
       52993
       52995
       52997
       53000
       53002
       53006
       53008
       53009
       53010
       53011
       53012
       53013
       53020
       53021
       53024
       53026
       53028
       53029
      -53031
       53032
       53033
       53035
       53036
       53037
       53038
       53039
       53042
       53043
       53047
       53048
       53050
       53052
       53055
       53057
       53059
       53060
       53061
       53062
       53063
       53064
       53066
       53068
       53069
       53070
       53072
       53074
       53075
       53079
       53081
       53082
       53083
       53084
       53085
       53089
       53090
       53091
       53093
       53094
       53098
       53099
       53101
       53108
       53109
       53111
       53112
       53113
       53115
       53116
       53117
       53118
       53119
       53120
       53123
       53124
      -53125
       53127
       53129
       53130
       53135
       53136
       53137
       53138
       53141
       53144
       53145
       53146
       53147
       53148
       53151
       53152
       53155
       53158
       53161
       53162
       53164
       53165
       53166
       53168
       53171
       53174
       53175
       53177
       53178
       53179
      -53180
       53181
       53186
       53190
       53191
       53193
       53194
       53196
       53200
       53201
       53204
       53206
       53207
       53208
       53213
       53214
       53215
       53217
       53218
       53222
       53223
       53224
      -53228
       53229
       53230
       53232
       53233
       53236
       53237
       53239
       53240
       53241
       53242
       53246
       53248
       53249
       53250
       53253
       53255
       53256
       53257
       53258
       53259
       53260
       53264
       53265
       53266
       53267
       53268
       53269
       53271
       53272
       53274
       53275
       53280
       53283
      -53284
       53285
       53286
       53289
       53291
       53294
       53297
       53298
       53300
       53306
       53308
       53310
       53314
       53316
       53317
       53318
       53322
       53324
       53325
       53328
       53331
       53332
       53335
       53337
       53339
       53340
       53341
       53343
       53344
       53348
       53351
       53354
       53355
       53356
       53360
       53362
       53363
       53368
       53369
       53371
       53375
       53376
       53378
       53379
       53382
       53383
       53384
       53385
       53387
       53388
       53390
       53393
       53394
      -53395
       53397
       53398
       53402
       53403
       53406
       53410
       53414
       53419
       53420
       53424
       53425
       53430
       53431
       53432
       53435
       53439
       53440
       53441
       53443
       53445
       53449
       53454
       53455
       53458
       53463
       53465
       53468
       53471
       53475
       53476
       53479
       53481
       53483
       53486
       53488
       53491
       53492
       53494
      -53495
       53496
       53498
       53502
       53503
       53506
       53507
       53511
       53514
       53518
       53519
       53525
       53529
       53531
       53532
       53533
       53534
       53535
       53536
       53542
       53544
       53546
       53547
       53548
       53551
       53554
       53555
       53557
       53566
       53568
       53570
      -53571
       53572
       53574
       53575
       53576
       53578
       53579
       53584
       53588
       53589
       53596
       53598
       53600
       53602
       53604
       53605
       53606
       53613
       53614
       53616
       53617
       53618
       53620
       53624
       53627
       53628
       53629
       53635
       53637
       53638
       53640
       53641
       53646
       53647
       53648
       53649
       53655
       53656
       53667
       53669
      -53670
       53671
       53672
       53674
       53677
       53679
       53685
       53686
       53692
       53694
       53696
      -53699
       53701
       53703
       53704
       53705
       53709
       53710
       53711
       53716
       53717
       53720
       53728
       53729
       53730
       53731
       53733
       53734
       53737
       53739
       53741
       53742
       53748
       53753
       53758
       53759
       53762
       53764
       53768
       53773
       53776
       53783
       53788
       53791
       53792
       53796
       53799
       53800
       53802
       53803
       53807
       53808
       53812
       53817
       53822
       53823
       53824
       53825
       53827
      -53828
       53829
       53832
       53835
       53836
       53838
       53841
       53843
       53844
       53850
       53859
       53867
       53870
       53875
       53876
       53881
       53885
       53888
       53893
      -53894
       53900
       53902
       53903
       53906
       53910
       53911
       53913
       53918
       53921
       53922
       53927
       53928
       53934
       53935
       53938
       53941
       53946
       53951
       53954
       53955
       53964
       53968
       53969
       53971
       53972
       53974
       53976
       53977
       53978
       53984
       53987
       53988
       53993
       53999
       54000
       54004
       54010
       54015
      -54019
       54022
       54023
       54024
       54025
       54029
       54030
       54034
       54042
       54045
       54049
      -54051
       54052
       54053
       54054
       54056
       54058
       54061
       54067
       54068
       54072
       54077
       54078
       54084
       54087
       54089
       54093
       54095
       54096
       54100
       54101
       54111
      -54112
      -54113
       54115
       54116
       54118
       54119
       54120
       54121
       54126
       54127
       54131
       54132
       54133
       54135
       54140
       54148
       54149
       54150
       54151
       54153
       54161
       54163
       54165
       54166
       54169
       54172
       54179
       54181
       54182
       54188
       54189
       54190
       54198
       54199
       54201
       54202
       54204
       54208
       54210
       54211
       54216
       54217
       54218
       54219
       54220
       54222
       54225
       54226
       54230
       54244
       54245
       54250
       54252
       54253
       54254
       54257
      -54258
       54259
       54260
       54262
       54263
       54267
       54269
       54274
       54277
       54283
       54287
       54294
       54295
       54297
       54298
      -54300
       54303
       54306
       54307
       54310
       54314
       54318
       54322
       54323
       54325
       54326
       54339
       54340
       54342
       54346
       54347
       54348
       54351
       54352
       54355
       54356
       54358
       54363
       54365
       54368
       54376
       54378
       54379
       54380
       54381
       54382
      -54384
       54387
       54389
       54390
       54399
       54400
       54402
       54404
       54405
       54410
       54414
       54418
       54420
       54433
       54435
       54437
       54438
       54442
       54443
       54445
       54447
       54449
       54452
       54458
       54461
       54466
      -54469
       54470
       54474
       54477
       54480
       54482
       54485
       54489
       54490
       54491
       54492
       54494
       54499
       54502
       54504
       54509
       54510
       54512
       54516
       54520
       54523
       54526
       54529
       54530
      -54533
       54537
       54540
       54542
       54549
       54555
       54557
       54558
       54559
       54567
       54569
       54570
       54571
       54577
       54578
       54579
       54583
       54587
       54595
       54597
       54600
       54601
       54605
       54606
       54607
       54608
       54609
       54619
      -54621
       54626
       54629
       54634
       54635
       54636
       54637
       54639
       54641
       54649
       54650
       54665
       54669
       54675
       54677
       54678
       54681
       54683
      -54685
       54688
       54696
       54706
       54707
       54708
       54714
       54715
       54716
       54722
       54726
       54727
       54730
       54735
       54740
       54742
       54746
       54748
       54758
       54763
       54771
       54779
      -54782
       54784
       54785
       54786
       54790
       54793
       54796
       54799
       54803
       54804
       54806
       54810
       54813
      -54815
       54817
       54825
       54842
       54849
       54865
       54866
       54874
       54883
       54891
       54898
       54902
       54909
       54911
      -54920
       54928
       54936
       54937
       54962
       54968
       54973
       54974
       54977
       54982
       54983
      -54986
       54987
       54988
       54991
       55011
       55015
       55020
       55023
       55024
       55032
       55039
       55041
       55055
       55060
       55074
      -55079
       55080
       55083
       55088
       55089
       55095
       55100
       55110
       55113
       55117
       55125
       55126
       55137
       55139
       55140
       55141
       55146
      -55150
       55158
       55173
       55175
       55179
       55183
       55193
       55195
       55197
       55199
       55200
       55202
       55215
       55221
       55227
      -55233
       55240
       55249
       55250
       55251
       55252
       55257
       55267
       55271
       55272
       55276
       55285
       55294
       55303
      -55308
       55312
       55318
       55324
       55329
       55330
       55331
       55340
       55343
       55344
       55349
       55356
       55360
       55375
       55380
       55384
       55394
       55395
       55403
       55412
       55414
       55416
       55424
       55442
       55452
       55457
       55459
       55475
       55490
       55496
       55505
       55509
       55516
       55524
       55530
       55540
       55555
       55559
       55579
       55582
       55588
       55615
       55639
       55643
       55647
       55655
       55667
       55684
       55686
       55739
       55749
       55803
       55855
NNODG          31435        1437        1361
      -21187
      -21577
      -21578
      -21588
       21589
       21590
       21988
       21989
      -21990
       21991
      -21994
      -21999
      -22000
       22001
       22002
       22003
       22391
       22392
       22393
       22394
       22395
      -22398
      -22402
       22403
       22404
       22405
       22406
       22407
       22408
       22793
       22794
       22795
       22796
       22797
       22798
       22799
      -22802
      -22806
       22807
       22808
       22809
       22810
       22811
       22812
       22813
       22814
       23206
       23207
       23208
       23209
       23210
       23211
       23212
       23213
       23214
       23215
      -23219
      -23225
       23226
       23227
       23228
       23229
       23230
       23231
       23232
       23233
       23234
       23633
       23634
       23635
       23636
       23637
       23638
       23639
       23640
       23641
       23642
       23643
       23644
      -23650
      -23656
       23657
       23658
       23659
       23660
       23661
       23662
       23663
       23664
       23665
       23666
       24066
       24067
       24068
       24069
       24070
       24071
       24072
       24073
       24074
       24075
       24076
       24077
      -24083
      -24089
       24090
       24091
       24092
       24093
       24094
       24095
       24096
       24097
       24098
       24099
       24100
       24465
       24466
       24467
       24468
       24469
       24470
       24471
       24472
       24473
       24474
       24475
       24476
       24477
      -24485
      -24492
       24493
       24494
       24495
       24496
       24497
       24498
       24499
       24500
       24501
       24502
       24503
       24825
       24826
       24827
       24828
       24829
       24830
       24831
       24832
       24833
       24834
       24835
       24836
       24837
       24838
       24839
      -24850
      -24857
       24858
       24859
       24860
       24861
       24862
       24863
       24864
       24865
       24866
       24867
       24868
       25170
       25171
       25172
       25173
       25174
       25175
       25176
       25177
       25178
       25179
       25180
       25181
       25182
       25183
       25184
      -25185
       25186
       25187
       25188
      -25206
       25207
       25208
      -25209
       25210
       25211
       25212
       25213
       25214
       25215
       25216
       25217
       25218
       25477
       25478
       25479
       25480
       25481
       25482
       25483
       25484
       25485
       25486
       25487
       25488
       25489
       25490
       25491
      -25492
       25493
       25494
       25495
      -25514
      -25515
      -25518
       25519
       25520
       25521
       25522
       25523
       25524
       25525
       25526
       25742
       25743
       25744
       25745
       25746
       25747
       25748
       25749
       25750
       25751
       25752
       25753
       25754
       25755
       25756
       25757
       25758
       25759
      -25760
       25761
       25762
       25763
      -25788
       25789
       25790
       25791
       25792
       25793
       25794
       25795
       25796
       26010
       26011
       26012
       26013
       26014
       26015
       26016
       26017
       26018
       26019
       26020
       26021
       26022
       26023
       26024
       26025
       26026
       26027
       26028
       26029
      -26030
       26031
       26032
       26033
       26060
       26061
       26062
       26063
       26064
       26065
       26066
       26281
       26282
       26283
       26284
       26285
       26286
       26287
       26288
       26289
       26290
       26291
       26292
       26293
       26294
       26295
       26296
       26297
       26298
       26299
       26300
       26301
       26302
       26303
      -26304
       26305
       26306
      -26331
       26332
       26333
       26334
       26335
       26336
       26337
       26338
       26546
       26547
       26548
       26549
       26550
       26551
       26552
       26553
       26554
       26555
       26556
       26557
       26558
       26559
       26560
       26561
       26562
       26563
       26564
       26565
       26566
       26567
       26568
       26569
       26570
       26571
      -26572
       26574
      -26597
       26598
       26599
       26600
       26601
       26602
       26603
       26604
       26605
       26606
       26607
       26806
       26807
       26808
       26809
       26810
       26811
       26812
       26813
       26814
       26815
       26816
       26817
       26818
       26819
       26820
       26821
       26822
       26823
       26824
       26825
       26826
       26827
       26828
       26829
       26830
       26831
       26832
       26833
       26834
       26835
       26836
      -26837
       26866
      -26867
       26868
       26869
       26870
       26871
       26872
       26873
       26874
       26875
       26876
       26877
       26878
       27078
       27079
       27080
       27081
       27082
       27083
       27084
       27085
       27086
       27087
       27088
       27089
       27090
       27091
       27092
       27093
       27094
       27095
       27096
       27097
       27098
       27099
       27100
       27101
       27102
       27103
       27104
       27105
       27106
      -27107
       27137
      -27138
       27139
       27140
       27141
       27142
       27143
       27144
       27332
       27333
       27334
       27335
       27336
       27337
       27338
       27339
       27340
       27341
       27342
       27343
       27344
       27345
       27346
       27347
       27348
       27349
       27350
       27351
       27352
       27353
       27354
       27355
       27356
       27357
       27358
       27359
       27360
      -27361
       27362
       27363
       27364
       27390
      -27391
       27392
       27393
       27394
       27395
       27566
       27567
       27568
       27569
       27570
       27571
       27572
       27573
       27574
       27575
       27576
       27577
       27578
       27579
       27580
       27581
       27582
       27583
       27584
       27585
       27586
       27587
       27588
       27589
       27590
       27591
       27592
       27593
       27594
      -27595
       27596
       27597
       27598
       27599
      -27624
       27631
       27632
       27633
       27794
       27795
       27796
       27797
       27798
       27799
       27800
       27801
       27802
       27803
       27804
       27805
       27806
       27807
       27808
       27809
       27810
       27811
       27812
       27813
       27814
       27815
       27816
       27817
       27818
       27819
       27820
       27821
       27822
       27823
      -27824
       27825
      -27826
       27827
       27828
       27829
       27830
      -27857
       27859
       27866
       28015
       28016
       28017
       28018
       28019
       28020
       28021
       28022
       28023
       28024
       28025
       28026
       28027
       28028
       28029
       28030
       28031
       28032
       28033
       28034
       28035
       28036
       28037
       28038
       28039
       28040
       28041
       28042
       28043
       28044
       28045
       28046
      -28047
       28049
       28050
       28051
       28052
      -28079
       28080
       28215
       28216
       28217
       28218
       28219
       28220
       28221
       28222
       28223
       28224
       28225
       28226
       28227
       28228
       28229
       28230
       28231
       28232
       28233
       28234
       28235
       28236
       28237
       28238
       28239
       28240
       28241
       28242
       28243
       28244
       28245
       28246
      -28247
       28250
       28251
       28252
       28253
       28254
       28401
       28402
       28403
       28404
       28405
       28406
       28407
       28408
       28409
       28410
       28411
       28412
       28413
       28414
       28415
       28416
       28417
       28418
       28419
       28420
       28421
       28422
       28423
       28424
       28425
       28426
       28427
       28428
       28429
       28430
       28431
       28432
       28433
      -28434
       28438
       28439
       28440
       28441
       28442
       28598
       28599
       28600
       28601
       28602
       28603
       28604
       28605
       28606
       28607
       28608
       28609
       28610
       28611
       28612
       28613
       28614
       28615
       28616
       28617
       28618
       28619
       28620
       28621
       28622
       28623
       28624
       28625
       28626
       28627
       28628
       28629
       28630
       28631
       28632
       28633
       28634
       28635
       28636
      -28637
       28641
       28642
       28643
       28644
       28645
       28795
       28796
       28797
       28798
       28799
       28800
       28801
       28802
       28803
       28804
       28805
       28806
       28807
       28808
       28809
       28810
       28811
       28812
       28813
       28814
       28815
       28816
       28817
       28818
       28819
       28820
       28821
       28822
       28823
       28824
       28825
       28826
       28827
       28828
       28829
       28830
       28831
       28832
       28833
       28834
      -28835
       28839
       28840
       28841
       28842
       28843
       28844
       28845
       28992
       28993
       28994
       28995
       28996
       28997
       28998
       28999
       29000
       29001
       29002
       29003
       29004
       29005
       29006
       29007
       29008
       29009
       29010
       29011
       29012
       29013
       29014
       29015
       29016
       29017
       29018
       29019
       29020
       29021
       29022
       29023
       29024
       29025
       29026
       29027
       29028
       29029
       29030
       29031
       29032
       29033
       29034
       29035
       29036
       29037
      -29038
       29042
       29043
       29044
       29045
       29046
       29047
       29048
       29186
       29187
       29188
       29189
       29190
       29191
       29192
       29193
       29194
       29195
       29196
       29197
       29198
       29199
       29200
       29201
       29202
       29203
       29204
       29205
       29206
       29207
       29208
       29209
       29210
       29211
       29212
       29213
       29214
       29215
       29216
       29217
       29218
       29219
       29220
       29221
       29222
       29223
       29224
       29225
       29226
       29227
       29228
       29229
       29230
       29231
       29232
       29233
       29234
      -29235
       29239
       29240
       29241
       29242
       29243
       29244
       29245
       29366
       29367
       29368
       29369
       29370
       29371
       29372
       29373
       29374
       29375
       29376
       29377
       29378
       29379
       29380
       29381
       29382
       29383
       29384
       29385
       29386
       29387
       29388
       29389
       29390
       29391
       29392
       29393
       29394
       29395
       29396
       29397
       29398
       29399
       29400
       29401
       29402
       29403
       29404
       29405
       29406
       29407
       29408
       29409
       29410
       29411
       29412
       29413
       29414
       29415
       29416
       29417
       29418
       29419
       29420
       29421
       29422
       29423
       29424
       29425
       29426
      -29427
       29431
       29432
       29433
       29434
       29435
       29547
       29548
       29549
       29550
       29551
       29552
       29553
       29554
       29555
       29556
       29557
       29558
       29559
       29560
       29561
       29562
       29563
       29564
       29565
       29566
       29567
       29568
       29569
       29570
       29571
       29572
       29573
       29574
       29575
       29576
       29577
       29578
       29579
       29580
       29581
       29582
       29583
       29584
       29585
       29586
       29587
       29588
       29589
       29590
       29591
       29592
       29593
       29594
       29595
       29596
       29597
       29598
       29599
       29600
       29601
       29602
       29603
       29604
       29605
       29606
       29607
       29608
       29609
       29610
       29611
       29612
       29613
       29614
       29615
      -29616
       29620
       29621
       29622
       29623
       29624
       29625
       29726
       29727
       29728
       29729
       29730
       29731
       29732
       29733
       29734
       29735
       29736
       29737
       29738
       29739
       29740
       29741
       29742
       29743
       29744
       29745
       29746
       29747
       29748
       29749
       29750
       29751
       29752
       29753
       29754
       29755
       29756
       29757
       29758
       29759
       29760
       29761
       29762
       29763
       29764
       29765
       29766
       29767
       29768
       29769
       29770
       29771
       29772
       29773
       29774
       29775
       29776
       29777
       29778
       29779
       29780
       29781
       29782
       29783
       29784
       29785
       29786
       29787
       29788
       29789
       29790
       29791
       29792
       29793
       29794
       29795
       29796
       29797
      -29798
       29802
       29803
       29804
       29805
       29806
       29807
       29808
       29809
       29901
       29902
       29903
       29904
       29905
       29906
       29907
       29908
       29909
       29910
       29911
       29912
       29913
       29914
       29915
       29916
       29917
       29918
       29919
       29920
       29921
       29922
       29923
       29924
       29925
       29926
       29927
       29928
       29929
       29930
       29931
       29932
       29933
       29934
       29935
       29936
       29937
       29938
       29939
       29940
       29941
       29942
       29943
       29944
       29945
       29946
       29947
       29948
       29949
       29950
       29951
       29952
       29953
       29954
       29955
       29956
       29957
       29958
       29959
       29960
       29961
       29962
       29963
       29964
       29965
       30031
       30032
       30033
       30034
       30035
       30036
       30037
       30038
       30039
       30040
       30041
       30042
       30043
       30044
       30045
       30046
       30047
       30048
       30049
       30050
       30051
       30052
       30053
       30054
       30055
       30056
       30057
       30058
       30059
       30060
       30061
       30062
       30063
       30064
       30065
       30066
       30067
       30068
       30069
       30070
       30071
       30072
       30073
       30074
       30075
       30076
       30077
       30078
       30079
       30080
       30081
       30082
       30083
       30084
       30085
       30086
       30147
       30148
       30149
       30150
       30151
       30152
       30153
       30154
       30155
       30156
       30157
       30158
       30159
       30160
       30161
       30162
       30163
       30164
       30165
       30166
       30167
       30168
       30169
       30170
       30171
       30172
       30173
       30174
       30175
       30176
       30177
       30178
       30179
       30180
       30181
       30182
       30183
       30184
       30185
       30186
       30187
       30188
       30189
       30190
       30191
       30192
       30193
       30194
       30195
       30196
       30197
       30198
       30199
       30269
       30270
       30271
       30272
       30273
       30274
       30275
       30276
       30277
       30278
       30279
       30280
       30281
       30282
       30283
       30284
       30285
       30286
       30287
       30288
       30289
       30290
       30291
       30292
       30293
       30294
       30295
       30296
       30297
       30298
       30299
       30373
       30374
       30375
       30376
       30377
       30378
       30379
       30380
       30381
       30382
       30383
       30384
       30385
       30386
       30387
       30388
       30389
       30390
       30391
       30461
       30462
       30463
       30464
       30465
       30466
       30467
       30468
       30469
       30470
       30471
       30541
       30542
       30543
       30544
       30545
       30546
       30547
       30548
       30617
       30618
       30619
       30620
       30693
       30694
       30767
NFLUXF             0
NETA             103          37           0
NSTAE              0           0           0
NSTAV              0           0           0
NSTAM              0           0           0
NSTAC              0           0           0
RES NODE          17        1303
                   5           6           7           8          10          14
                  15          16          17          18          19          20
                  21          24          25          26          27          28
                  29          30          31          32          33          34
                  35          36          39          40          41          42
                  43          44          45          46          47          48
                  49          50          51          52          53          54
                  55          56          59          60          61          62
                  63          64          65          66          67          68
                  69          70          71          72          73          74
                  75          76          77          78          79          82
                  83          84          85          86          87          88
                  89          90          91          92          93          94
                  95          96          97          98          99         100
                 101         102         103         106         107         108
                 109         110         111         112         113         114
                 115         116         117         118         119         120
                 121         122         123         124         125         126
                 127         128         129         132         133         134
                 135         136         137         138         139         140
                 141         142         143         144         145         146
                 147         148         149         150         151         152
                 153         154         155         156         157         160
                 161         162         163         164         165         166
                 167         168         169         170         171         172
                 173         174         175         176         177         178
                 179         180         181         182         183         184
                 185         187         188         189         191         192
                 194         195         196         197         198         199
                 200         201         202         203         204         205
                 206         207         208         209         210         211
                 212         213         214         215         216         217
                 219         220         221         225         226         227
                 228         229         230         231         232         233
                 234         235         236         237         238         239
                 240         241         242         243         244         245
                 246         247         248         249         250         252
                 253         254         256         257         258         259
                 260         261         262         263         264         265
                 266         267         268         269         270         271
                 272         273         274         275         276         277
                 278         279         280         281         282         283
                 285         286         287         288         289         290
                 291         292         293         294         295         296
                 297         298         299         300         301         302
                 303         304         305         306         307         308
                 309         310         311         312         313         314
                 315         316         317         319         320         322
                 323         324         325         326         327         328
                 329         330         331         332         333         334
                 335         336         337         338         339         340
                 341         342         343         344         345         346
                 347         348         349         350         351         352
                 353         354         356         358         359         360
                 361         362         363         364         365         366
                 367         368         369         370         371         372
                 373         374         375         376         377         378
                 379         380         381         382         383         384
                 385         386         387         388         389         390
                 391         392         393         394         395         396
                 397         398         400         402         403         404
                 405         406         407         408         409         410
                 411         412         413         414         415         416
                 417         418         419         420         421         422
                 423         424         425         426         427         428
                 429         430         431         432         433         434
                 435         436         437         438         439         440
                 441         443         445         446         447         448
                 449         450         451         452         453         454
                 455         456         457         458         459         460
                 461         462         463         464         465         466
                 467         468         469         470         471         472
                 473         474         475         476         477         478
                 479         481         482         483         484         486
                 487         488         489         490         491         492
                 493         494         495         496         497         498
                 499         500         501         502         503         504
                 505         506         507         508         509         510
                 511         512         513         514         515         516
                 517         518         520         521         522         523
                 525         526         527         528         529         530
                 531         532         533         534         535         536
                 537         538         539         540         541         542
                 543         544         545         546         547         548
                 549         550         551         552         553         554
                 555         556         557         559         561         562
                 563         564         566         567         568         569
                 570         571         572         573         574         575
                 576         577         578         579         580         581
                 582         583         584         585         586         587
                 588         589         590         591         592         593
                 594         595         596         597         598         599
                 601         602         603         604         606         607
                 608         609         610         611         612         613
                 614         615         616         617         618         619
                 620         621         622         623         624         625
                 626         627         628         629         630         631
                 632         633         634         635         636         637
                 638         640         641         642         643         644
                 645         646         647         648         649         650
                 651         652         653         654         655         656
                 657         658         659         660         661         662
                 663         664         665         666         667         668
                 669         670         671         672         673         674
                 675         676         677         679         680         681
                 682         683         684         685         686         687
                 688         689         690         691         692         693
                 694         695         696         697         698         699
                 700         701         702         703         704         705
                 706         707         708         709         710         711
                 712         713         714         715         716         717
                 718         719         720         721         722         724
                 725         726         727         728         729         730
                 731         732         733         734         735         736
                 737         738         739         740         741         742
                 743         744         745         746         747         748
                 749         750         751         752         753         754
                 755         756         757         758         759         760
                 761         762         763         764         765         766
                 767         768         770         771         772         773
                 774         775         776         777         778         779
                 780         781         782         783         784         785
                 786         787         788         789         790         791
                 792         793         794         795         796         797
                 798         799         800         801         802         803
                 804         805         806         807         808         809
                 810         811         812         813         814         815
                 816         817         818         819         820         821
                 822         824         825         826         827         828
                 829         830         831         832         833         834
                 835         836         837         838         839         840
                 841         842         843         844         845         846
                 847         848         849         850         851         852
                 853         854         855         856         857         858
                 859         860         861         862         863         864
                 865         866         867         868         869         870
                 871         872         873         874         875         876
                 877         878         879         881         882         883
                 884         885         886         887         888         889
                 890         891         892         893         894         895
                 896         897         898         899         900         901
                 902         903         904         905         906         907
                 908         909         910         911         912         913
                 914         915         916         917         918         919
                 920         921         922         923         924         925
                 926         927         928         929         930         931
                 932         933         934         935         936         937
                 938         939         940         941         942         943
                 944         945         946         947         948         950
                 951         952         953         954         955         956
                 957         958         959         960         961         962
                 963         964         965         966         967         968
                 969         970         971         972         973         974
                 975         976         977         978         979         980
                 981         982         983         984         985         986
                 987         988         989         990         991         992
                 993         994         995         996         997         998
                 999        1000        1001        1002        1003        1004
                1005        1006        1007        1008        1009        1010
                1011        1012        1013        1014        1015        1016
                1017        1018        1019        1020        1021        1022
                1023        1025        1026        1027        1028        1029
                1030        1031        1032        1033        1034        1035
                1036        1037        1038        1039        1040        1041
                1042        1043        1044        1045        1046        1047
                1048        1049        1050        1051        1052        1053
                1054        1055        1056        1057        1058        1059
                1060        1061        1062        1063        1064        1065
                1066        1067        1068        1069        1070        1071
                1072        1073        1074        1075        1076        1077
                1078        1079        1080        1081        1082        1083
                1084        1085        1086        1087        1088        1089
                1090        1091        1092        1093        1094        1095
                1096        1097        1098        1099        1100        1101
                1102        1104        1105        1106        1107        1108
                1109        1110        1111        1112        1113        1114
                1115        1116        1117        1118        1119        1120
                1121        1122        1123        1124        1125        1126
                1127        1128        1129        1130        1131        1132
                1133        1134        1135        1136        1137        1138
                1139        1140        1141        1142        1143        1144
                1145        1146        1147        1148        1149        1150
                1151        1152        1153        1154        1155        1156
                1157        1158        1159        1160        1161        1162
                1163        1164        1165        1166        1167        1168
                1169        1170        1171        1172        1173        1174
                1175        1176        1177        1178        1179        1180
                1181        1182        1183        1184        1185        1186
                1187        1188        1189        1190        1191        1192
                1193        1194        1195        1196        1197        1198
                1199        1200        1201        1202        1203        1204
                1205        1206        1207        1208        1209        1210
                1211        1212        1213        1214        1215        1216
                1217        1218        1219        1220        1221        1222
                1223        1224        1225        1226        1227        1228
                1229        1230        1231        1232        1233        1234
                1235        1236        1237        1238        1239        1240
                1241        1242        1243        1244        1245        1246
                1247        1248        1249        1250        1251        1252
                1253        1254        1255        1256        1257        1258
                1259        1260        1261        1262        1263        1264
                1265        1266        1267        1268        1269        1270
                1271        1272        1273        1274        1275        1276
                1277        1278        1279        1280        1281        1282
                1283        1284        1285        1286        1287        1288
                1289        1290        1291        1292        1293        1294
                1295        1296        1297        1298        1299        1300
                1301        1302        1303        1304        1305        1306
                1307        1308        1309        1310        1311        1312
                1313        1314        1315        1316        1317        1318
                1319        1320        1321        1322        1323        1324
                1325        1326        1327        1328        1329        1330
                1331        1332        1333        1334        1335        1336
                1337        1338        1339        1340        1341        1342
                1343        1344        1345        1346        1347        1348
                1349        1350        1351        1352        1353        1354
                1355        1356        1357        1358        1359        1360
                1361
COMM PE            2
RECV PE           13          29
                   1           2           3           4           9          11
                  12          13          23          38          58          81
                 105         131         159         190         193         222
                 223         224         255         321         357         401
                 444         485         524         565         605
RECV PE           16          29
                  22          37          57          80         104         130
                 158         186         218         251         284         318
                 355         399         442         480         519         558
                 560         600         639         678         723         769
                 823         880         949        1024        1103
SEND PE           13          30
                   5           6           7           8          10          14
                  20          24          25          26          39          59
                  82         106         132         160         163         191
                 192         195         227         358         359         400
                 443         484         486         525         566         606
SEND PE           16          30
                  20          35          55          77         101         127
                 155         184         216         248         250         283
                 317         354         398         438         479         520
                 559         599         638         677         722         768
                 822         827         884         948        1023        1102
