FileFmt      1050624           0           0
NELG           58369        2590        2546
       -9651
       -9679
       -9848
       -9884
       -9900
       -9902
       -9921
      -10013
      -10044
       10075
       10080
      -10100
       10119
      -10122
      -10136
      -10160
       10209
      -10211
       10237
       10243
      -10261
       10267
       10287
       10294
      -10299
       10321
       10324
       10346
       10357
      -10371
       10387
       10396
       10413
      -10427
      -10430
       10436
      -10445
       10455
       10458
       10463
       10468
       10499
       10500
       10501
       10502
       10540
       10548
       10549
       10550
       10568
       10569
       10572
       10580
       10583
       10604
      -10608
       10609
       10610
       10614
       10622
       10624
       10631
       10632
      -10641
       10646
       10654
       10657
       10661
       10664
       10665
      -10666
       10675
       10681
       10694
       10698
       10707
       10718
       10722
       10735
       10763
       10766
       10777
       10778
       10779
       10786
       10788
       10799
      -10814
       10818
       10822
       10823
       10828
       10830
       10834
       10843
       10851
       10853
       10858
       10859
       10868
       10873
       10879
       10888
       10890
       10895
      -10898
       10906
       10909
       10910
       10918
       10927
       10931
       10943
       10949
       10952
       10959
       10967
       10968
      -10971
       10972
       10973
       10980
       10988
       10989
       10993
       10998
       11003
       11007
       11014
       11017
       11026
       11044
       11054
       11069
       11075
       11080
       11081
      -11082
       11084
       11085
       11087
       11089
       11097
       11099
       11105
       11109
       11112
       11116
       11119
       11132
       11136
       11141
       11144
       11150
       11160
       11161
      -11168
       11174
       11175
       11179
       11181
       11188
       11200
       11202
       11205
       11207
       11210
       11214
       11215
       11216
       11231
       11232
      -11239
       11242
       11244
       11245
       11246
       11257
       11259
       11269
       11270
       11285
       11289
       11293
       11296
       11304
       11308
       11313
       11316
       11322
       11323
       11326
       11334
       11337
       11341
       11345
       11346
       11352
       11356
       11365
       11374
      -11377
       11379
       11380
       11388
       11395
       11407
       11414
       11418
       11419
       11423
       11425
       11427
       11435
      -11440
       11453
       11454
       11455
       11461
       11467
       11474
       11480
       11486
       11488
       11492
       11499
       11505
       11506
       11519
       11522
       11523
       11525
       11527
       11529
       11531
       11534
       11539
       11540
       11543
       11545
       11557
       11558
       11568
       11569
       11573
       11574
       11577
       11585
       11586
       11594
       11604
       11607
       11613
       11616
       11620
       11637
       11639
       11644
       11652
       11662
       11665
       11666
       11671
       11680
       11688
       11691
       11699
       11710
       11713
       11721
       11722
       11726
       11735
       11737
       11748
       11753
      -11754
       11755
       11761
       11763
      -11782
       11787
       11800
       11801
       11818
       11839
       11849
       11865
       11866
       11874
       11876
       11881
       11888
       11899
       11900
       11932
       11941
       11942
       11943
       11958
      -11961
       11987
       11996
       11997
       12004
       12009
       12010
       12014
       12015
       12019
       12026
       12050
       12068
       12073
       12111
       12118
       12130
       12134
       12151
      -12155
       12156
       12169
       12172
      -12184
       12204
       12209
       12212
       12220
       12224
       12226
       12230
       12240
       12254
       12263
       12285
       12290
       12298
       12302
       12312
       12361
       12387
       12389
      -12390
       12402
       12403
       12404
       12424
       12448
      -12464
       12468
       12472
       12477
       12483
       12518
       12519
       12543
       12546
       12549
       12552
       12555
       12557
       12563
      -12564
      -12574
       12580
       12600
       12604
       12605
       12606
       12608
      -12625
       12632
       12679
       12687
       12721
      -12731
       12742
       12749
       12761
       12764
       12773
       12775
       12789
       12796
       12799
       12805
      -12827
       12832
       12833
       12851
       12853
       12863
       12878
       12881
       12894
       12896
       12899
       12901
      -12902
       12912
       12922
       12929
       12942
       12944
       12957
       12964
       12975
       12980
       12982
       12995
       13006
       13019
       13024
       13027
       13028
       13032
      -13034
       13038
       13051
       13087
       13093
       13099
       13103
       13105
       13124
       13131
       13134
       13142
       13148
       13150
       13154
       13165
       13171
       13174
       13175
       13178
       13182
       13195
       13203
       13208
       13211
       13218
       13220
       13228
       13232
       13238
       13251
       13258
       13263
       13267
       13268
       13272
      -13273
       13276
       13289
       13290
       13295
       13304
       13309
       13321
       13325
       13338
       13339
       13340
       13344
       13363
       13364
       13365
       13366
       13371
       13381
       13383
       13389
       13406
       13410
       13420
       13421
       13428
       13434
       13438
       13448
       13451
       13454
       13455
       13457
       13461
       13468
       13490
       13517
       13525
       13537
       13540
       13542
       13558
       13559
       13563
       13566
       13586
       13591
       13603
       13613
       13616
       13617
       13618
       13631
       13646
       13647
       13653
       13658
       13669
       13672
       13682
       13684
       13685
       13691
       13693
       13698
       13703
       13707
       13725
       13726
       13735
       13739
       13743
       13755
       13763
       13787
       13790
       13795
       13796
       13798
       13802
       13813
       13829
       13841
       13852
       13853
       13865
       13871
      -13882
       13900
       13902
       13905
       13908
       13917
       13923
       13929
       13932
      -13933
       13934
       13940
       13942
       13948
       13960
       13964
       13973
       13985
       14006
       14015
       14026
       14037
       14055
       14058
       14060
       14070
       14076
       14079
      -14088
       14104
       14105
       14112
       14118
       14122
       14130
       14132
       14143
       14149
       14153
       14155
       14157
       14162
       14176
       14180
       14184
       14195
       14201
       14204
       14208
       14214
       14229
       14230
       14232
      -14242
       14258
       14280
       14281
       14323
       14338
       14343
       14346
       14348
       14360
       14361
       14363
       14364
       14370
       14371
       14381
       14385
       14391
       14394
       14400
       14404
       14419
       14432
       14433
       14439
      -14440
       14445
       14456
       14467
       14475
       14503
       14511
       14535
       14552
       14553
       14555
       14566
       14570
       14573
       14574
       14577
       14579
       14582
       14587
       14596
       14614
       14615
       14630
       14633
       14635
      -14644
       14677
       14696
       14697
       14708
       14713
       14728
       14734
       14737
       14738
       14742
       14748
       14755
       14757
       14774
       14782
       14786
       14811
       14827
       14832
       14848
      -14854
       14855
       14863
       14886
       14893
       14900
       14902
       14906
       14910
       14918
       14937
       14950
       14952
       14971
       14974
       14975
       14980
       15001
       15003
       15024
       15027
       15031
       15035
       15038
       15044
      -15060
      -15078
       15081
       15083
       15088
      -15113
       15116
       15129
       15134
       15143
       15144
       15149
       15153
       15155
       15162
       15175
      -15199
       15208
       15227
       15231
       15233
       15247
       15249
       15262
       15271
       15277
       15278
       15279
      -15288
       15291
       15302
       15304
       15328
       15332
       15336
       15339
       15370
       15372
       15380
       15388
       15396
       15397
       15405
       15407
       15419
       15425
       15440
       15441
       15443
       15445
       15459
       15462
       15466
       15470
       15479
       15483
       15498
       15500
       15511
       15513
       15521
       15523
       15524
       15528
       15531
       15540
       15544
       15552
      -15561
       15563
       15565
      -15566
       15577
       15580
       15587
       15588
       15591
       15592
       15601
       15602
       15610
       15611
       15612
       15622
       15627
       15628
      -15629
       15631
      -15646
       15657
       15666
       15669
       15670
       15671
       15675
       15684
       15689
       15700
       15704
       15708
       15709
       15716
       15722
       15727
       15728
       15735
       15740
       15742
       15751
       15756
       15757
       15761
       15762
       15764
       15779
       15786
       15787
       15788
       15790
       15792
       15793
       15797
       15799
       15806
       15807
       15809
       15812
       15818
       15820
       15824
       15829
       15832
       15834
       15835
       15847
       15854
       15855
       15859
       15860
       15861
       15866
       15869
       15871
       15873
       15875
       15884
       15885
       15889
       15891
       15895
       15905
       15906
       15912
       15916
       15922
       15928
       15931
       15933
       15935
       15938
       15942
       15945
       15948
       15951
       15953
       15954
       15955
       15958
       15960
       15962
       15964
       15970
       15972
       15973
       15976
       15977
       15978
       15980
       15982
       15983
       15993
       15995
       15999
       16000
       16003
       16005
       16010
       16017
       16024
       16026
       16028
       16031
       16036
       16037
       16041
       16043
       16045
       16049
       16050
       16060
       16062
       16065
       16066
       16068
       16069
       16075
       16079
       16081
       16083
       16085
       16088
       16089
       16091
       16093
       16096
       16102
       16104
       16107
       16112
       16114
       16117
       16121
       16122
       16125
       16127
       16128
       16129
       16130
       16133
       16135
       16140
       16141
       16142
       16144
       16146
       16147
       16150
       16152
       16154
       16155
       16158
       16169
       16170
       16172
       16174
       16178
       16180
       16186
       16188
       16194
       16195
       16200
       16204
       16205
       16207
       16208
       16209
       16210
       16214
       16216
       16217
       16221
       16222
       16223
       16224
       16226
       16227
       16229
       16232
       16233
       16240
       16242
       16250
       16252
       16253
       16255
       16258
       16263
       16264
       16266
       16267
       16269
       16271
       16281
       16284
       16286
       16288
       16293
       16295
       16298
       16300
       16301
       16303
       16304
       16306
       16316
       16318
       16322
       16323
       16325
       16328
       16337
       16341
       16342
       16343
       16345
       16346
       16349
       16350
       16356
       16361
       16362
       16367
       16371
       16372
       16373
       16379
       16384
       16385
       16386
       16396
       16403
       16405
       16407
       16410
       16418
       16419
       16420
       16425
       16427
       16429
       16441
       16445
       16449
       16451
       16459
       16466
       16470
       16475
       16477
       16479
       16488
       16491
       16498
       16502
       16506
       16507
       16511
       16516
       16518
       16519
       16520
       16526
       16533
       16534
       16548
       16554
       16556
       16566
       16580
       16581
       16582
       16584
       16591
       16599
       16604
       16605
       16616
       16641
       16645
       16652
       16665
       16671
       16685
       16690
       16704
       16708
       16715
       16718
       16725
       16727
       16734
       16735
       16737
       16746
       16749
       16753
       16769
       16772
       16783
       16789
       16794
       16799
       16801
       16802
       16815
       16817
       16819
       16827
       16835
       16837
       16848
       16851
       16870
       16883
       16885
       16888
       16889
       16890
       16892
       16899
       16908
       16909
       16912
       16913
       16930
       16931
       16932
       16934
       16962
       16964
       16965
       16968
       16973
       16979
       16981
       16983
       16987
       16988
       16989
       17001
       17003
       17005
       17006
       17013
       17016
       17019
       17020
       17028
       17030
       17032
       17045
       17046
       17049
       17052
       17053
       17057
       17058
       17059
       17072
       17075
       17076
       17077
       17080
       17087
       17090
       17091
       17093
       17094
       17099
       17105
       17106
       17109
       17112
       17117
       17124
       17126
       17128
       17132
       17143
       17145
       17146
       17158
       17160
       17162
       17163
       17169
       17170
       17171
       17174
       17177
       17178
       17181
       17182
       17184
       17192
       17195
       17196
       17197
       17204
       17207
       17210
       17211
       17212
       17213
       17214
       17224
       17225
       17228
       17231
       17232
       17240
       17245
       17249
       17251
       17252
       17260
       17264
       17266
       17269
       17272
       17273
       17274
       17284
       17288
       17289
       17291
       17293
       17295
       17300
       17302
       17303
       17308
       17312
       17316
       17317
       17319
       17320
       17323
       17328
       17329
       17331
       17336
       17337
       17340
       17341
       17346
       17352
       17353
       17355
       17356
       17360
       17363
       17365
       17369
       17372
       17374
       17375
       17376
       17385
       17394
       17398
       17399
       17400
       17401
       17403
       17405
       17407
       17410
       17411
       17417
       17418
       17420
       17421
       17425
       17427
       17428
       17439
       17445
       17448
       17449
       17450
       17452
       17457
       17458
       17459
       17460
       17462
       17466
       17469
       17473
       17477
       17482
       17490
       17492
       17493
       17494
       17496
       17498
       17499
       17501
       17510
       17511
       17512
       17514
       17516
       17519
       17521
       17523
       17525
       17530
       17531
       17535
       17536
       17539
       17541
       17544
       17545
       17546
       17548
       17554
       17557
       17560
       17562
       17564
       17566
       17568
       17573
       17574
       17578
       17579
       17580
       17581
       17582
       17584
       17587
       17592
       17594
       17595
       17597
       17598
       17603
       17606
       17610
       17611
       17615
       17616
       17617
       17620
       17621
       17625
       17632
       17633
       17636
       17638
       17639
       17641
       17642
       17643
       17644
       17645
       17650
       17656
       17657
       17659
       17661
       17664
       17669
       17670
       17672
       17673
       17674
       17675
       17678
       17684
       17685
       17687
       17693
       17694
       17697
       17698
       17700
       17701
       17705
       17710
       17713
       17720
       17723
       17728
       17729
       17732
       17733
       17736
       17738
       17740
       17741
       17742
       17749
       17750
       17755
       17756
       17758
       17761
       17762
       17763
       17764
       17767
       17770
       17773
       17775
       17777
       17782
       17784
       17785
       17786
       17795
       17799
       17800
       17801
       17804
       17809
       17812
       17815
       17818
       17819
       17822
       17824
       17827
       17828
       17831
       17836
       17837
       17838
       17844
       17847
       17848
       17849
       17850
       17860
       17861
       17862
       17863
       17864
       17866
       17870
       17871
       17875
       17877
       17879
       17881
       17883
       17884
       17890
       17891
       17892
       17894
       17897
       17898
       17903
       17913
       17914
       17917
       17919
       17926
       17928
       17940
       17941
       17942
       17944
       17946
       17947
       17948
       17953
       17954
       17955
       17956
       17958
       17959
       17960
       17962
       17964
       17966
       17970
       17972
       17973
       17974
       17977
       17979
       17980
       17982
       17984
       17985
       17986
       17990
       17994
       17998
       17999
       18001
       18009
       18012
       18013
       18014
       18018
       18019
       18022
       18024
       18027
       18029
       18031
       18036
       18037
       18039
       18040
       18047
       18048
       18057
       18059
       18060
       18065
       18068
       18071
       18080
       18081
       18084
       18090
       18093
       18102
       18107
       18121
       18122
       18123
       18124
       18134
       18136
       18141
       18145
       18161
       18173
       18176
       18179
       18184
       18185
       18186
       18188
       18192
       18199
       18202
       18211
       18215
       18219
       18222
       18231
       18234
       18240
       18241
       18245
       18246
       18251
       18255
       18256
       18260
       18268
       18271
       18272
       18287
       18290
       18293
       18296
       18303
       18306
       18307
       18312
       18314
       18317
       18324
       18333
       18338
       18344
       18351
       18362
       18366
       18371
       18372
       18373
       18375
       18378
       18383
       18389
       18391
       18392
       18393
       18401
       18402
       18405
       18418
       18419
       18424
       18432
       18435
       18438
       18440
       18442
       18443
       18445
       18449
       18453
       18461
       18464
       18467
       18469
       18471
       18475
       18481
       18482
       18490
       18492
       18494
       18499
       18505
       18507
       18508
       18509
       18514
       18517
       18518
       18524
       18530
       18533
       18536
       18541
       18542
       18548
       18552
       18554
       18558
       18561
       18570
       18571
       18577
       18581
       18582
       18585
       18586
       18593
       18595
       18598
       18602
       18606
       18610
       18611
       18613
       18616
       18618
       18619
       18620
       18621
       18624
       18627
       18637
       18644
       18655
       18658
       18662
       18663
       18666
       18669
       18671
       18672
       18681
       18682
       18683
       18697
       18698
       18699
       18700
       18711
       18712
       18721
       18723
       18725
       18727
       18732
       18735
       18746
       18757
       18759
       18760
       18761
       18764
       18772
       18774
       18775
       18780
       18783
       18787
       18793
       18800
       18806
       18808
       18811
       18815
       18821
       18822
       18826
       18831
       18841
       18842
       18843
       18847
       18849
       18853
       18854
       18857
       18865
       18866
       18867
       18882
       18883
       18885
       18891
       18893
       18895
       18899
       18906
       18907
       18920
       18926
       18931
       18933
       18938
       18940
       18943
       18950
       18951
       18953
       18956
       18957
       18958
       18962
       18963
       18970
       18984
       18987
       18989
       18999
       19004
       19007
       19013
       19015
       19017
       19020
       19023
       19028
       19029
       19030
       19033
       19036
       19041
       19048
       19057
       19058
       19061
       19070
       19078
       19081
       19084
       19090
       19093
       19099
       19101
       19107
       19108
       19111
       19114
       19118
       19124
       19126
       19127
       19131
       19138
       19140
       19142
       19147
       19150
       19154
       19158
       19171
       19174
       19176
       19187
       19189
       19192
       19193
       19194
       19196
       19205
       19209
       19210
       19213
       19216
       19223
       19227
       19228
       19238
       19239
       19242
       19247
       19249
       19250
       19252
       19260
       19261
       19264
       19271
       19280
       19282
       19286
       19287
       19289
       19290
       19298
       19303
       19305
       19306
       19307
       19315
       19320
       19321
       19326
       19327
       19330
       19334
       19341
       19349
       19352
       19362
       19363
       19369
       19370
       19371
       19373
       19374
       19376
       19383
       19385
       19392
       19393
       19402
       19405
       19408
       19411
       19414
       19417
       19420
       19426
       19432
       19435
       19436
       19438
       19448
       19459
       19463
       19464
       19467
       19469
       19472
       19473
       19475
       19477
       19478
       19480
       19482
       19494
       19502
       19503
       19507
       19508
       19515
       19516
       19519
       19526
       19528
       19531
       19532
       19534
       19537
       19538
       19552
       19556
       19560
       19562
       19568
       19569
       19574
       19576
       19578
       19581
       19588
       19590
       19591
       19593
       19598
       19601
       19606
       19607
       19616
       19618
       19619
       19622
       19624
       19629
       19632
       19636
       19637
       19642
       19645
       19648
       19658
       19661
       19664
       19665
       19666
       19668
       19675
       19678
       19680
       19681
       19684
       19686
       19694
       19695
       19696
       19698
       19708
       19716
       19718
       19719
       19723
       19725
       19728
       19730
       19740
       19743
       19744
       19749
       19750
       19754
       19756
       19765
       19766
       19767
       19768
       19770
       19771
       19772
       19773
       19778
       19786
       19787
       19790
       19791
       19793
       19798
       19802
       19805
       19809
       19816
       19817
       19818
       19819
       19825
       19829
       19834
       19842
       19844
       19845
       19848
       19849
       19851
       19852
       19858
       19859
       19864
       19867
       19884
       19886
       19888
       19889
       19892
       19894
       19898
       19899
       19901
       19902
       19904
       19905
       19908
       19911
       19912
       19915
       19919
       19934
       19937
       19938
       19945
       19947
       19948
       19953
       19958
       19959
       19970
       19978
       19979
       19980
       19982
       19984
       19991
       19994
       19997
       20000
       20002
       20008
       20011
       20012
       20015
       20027
       20028
       20037
       20040
       20054
       20059
       20063
       20067
       20073
       20075
       20076
       20077
       20086
       20090
       20092
       20093
       20094
       20095
       20102
       20105
       20114
       20123
       20125
       20127
       20133
       20141
       20143
       20149
       20153
       20155
       20160
       20163
       20165
       20175
       20176
       20180
       20181
       20189
       20190
       20195
       20198
       20202
       20203
       20205
       20206
       20220
       20221
       20227
       20231
       20238
       20240
       20247
       20255
       20257
       20259
       20262
       20263
       20266
       20268
       20276
       20281
       20283
       20295
       20296
       20298
       20301
       20305
       20306
       20312
       20330
       20337
       20340
       20342
       20349
       20351
       20356
       20362
       20368
       20369
       20370
       20376
       20381
       20382
       20392
       20399
       20400
       20403
       20406
       20407
       20413
       20417
       20420
       20425
       20435
       20440
       20453
       20457
       20461
       20464
       20465
       20471
       20472
       20477
       20478
       20482
       20486
       20491
       20504
       20506
       20509
       20510
       20519
       20527
       20529
       20530
       20539
       20541
       20544
       20548
       20550
       20565
       20567
       20570
       20573
       20574
       20579
       20581
       20584
       20590
       20595
       20599
       20605
       20608
       20609
       20612
       20615
       20616
       20618
       20624
       20627
       20634
       20635
       20636
       20654
       20657
       20658
       20659
       20661
       20662
       20663
       20672
       20674
       20688
       20693
       20696
       20697
       20705
       20708
       20713
       20715
       20719
       20721
       20723
       20726
       20731
       20734
       20735
       20739
       20745
       20748
       20756
       20760
       20764
       20766
       20771
       20774
       20777
       20781
       20785
       20786
       20790
       20791
       20792
       20795
       20799
       20801
       20808
       20814
       20815
       20816
       20825
       20827
       20836
       20843
       20844
       20846
       20849
       20864
       20867
       20868
       20870
       20876
       20878
       20879
       20880
       20882
       20886
       20891
       20895
       20898
       20900
       20902
       20903
       20907
       20911
       20913
       20915
       20917
       20918
       20923
       20928
       20932
       20937
       20939
       20955
       20956
       20957
       20959
       20960
       20961
       20963
       20966
       20968
       20977
       20979
       20983
       20985
       20987
       21000
       21001
       21002
       21006
       21007
       21011
       21021
       21022
       21025
       21036
       21042
       21043
       21044
       21045
       21047
       21048
       21049
       21054
       21056
       21059
       21062
       21067
       21068
       21069
       21070
       21071
       21072
       21080
       21081
       21109
       21110
       21113
       21118
       21120
       21121
       21124
       21125
       21130
       21132
       21144
       21155
       21156
       21163
       21164
       21166
       21171
       21172
       21179
       21187
       21193
       21194
       21196
       21203
       21204
       21205
       21207
       21218
       21224
       21225
       21229
       21242
       21250
       21262
       21265
       21269
       21275
       21283
       21288
       21299
       21300
       21302
       21304
       21309
       21312
       21322
       21323
       21325
       21327
       21330
       21333
       21338
       21366
       21375
       21377
       21381
       21388
       21406
       21408
       21411
       21413
       21417
       21419
       21425
       21427
       21429
       21430
       21433
       21435
       21441
       21450
       21456
       21458
       21467
       21471
       21481
       21483
       21486
       21500
       21504
       21515
       21518
       21520
       21522
       21528
       21540
       21548
       21553
       21563
       21567
       21572
       21577
       21591
       21594
       21599
       21601
       21602
       21619
       21623
       21630
       21642
       21648
       21656
       21660
       21667
       21668
       21678
       21690
       21696
       21701
       21704
       21713
       21714
       21715
       21723
       21731
       21736
       21754
       21762
       21766
       21767
       21771
       21777
       21784
       21788
       21789
       21809
       21836
       21837
       21845
       21847
       21849
       21857
       21859
       21879
       21886
       21899
       21912
       21929
       21930
       21932
       21942
       21948
       21962
       21970
       21977
       21980
       21984
       21987
       21988
       21989
       21998
       22003
       22006
       22007
       22015
       22017
       22021
       22030
       22034
       22048
       22056
       22072
       22089
       22091
       22095
       22097
       22099
       22102
       22115
       22123
       22128
       22131
       22133
       22134
       22145
       22149
       22154
       22156
       22164
       22173
       22182
       22183
       22187
       22192
       22205
       22215
       22223
       22229
       22235
       22239
       22240
       22241
       22243
       22247
       22250
       22290
       22294
       22295
       22296
       22297
       22305
       22309
       22311
       22319
       22345
       22356
       22376
       22378
       22402
       22406
       22407
       22408
       22421
       58240
       58241
       58242
       58243
       58244
       58245
       58246
       58247
       58248
       58249
       58250
       58251
       58252
       58253
       58254
       58255
       58256
       58257
       58258
       58259
       58260
       58261
       58262
       58263
       58264
       58265
       58266
       58267
       58268
       58269
       58270
       58271
       58272
       58273
       58274
       58275
       58276
       58277
       58278
       58279
       58280
       58281
       58282
       58283
       58284
       58285
       58286
       58287
       58288
       58289
       58290
       58291
       58292
       58293
       58294
       58295
       58296
       58297
       58298
       58299
       58300
       58301
NNODG          31435        1437        1410
       -4619
       -4620
       -4621
       -4622
       -4868
        4869
        4870
        4871
        4872
        4873
       -4874
       -5144
        5145
        5146
        5147
        5148
        5149
        5150
        5151
        5152
       -5153
       -5155
       -5156
       -5456
        5457
        5458
        5459
        5460
        5461
        5462
        5463
        5464
        5465
        5466
        5467
        5468
        5469
        5470
        5471
        5472
        5473
       -5474
       -5476
       -5812
        5813
        5814
        5815
        5816
        5817
        5818
        5819
        5820
        5821
        5822
        5823
        5824
        5825
        5826
        5827
        5828
        5829
        5830
        5831
        5832
        5833
        5834
        5837
       -5838
        5839
       -6219
        6220
        6221
        6222
        6223
        6224
        6225
        6226
        6227
        6228
        6229
        6230
        6231
        6232
        6233
        6234
        6235
        6236
        6237
        6238
        6239
        6240
        6241
        6242
        6243
        6244
       -6246
        6248
        6249
        6250
       -6633
       -6634
       -6635
       -6636
       -6637
       -6638
        6639
        6640
        6641
        6642
        6643
        6644
        6645
        6646
        6647
        6648
        6649
        6650
        6651
        6652
        6653
        6654
        6655
        6656
        6657
        6658
        6659
        6660
        6661
        6662
        6663
        6664
        6665
        6666
        6667
        6668
       -6670
        6671
        6672
        6673
        6674
        6675
       -7041
        7042
        7043
        7044
        7045
        7046
        7047
        7048
        7049
        7050
        7051
        7052
        7053
        7054
        7055
        7056
        7057
        7058
        7059
        7060
        7061
        7062
        7063
        7064
        7065
        7066
        7067
        7068
        7069
        7070
        7071
        7072
        7073
        7074
        7075
        7076
        7077
        7078
       -7079
        7080
        7081
        7082
        7083
        7084
        7085
        7086
       -7411
       -7412
        7413
        7414
        7415
        7416
        7417
        7418
        7419
        7420
        7421
        7422
        7423
        7424
        7425
        7426
        7427
        7428
        7429
        7430
        7431
        7432
        7433
        7434
        7435
        7436
        7437
        7438
        7439
        7440
        7441
        7442
        7443
        7444
        7445
        7446
        7447
        7448
        7449
        7450
        7451
        7452
        7453
        7454
        7455
        7456
        7457
        7458
        7459
        7460
        7461
       -7780
        7781
        7782
        7783
        7784
        7785
        7786
        7787
        7788
        7789
        7790
        7791
        7792
        7793
        7794
        7795
        7796
        7797
        7798
        7799
        7800
        7801
        7802
        7803
        7804
        7805
        7806
        7807
        7808
        7809
        7810
        7811
        7812
        7813
        7814
        7815
        7816
        7817
        7818
        7819
        7820
        7821
        7822
        7823
        7824
        7825
        7826
        7827
        7828
        7829
        7830
        7831
        7832
        7833
        7834
        7835
        7836
        7837
       -8150
        8151
        8152
        8153
        8154
        8155
        8156
        8157
        8158
        8159
        8160
        8161
        8162
        8163
        8164
        8165
        8166
        8167
        8168
        8169
        8170
        8171
        8172
        8173
        8174
        8175
        8176
        8177
        8178
        8179
        8180
        8181
        8182
        8183
        8184
        8185
        8186
        8187
        8188
        8189
        8190
        8191
        8192
        8193
        8194
        8195
        8196
        8197
        8198
        8199
        8200
        8201
        8202
        8203
        8204
        8205
        8206
        8207
        8208
        8209
        8210
        8211
        8212
        8213
        8214
        8215
        8216
        8217
       -8543
        8544
        8545
        8546
        8547
        8548
        8549
        8550
        8551
        8552
        8553
        8554
        8555
        8556
        8557
        8558
        8559
        8560
        8561
        8562
        8563
        8564
        8565
        8566
        8567
        8568
        8569
        8570
        8571
        8572
        8573
        8574
        8575
        8576
        8577
        8578
        8579
        8580
        8581
        8582
        8583
        8584
        8585
        8586
        8587
        8588
        8589
        8590
        8591
        8592
        8593
        8594
        8595
        8596
        8597
        8598
        8599
        8600
        8601
        8602
        8603
        8604
        8605
        8606
        8607
        8608
        8609
        8610
        8611
        8612
        8613
        8614
        8615
        8616
        8617
        8618
        8619
        8620
        8621
        8622
        8623
       -8940
        8941
        8942
        8943
        8944
        8945
        8946
        8947
        8948
        8949
        8950
        8951
        8952
        8953
        8954
        8955
        8956
        8957
        8958
        8959
        8960
        8961
        8962
        8963
        8964
        8965
        8966
        8967
        8968
        8969
        8970
        8971
        8972
        8973
        8974
        8975
        8976
        8977
        8978
        8979
        8980
        8981
        8982
        8983
        8984
        8985
        8986
        8987
        8988
        8989
        8990
        8991
        8992
        8993
        8994
        8995
        8996
        8997
        8998
        8999
        9000
        9001
        9002
        9003
        9004
        9005
        9006
        9007
        9008
        9009
        9010
        9011
        9012
        9013
        9014
        9015
        9016
        9017
        9018
        9019
        9020
        9021
        9022
        9023
        9024
        9025
        9026
        9027
        9028
        9029
        9030
       -9340
        9341
        9342
        9343
        9344
        9345
        9346
        9347
        9348
        9349
        9350
        9351
        9352
        9353
        9354
        9355
        9356
        9357
        9358
        9359
        9360
        9361
        9362
        9363
        9364
        9365
        9366
        9367
        9368
        9369
        9370
        9371
        9372
        9373
        9374
        9375
        9376
        9377
        9378
        9379
        9380
        9381
        9382
        9383
        9384
        9385
        9386
        9387
        9388
        9389
        9390
        9391
        9392
        9393
        9394
        9395
        9396
        9397
        9398
        9399
        9400
        9401
        9402
        9403
        9404
        9405
        9406
        9407
        9408
        9409
        9410
        9411
        9412
        9413
        9414
        9415
        9416
        9417
        9418
        9419
        9420
        9421
        9422
        9423
        9424
        9425
        9426
        9427
        9428
        9429
        9430
        9431
       -9733
       -9734
        9735
        9736
        9737
        9738
        9739
        9740
        9741
        9742
        9743
        9744
        9745
        9746
        9747
        9748
        9749
        9750
        9751
        9752
        9753
        9754
        9755
        9756
        9757
        9758
        9759
        9760
        9761
        9762
        9763
        9764
        9765
        9766
        9767
        9768
        9769
        9770
        9771
        9772
        9773
        9774
        9775
        9776
        9777
        9778
        9779
        9780
        9781
        9782
        9783
        9784
        9785
        9786
        9787
        9788
        9789
        9790
        9791
        9792
        9793
        9794
        9795
        9796
        9797
        9798
        9799
        9800
        9801
        9802
        9803
        9804
        9805
        9806
        9807
        9808
        9809
        9810
        9811
        9812
        9813
        9814
        9815
        9816
        9817
        9818
        9819
        9820
        9821
        9822
        9823
        9824
        9825
        9826
        9827
        9828
        9829
        9830
        9831
      -10076
       10077
       10078
       10079
       10080
       10081
       10082
       10083
       10084
       10085
       10086
       10087
       10088
       10089
       10090
       10091
       10092
       10093
       10094
       10095
       10096
       10097
       10098
       10099
       10100
       10101
       10102
       10103
       10104
       10105
       10106
       10107
       10108
       10109
       10110
       10111
       10112
       10113
       10114
       10115
       10116
       10117
       10118
       10119
       10120
       10121
       10122
       10123
       10124
       10125
       10126
       10127
       10128
       10129
       10130
       10131
       10132
       10133
       10134
       10135
       10136
       10137
       10138
       10139
       10140
       10141
       10142
       10143
       10144
       10145
       10146
       10147
       10148
       10149
       10150
       10151
       10152
       10153
       10154
       10155
       10156
       10157
       10158
       10159
       10160
       10161
       10162
       10163
       10164
       10165
       10166
       10167
      -10376
       10377
       10378
       10379
       10380
       10381
       10382
       10383
       10384
       10385
       10386
       10387
       10388
       10389
       10390
       10391
       10392
       10393
       10394
       10395
       10396
       10397
       10398
       10399
       10400
       10401
       10402
       10403
       10404
       10405
       10406
       10407
       10408
       10409
       10410
       10411
       10412
       10413
       10414
       10415
       10416
       10417
       10418
       10419
       10420
       10421
       10422
       10423
       10424
       10425
       10426
       10427
       10428
       10429
       10430
       10431
       10432
       10433
       10434
       10435
       10436
       10437
       10438
       10439
       10440
       10441
       10442
       10443
       10444
       10445
       10446
       10447
       10448
       10449
       10450
       10451
       10452
       10453
       10454
      -10630
       10631
       10632
       10633
       10634
       10635
       10636
       10637
       10638
       10639
       10640
       10641
       10642
       10643
       10644
       10645
       10646
       10647
       10648
       10649
       10650
       10651
       10652
       10653
       10654
       10655
       10656
       10657
       10658
       10659
       10660
       10661
       10662
       10663
       10664
       10665
       10666
       10667
       10668
       10669
       10670
       10671
       10672
       10673
       10674
       10675
       10676
       10677
       10678
       10679
       10680
       10681
       10682
       10683
       10684
       10685
       10686
       10687
       10688
       10689
       10690
       10691
       10692
       10693
       10694
       10695
       10696
       10697
      -10862
       10863
       10864
       10865
       10866
       10867
       10868
       10869
       10870
       10871
       10872
       10873
       10874
       10875
       10876
       10877
       10878
       10879
       10880
       10881
       10882
       10883
       10884
       10885
       10886
       10887
       10888
       10889
       10890
       10891
       10892
       10893
       10894
       10895
       10896
       10897
       10898
       10899
       10900
       10901
       10902
       10903
       10904
       10905
       10906
       10907
       10908
       10909
       10910
       10911
       10912
       10913
       10914
       10915
       10916
       10917
       10918
       10919
       10920
       10921
       10922
       10923
      -11091
       11092
       11093
       11094
       11095
       11096
       11097
       11098
       11099
       11100
       11101
       11102
       11103
       11104
       11105
       11106
       11107
       11108
       11109
       11110
       11111
       11112
       11113
       11114
       11115
       11116
       11117
       11118
       11119
       11120
       11121
       11122
       11123
       11124
       11125
       11126
       11127
       11128
       11129
       11130
       11131
       11132
       11133
       11134
       11135
       11136
       11137
       11138
       11139
       11140
       11141
       11142
       11143
       11144
       11145
      -11313
       11314
       11315
       11316
       11317
       11318
       11319
       11320
       11321
       11322
       11323
       11324
       11325
       11326
       11327
       11328
       11329
       11330
       11331
       11332
       11333
       11334
       11335
       11336
       11337
       11338
       11339
       11340
       11341
       11342
       11343
       11344
       11345
       11346
       11347
       11348
       11349
       11350
       11351
       11352
       11353
       11354
       11355
       11356
       11357
       11358
       11359
       11360
       11361
       11362
       11363
       11364
       11365
       11366
       11367
       11368
      -11531
       11532
       11533
       11534
       11535
       11536
       11537
       11538
       11539
       11540
       11541
       11542
       11543
       11544
       11545
       11546
       11547
       11548
       11549
       11550
       11551
       11552
       11553
       11554
       11555
       11556
       11557
       11558
       11559
       11560
       11561
       11562
       11563
       11564
       11565
       11566
       11567
       11568
       11569
       11570
       11571
       11572
       11573
       11574
       11575
       11576
       11577
       11578
       11579
       11580
       11581
       11582
       11583
       11584
       11585
       11586
       11587
       11588
       11589
       11590
       11591
       11592
       11593
      -11759
       11760
       11761
       11762
       11763
       11764
       11765
       11766
       11767
       11768
       11769
       11770
       11771
       11772
       11773
       11774
       11775
       11776
       11777
       11778
       11779
       11780
       11781
       11782
       11783
       11784
       11785
       11786
       11787
       11788
       11789
       11790
       11791
       11792
       11793
       11794
       11795
       11796
       11797
       11798
       11799
       11800
       11801
       11802
       11803
       11804
       11805
       11806
       11807
       11808
       11809
       11810
       11811
       11812
       11813
       11814
       11815
       11816
       11817
      -11991
       11992
       11993
       11994
       11995
       11996
       11997
       11998
       11999
       12000
       12001
       12002
       12003
       12004
       12005
       12006
       12007
       12008
       12009
       12010
       12011
       12012
       12013
       12014
       12015
       12016
       12017
       12018
       12019
       12020
       12021
       12022
       12023
       12024
       12025
       12026
       12027
       12028
       12029
       12030
       12031
       12032
       12033
      -12199
       12200
       12201
       12202
       12203
       12204
       12205
       12206
       12207
       12208
       12209
       12210
       12211
      -12212
      -12213
      -12214
      -12215
       12216
       12217
       12218
       12219
       12220
       12221
       12222
       12223
       12224
       12225
       12226
       12227
       12228
       12229
       12230
       12231
       12232
       12233
       12234
      -12413
       12414
       12415
       12416
       12417
       12418
       12419
       12420
       12421
      -12422
      -12423
      -12424
      -12429
       12430
       12431
       12432
       12433
       12434
       12435
       12436
       12437
       12438
       12439
       12440
       12441
       12442
       12443
       12444
       12445
       12446
       12447
      -12630
       12631
       12632
       12633
       12634
       12635
       12636
      -12637
      -12647
       12649
       12650
       12651
      -12652
       12653
       12654
       12655
       12656
       12657
       12658
       12659
       12660
       12661
       12662
      -12869
      -12870
       12871
       12872
       12873
       12874
       12875
      -12876
       12891
       12892
       12893
       12894
       12895
       12896
      -13118
       13139
NFLUXF             0
NETA             103          37           0
NSTAE              0           0           0
NSTAV              0           0           0
NSTAM              0           0           0
NSTAC              0           0           0
RES NODE          10        1348
                   6           7           8           9          10          13
                  14          15          16          17          18          19
                  20          25          26          27          28          29
                  30          31          32          33          34          35
                  36          37          38          39          40          41
                  45          46          47          48          49          50
                  51          52          53          54          55          56
                  57          58          59          60          61          62
                  63          64          65          66          67          69
                  71          72          73          74          75          76
                  77          78          79          80          81          82
                  83          84          85          86          87          88
                  89          90          91          92          93          94
                  95          97          98          99         106         107
                 108         109         110         111         112         113
                 114         115         116         117         118         119
                 120         121         122         123         124         125
                 126         127         128         129         130         131
                 132         133         134         135         137         138
                 139         140         141         143         144         145
                 146         147         148         149         150         151
                 152         153         154         155         156         157
                 158         159         160         161         162         163
                 164         165         166         167         168         169
                 170         171         172         173         174         175
                 176         177         178         179         181         182
                 183         184         185         186         187         190
                 191         192         193         194         195         196
                 197         198         199         200         201         202
                 203         204         205         206         207         208
                 209         210         211         212         213         214
                 215         216         217         218         219         220
                 221         222         223         224         225         226
                 227         228         229         230         231         232
                 233         234         235         236         237         238
                 240         241         242         243         244         245
                 246         247         248         249         250         251
                 252         253         254         255         256         257
                 258         259         260         261         262         263
                 264         265         266         267         268         269
                 270         271         272         273         274         275
                 276         277         278         279         280         281
                 282         283         284         285         286         287
                 288         289         290         291         292         293
                 294         295         296         298         299         300
                 301         302         303         304         305         306
                 307         308         309         310         311         312
                 313         314         315         316         317         318
                 319         320         321         322         323         324
                 325         326         327         328         329         330
                 331         332         333         334         335         336
                 337         338         339         340         341         342
                 343         344         345         346         347         348
                 349         350         351         352         353         354
                 355         356         357         358         359         360
                 361         362         363         364         366         367
                 368         369         370         371         372         373
                 374         375         376         377         378         379
                 380         381         382         383         384         385
                 386         387         388         389         390         391
                 392         393         394         395         396         397
                 398         399         400         401         402         403
                 404         405         406         407         408         409
                 410         411         412         413         414         415
                 416         417         418         419         420         421
                 422         423         424         425         426         427
                 428         429         430         431         432         433
                 434         435         436         437         438         439
                 440         441         442         443         444         445
                 447         448         449         450         451         452
                 453         454         455         456         457         458
                 459         460         461         462         463         464
                 465         466         467         468         469         470
                 471         472         473         474         475         476
                 477         478         479         480         481         482
                 483         484         485         486         487         488
                 489         490         491         492         493         494
                 495         496         497         498         499         500
                 501         502         503         504         505         506
                 507         508         509         510         511         512
                 513         514         515         516         517         518
                 519         520         521         522         523         524
                 525         526         527         528         529         530
                 531         532         533         534         535         536
                 538         539         540         541         542         543
                 544         545         546         547         548         549
                 550         551         552         553         554         555
                 556         557         558         559         560         561
                 562         563         564         565         566         567
                 568         569         570         571         572         573
                 574         575         576         577         578         579
                 580         581         582         583         584         585
                 586         587         588         589         590         591
                 592         593         594         595         596         597
                 598         599         600         601         602         603
                 604         605         606         607         608         609
                 610         611         612         613         614         615
                 616         617         618         619         620         621
                 622         623         624         625         626         627
                 628         631         632         633         634         635
                 636         637         638         639         640         641
                 642         643         644         645         646         647
                 648         649         650         651         652         653
                 654         655         656         657         658         659
                 660         661         662         663         664         665
                 666         667         668         669         670         671
                 672         673         674         675         676         677
                 678         679         680         681         682         683
                 684         685         686         687         688         689
                 690         691         692         693         694         695
                 696         697         698         699         700         701
                 702         703         704         705         706         707
                 708         709         710         711         712         713
                 714         715         716         717         718         719
                 720         721         722         723         724         725
                 726         727         729         730         731         732
                 733         734         735         736         737         738
                 739         740         741         742         743         744
                 745         746         747         748         749         750
                 751         752         753         754         755         756
                 757         758         759         760         761         762
                 763         764         765         766         767         768
                 769         770         771         772         773         774
                 775         776         777         778         779         780
                 781         782         783         784         785         786
                 787         788         789         790         791         792
                 793         794         795         796         797         798
                 799         800         801         802         803         804
                 805         806         807         808         809         810
                 811         812         813         814         815         816
                 817         818         819         821         822         823
                 824         825         826         827         828         829
                 830         831         832         833         834         835
                 836         837         838         839         840         841
                 842         843         844         845         846         847
                 848         849         850         851         852         853
                 854         855         856         857         858         859
                 860         861         862         863         864         865
                 866         867         868         869         870         871
                 872         873         874         875         876         877
                 878         879         880         881         882         883
                 884         885         886         887         888         889
                 890         891         892         893         894         895
                 896         897         898         900         901         902
                 903         904         905         906         907         908
                 909         910         911         912         913         914
                 915         916         917         918         919         920
                 921         922         923         924         925         926
                 927         928         929         930         931         932
                 933         934         935         936         937         938
                 939         940         941         942         943         944
                 945         946         947         948         949         950
                 951         952         953         954         955         956
                 957         958         959         960         961         962
                 963         964         965         966         968         969
                 970         971         972         973         974         975
                 976         977         978         979         980         981
                 982         983         984         985         986         987
                 988         989         990         991         992         993
                 994         995         996         997         998         999
                1000        1001        1002        1003        1004        1005
                1006        1007        1008        1009        1010        1011
                1012        1013        1014        1015        1016        1017
                1018        1019        1020        1021        1022        1023
                1024        1025        1026        1027        1028        1030
                1031        1032        1033        1034        1035        1036
                1037        1038        1039        1040        1041        1042
                1043        1044        1045        1046        1047        1048
                1049        1050        1051        1052        1053        1054
                1055        1056        1057        1058        1059        1060
                1061        1062        1063        1064        1065        1066
                1067        1068        1069        1070        1071        1072
                1073        1074        1075        1076        1077        1078
                1079        1080        1081        1082        1083        1085
                1086        1087        1088        1089        1090        1091
                1092        1093        1094        1095        1096        1097
                1098        1099        1100        1101        1102        1103
                1104        1105        1106        1107        1108        1109
                1110        1111        1112        1113        1114        1115
                1116        1117        1118        1119        1120        1121
                1122        1123        1124        1125        1126        1127
                1128        1129        1130        1131        1132        1133
                1134        1135        1136        1137        1138        1139
                1141        1142        1143        1144        1145        1146
                1147        1148        1149        1150        1151        1152
                1153        1154        1155        1156        1157        1158
                1159        1160        1161        1162        1163        1164
                1165        1166        1167        1168        1169        1170
                1171        1172        1173        1174        1175        1176
                1177        1178        1179        1180        1181        1182
                1183        1184        1185        1186        1187        1188
                1189        1190        1191        1192        1193        1194
                1195        1196        1197        1198        1199        1200
                1201        1202        1204        1205        1206        1207
                1208        1209        1210        1211        1212        1213
                1214        1215        1216        1217        1218        1219
                1220        1221        1222        1223        1224        1225
                1226        1227        1228        1229        1230        1231
                1232        1233        1234        1235        1236        1237
                1238        1239        1240        1241        1242        1243
                1244        1245        1246        1247        1248        1249
                1250        1251        1252        1253        1254        1255
                1256        1257        1258        1259        1260        1261
                1263        1264        1265        1266        1267        1268
                1269        1270        1271        1272        1273        1274
                1275        1276        1277        1278        1279        1280
                1281        1282        1283        1284        1285        1286
                1287        1288        1289        1290        1291        1292
                1293        1294        1295        1296        1297        1298
                1299        1300        1301        1302        1303        1304
                1306        1307        1308        1309        1310        1311
                1312        1313        1314        1315        1316        1317
                1322        1323        1324        1325        1326        1327
                1328        1329        1330        1331        1332        1333
                1334        1335        1336        1337        1338        1339
                1340        1342        1343        1344        1345        1346
                1347        1348        1349        1354        1355        1356
                1357        1358        1359        1360        1361        1362
                1363        1364        1365        1366        1367        1368
                1369        1370        1371        1373        1374        1375
                1376        1377        1378        1381        1382        1383
                1385        1386        1387        1388        1389        1390
                1391        1392        1393        1394        1397        1398
                1399        1400        1401        1403        1404        1405
                1406        1407        1408        1410
COMM PE            5
RECV PE            7           8
                 629         630         728         820         899         967
                1029        1084
RECV PE            8           8
                1140        1203        1262        1305        1341        1372
                1395        1396
RECV PE            9          17
                  24          44          70         100         101         102
                 103         104         105         142         188         189
                 239         297         365         446         537
RECV PE           11          16
                   1           2           3           4           5          11
                  12          21          22          23          42          43
                  68          96         136         180
RECV PE           18          13
                1318        1319        1320        1321        1350        1351
                1352        1353        1379        1380        1384        1402
                1409
SEND PE            7           8
                 538         631         729         821         900         968
                1030        1085
SEND PE            8           9
                1085        1141        1204        1263        1307        1342
                1373        1374        1397
SEND PE            9          17
                  25          26          45         106         107         143
                 144         145         190         191         240         241
                 298         299         366         447         538
SEND PE           11          17
                   6           7           8           9          10          13
                  20          25          38          40          41          66
                  67          69          98         137         181
SEND PE           18          13
                1282        1283        1284        1315        1316        1317
                1322        1349        1354        1357        1378        1383
                1401
