AL, 14, 2016092812,   , BEST,   0, 350N,  730W,  50, 1009,   ,  50, NEQ,   90,    0,    0,    0, 1013,     ,  80,     ,    ,    ,    ,    ,  0,   1,   INVEST   ,   1,    1, 1, 1, 1, 1,     90.0,    0.0,    0.0,    0.0,    6.7532,  10.3736,   8.4538,   8.4538,   8.4538,  54.5828,  53.8889,  53.8889,  53.8889
AL, 14, 2016092818,   , BEST,   6, 350N,  730W,  50,    8,   ,  34, NEQ,  180,  180,    0,  100, 1013,     ,  70,     ,    ,    ,    ,    ,  0,   1, MATTHEW    ,   2,    2, 1, 1, 1, 1,      1.0,  180.0,   10.3,    1.0,    0.0269,   0.0275,   0.0539,   0.0459,   0.0275,  53.8889,  53.8889,  53.8889,  53.8889
AL, 14, 2016092818,   , BEST,   6, 350N,  730W,  50, 1008,   ,  50, NEQ,   90,    0,    0,    0, 1013,     ,  70,     ,    ,    ,    ,    ,  0,   1,  MATTHEW   ,   2,    2, 1, 0, 0, 0,     90.0,    0.0,    0.0,    0.0,    5.4025,   8.3012,   6.7641,   6.7641,   6.7641,  54.5828,  53.8889,  53.8889,  53.8889
AL, 14, 2016092900,   , BEST,  12, 350N,  730W,  55, 1004,   ,  34, NEQ,  180,  180,    0,  110, 1013,     ,  60,     ,    ,    ,    ,    ,  0,   1,  MATTHEW   ,   3,    2, 1, 1, 1, 1,    144.8,  144.1,  114.3,   84.3,    3.6522,   6.3453,   6.3322,   5.7773,   5.2210,  59.4444,  59.4444,  59.4444,  59.4444
AL, 14, 2016092900,   , BEST,  12, 350N,  730W,  55, 1004,   ,  50, NEQ,   90,    0,    0,    0, 1013,     ,  60,     ,    ,    ,    ,    ,  0,   1,  MATTHEW   ,   3,    2, 1, 0, 0, 0,     80.9,    0.0,    0.0,    0.0,    3.6522,   5.1570,   4.3768,   4.4032,   4.4141,  59.4444,  59.4444,  59.4444,  59.4444
AL, 14, 2016092906,   , BEST,  18, 350N,  730W,  55, 1002,   ,  34, NEQ,  180,  160,    0,  120, 1013,     ,  50,     ,    ,    ,    ,    ,  0,   1,  MATTHEW   ,   4,    2, 1, 1, 1, 1,    137.6,  119.3,  103.8,   87.7,    2.9881,   5.0876,   4.8086,   4.5719,   4.3255,  59.4444,  59.4444,  59.4444,  59.4444
AL, 14, 2016092906,   , BEST,  18, 350N,  730W,  55, 1002,   ,  50, NEQ,   90,    0,    0,   80, 1013,     ,  50,     ,    ,    ,    ,    ,  0,   1,  MATTHEW   ,   4,    2, 1, 0, 0, 1,     79.1,    0.0,    0.0,   72.7,    2.9881,   4.1948,   3.5233,   3.5474,   4.0973,  59.4444,  59.4444,  59.4444,  59.4444
AL, 14, 2016092912,   , BEST,  24, 350N,  730W,  60,  995,   ,  34, NEQ,  180,  140,   50,  130, 1013,     ,  40,     ,    ,    ,    ,    ,  0,   1,  MATTHEW   ,   5,    2, 1, 1, 1, 1,    115.6,   83.8,   24.9,   78.8,    2.1834,   3.3691,   3.0430,   2.4377,   2.9917,  65.0000,  65.0000,  65.0000,  65.0000
AL, 14, 2016092912,   , BEST,  24, 350N,  730W,  60,  995,   ,  50, NEQ,   90,    0,    0,   70, 1013,     ,  40,     ,    ,    ,    ,    ,  0,   1,  MATTHEW   ,   5,    2, 1, 0, 0, 1,     68.1,    0.0,    0.0,   53.7,    2.1834,   2.8814,   2.4661,   2.4779,   2.7331,  65.0000,  65.0000,  65.0000,  65.0000
AL, 14, 2016092918,   , BEST,  30, 142N,  654W,  65,  993,   ,  34, NEQ,  180,  120,   50,  140, 1013,     ,  30,     ,    ,    ,    ,    ,162, 219,  MATTHEW   ,   6,    3, 1, 1, 1, 1,    180.0,  120.0,    1.0,    3.1,    0.2349,      NaN,   2.1625,   0.2363,   0.2396,      NaN,  60.7564,  22.4718,  22.4718
AL, 14, 2016092918,   , BEST,  30, 142N,  654W,  65,  993,   ,  50, NEQ,   90,    0,    0,   60, 1013,     ,  30,     ,    ,    ,    ,    ,162, 219,  MATTHEW   ,   6,    3, 1, 0, 0, 1,     90.0,    0.0,    0.0,    4.7,    0.2349,   2.6916,   0.2363,   0.2413,   0.2425,  70.4487,  22.4718,  22.4718,  22.4718
AL, 14, 2016092918,   , BEST,  30, 142N,  654W,  65,  993,   ,  64, NEQ,   60,    0,    0,   30, 1013,     ,  30,     ,    ,    ,    ,    ,162, 219,  MATTHEW   ,   6,    3, 1, 0, 0, 1,     60.0,    0.0,    0.0,   30.0,    0.2349,   5.4599,   0.2429,   0.2429,   0.4606, 104.5490,  22.4718,  22.4718,  29.1640
AL, 14, 2016093000,   , BEST,  36, 142N,  666W,  70,  987,   ,  34, NEQ,  170,  120,   50,  150, 1013,     ,  25,     ,    ,    ,    ,    ,270,  12,  MATTHEW   ,   7,    3, 1, 1, 1, 1,     62.7,   47.0,   19.1,   56.9,    1.7505,   1.9551,   1.9035,   1.8123,   1.9361,  69.9482,  69.9482,  69.9482,  69.9482
AL, 14, 2016093000,   , BEST,  36, 142N,  666W,  70,  987,   ,  50, NEQ,   90,    0,    0,   60, 1013,     ,  25,     ,    ,    ,    ,    ,270,  12,  MATTHEW   ,   7,    3, 1, 0, 0, 1,     45.6,    0.0,    0.0,   31.8,    1.7505,   1.8990,   1.8199,   1.8301,   1.8536,  69.9482,  69.9482,  69.9482,  69.9482
AL, 14, 2016093000,   , BEST,  36, 142N,  666W,  70,  987,   ,  64, NEQ,   50,    0,    0,   30, 1013,     ,  25,     ,    ,    ,    ,    ,270,  12,  MATTHEW   ,   7,    3, 1, 0, 0, 1,     36.1,    0.0,    0.0,   25.1,    1.7505,   1.8679,   1.7955,   1.7955,   1.8319,  69.9482,  69.9482,  69.9482,  69.9482
AL, 14, 2016093006,   , BEST,  42, 140N,  678W,  85,  979,   ,  34, NEQ,  170,  100,   50,  160, 1013,     ,  20,     ,    ,    ,    ,    ,260,  12,  MATTHEW   ,   8,    3, 1, 1, 1, 1,     59.2,   35.0,   16.8,   56.4,    2.0489,   2.2282,   2.1548,   2.0998,   2.2197,  86.5406,  86.5406,  86.5406,  86.5406
AL, 14, 2016093006,   , BEST,  42, 140N,  678W,  85,  979,   ,  50, NEQ,   80,   30,   30,   60, 1013,     ,  20,     ,    ,    ,    ,    ,260,  12,  MATTHEW   ,   8,    3, 1, 1, 1, 1,     35.4,   14.3,   14.9,   26.8,    2.0489,   2.1559,   2.0920,   2.0940,   2.1297,  86.5406,  86.5406,  86.5406,  86.5406
AL, 14, 2016093006,   , BEST,  42, 140N,  678W,  85,  979,   ,  64, NEQ,   40,   20,   15,   30, 1013,     ,  20,     ,    ,    ,    ,    ,260,  12,  MATTHEW   ,   8,    3, 1, 1, 1, 1,     22.5,   13.1,   10.4,   17.4,    2.0489,   2.1168,   2.0885,   2.0804,   2.1014,  86.5406,  86.5406,  86.5406,  86.5406
AL, 14, 2016093012,   , BEST,  48, 138N,  689W, 100,  968,   ,  34, NEQ,  170,   90,   50,  170, 1013,     ,  15,     ,    ,    ,    ,    ,259,  11,  MATTHEW   ,   9,    3, 1, 1, 1, 1,     54.3,   28.1,   15.1,   55.3,    2.2191,   2.3656,   2.2947,   2.2597,   2.3683, 103.6121, 103.6121, 103.6121, 103.6121
AL, 14, 2016093012,   , BEST,  48, 138N,  689W, 100,  968,   ,  50, NEQ,   80,   30,   30,   80, 1013,     ,  15,     ,    ,    ,    ,    ,259,  11,  MATTHEW   ,   9,    3, 1, 1, 1, 1,     31.8,   12.4,   12.7,   32.5,    2.2191,   2.3047,   2.2523,   2.2533,   2.3065, 103.6121, 103.6121, 103.6121, 103.6121
AL, 14, 2016093012,   , BEST,  48, 138N,  689W, 100,  968,   ,  64, NEQ,   30,   20,   15,   30, 1013,     ,  15,     ,    ,    ,    ,    ,259,  11,  MATTHEW   ,   9,    3, 1, 1, 1, 1,     14.4,   10.6,    8.2,   14.8,    2.2191,   2.2579,   2.2476,   2.2411,   2.2589, 103.6121, 103.6121, 103.6121, 103.6121
AL, 14, 2016093018,   , BEST,  54, 135N,  697W, 120,  955,   ,  34, NEQ,  170,   90,   60,  170, 1013,     ,  10,     ,    ,    ,    ,    ,249,   8,  MATTHEW   ,  10,    3, 1, 1, 1, 1,     54.9,   28.0,   18.1,   55.1,    2.5862,   2.7239,   2.6562,   2.6314,   2.7243, 126.9882, 126.9882, 126.9882, 126.9882
AL, 14, 2016093018,   , BEST,  54, 135N,  697W, 120,  955,   ,  50, NEQ,   80,   30,   30,   80, 1013,     ,  10,     ,    ,    ,    ,    ,249,   8,  MATTHEW   ,  10,    3, 1, 1, 1, 1,     31.1,   11.7,   11.8,   31.2,    2.5862,   2.6639,   2.6156,   2.6157,   2.6642, 126.9882, 126.9882, 126.9882, 126.9882
AL, 14, 2016093018,   , BEST,  54, 135N,  697W, 120,  955,   ,  64, NEQ,   30,   20,   15,   30, 1013,     ,  10,     ,    ,    ,    ,    ,249,   8,  MATTHEW   ,  10,    3, 1, 1, 1, 1,     13.6,    9.6,    7.2,   13.6,    2.5862,   2.6202,   2.6101,   2.6041,   2.6203, 126.9882, 126.9882, 126.9882, 126.9882
AL, 14, 2016100100,   , BEST,  60, 134N,  704W, 145,  942,   ,  34, NEQ,  170,   90,   60,  170, 1013,     ,   5,     ,    ,    ,    ,    ,262,   7,  MATTHEW   ,  11,    3, 1, 1, 1, 1,     59.5,   30.1,   19.7,   60.0,    3.1674,   3.3152,   3.2421,   3.2162,   3.3163, 155.4869, 155.4869, 155.4869, 155.4869
AL, 14, 2016100100,   , BEST,  60, 134N,  704W, 145,  942,   ,  50, NEQ,   80,   30,   30,   70, 1013,     ,   5,     ,    ,    ,    ,    ,262,   7,  MATTHEW   ,  11,    3, 1, 1, 1, 1,     32.4,   12.0,   12.2,   28.4,    3.1674,   3.2478,   3.1972,   3.1975,   3.2378, 155.4869, 155.4869, 155.4869, 155.4869
AL, 14, 2016100100,   , BEST,  60, 134N,  704W, 145,  942,   ,  64, NEQ,   30,   20,   15,   40, 1013,     ,   5,     ,    ,    ,    ,    ,262,   7,  MATTHEW   ,  11,    3, 1, 1, 1, 1,     13.7,    9.4,    7.1,   18.6,    3.1674,   3.2014,   3.1906,   3.1849,   3.2134, 155.4869, 155.4869, 155.4869, 155.4869
AL, 14, 2016100106,   , BEST,  66, 134N,  710W, 140,  942,   ,  34, NEQ,  170,   90,   50,  170, 1013,     ,   5,     ,    ,    ,    ,    ,270,   6,  MATTHEW   ,  12,    3, 1, 1, 1, 1,     56.7,   28.5,   15.4,   57.3,    2.9669,   3.1031,   3.0353,   3.0038,   3.1046, 150.4853, 150.4853, 150.4853, 150.4853
AL, 14, 2016100106,   , BEST,  66, 134N,  710W, 140,  942,   ,  50, NEQ,   80,   30,   30,   70, 1013,     ,   5,     ,    ,    ,    ,    ,270,   6,  MATTHEW   ,  12,    3, 1, 1, 1, 1,     31.2,   11.5,   11.7,   27.4,    2.9669,   3.0418,   2.9946,   2.9950,   3.0327, 150.4853, 150.4853, 150.4853, 150.4853
AL, 14, 2016100106,   , BEST,  66, 134N,  710W, 140,  942,   ,  64, NEQ,   30,   20,   15,   40, 1013,     ,   5,     ,    ,    ,    ,    ,270,   6,  MATTHEW   ,  12,    3, 1, 1, 1, 1,     13.3,    9.1,    6.9,   18.1,    2.9669,   2.9988,   2.9887,   2.9834,   3.0104, 150.4853, 150.4853, 150.4853, 150.4853
AL, 14, 2016100112,   , BEST,  72, 134N,  716W, 135,  944,   ,  34, NEQ,  170,   90,   60,  170, 1013,     ,   5,     ,    ,    ,    ,    ,270,   6,  MATTHEW   ,  13,    3, 1, 1, 1, 1,     55.2,   27.7,   18.1,   55.8,    2.8316,   2.9631,   2.8976,   2.8748,   2.9647, 144.9298, 144.9298, 144.9298, 144.9298
AL, 14, 2016100112,   , BEST,  72, 134N,  716W, 135,  944,   ,  50, NEQ,   70,   40,   30,   70, 1013,     ,   5,     ,    ,    ,    ,    ,270,   6,  MATTHEW   ,  13,    3, 1, 1, 1, 1,     26.6,   15.2,   11.5,   26.9,    2.8316,   2.8949,   2.8679,   2.8590,   2.8957, 144.9298, 144.9298, 144.9298, 144.9298
AL, 14, 2016100112,   , BEST,  72, 134N,  716W, 135,  944,   ,  64, NEQ,   25,   20,   15,   25, 1013,     ,   5,     ,    ,    ,    ,    ,270,   6,  MATTHEW   ,  13,    3, 1, 1, 1, 1,     10.9,    9.0,    6.8,   11.1,    2.8316,   2.8576,   2.8531,   2.8479,   2.8580, 144.9298, 144.9298, 144.9298, 144.9298
AL, 14, 2016100118,   , BEST,  78, 134N,  718W, 130,  942,   ,  34, NEQ,  170,   90,   70,  170, 1013,     ,   5,     ,    ,    ,    ,    ,270,   2,  MATTHEW   ,  14,    3, 1, 1, 1, 1,     52.0,   25.7,   19.7,   52.4,    2.6383,   2.7563,   2.6965,   2.6828,   2.7571, 141.9067, 141.9067, 141.9067, 141.9067
AL, 14, 2016100118,   , BEST,  78, 134N,  718W, 130,  942,   ,  50, NEQ,   70,   40,   30,   50, 1013,     ,   5,     ,    ,    ,    ,    ,270,   2,  MATTHEW   ,  14,    3, 1, 1, 1, 1,     25.4,   14.4,   10.8,   18.0,    2.6383,   2.6959,   2.6708,   2.6627,   2.6790, 141.9067, 141.9067, 141.9067, 141.9067
AL, 14, 2016100118,   , BEST,  78, 134N,  718W, 130,  942,   ,  64, NEQ,   20,   20,   15,   25, 1013,     ,   5,     ,    ,    ,    ,    ,270,   2,  MATTHEW   ,  14,    3, 1, 1, 1, 1,      8.5,    8.6,    6.5,   10.7,    2.6383,   2.6574,   2.6577,   2.6530,   2.6625, 141.9067, 141.9067, 141.9067, 141.9067
AL, 14, 2016100200,   , BEST,  84, 135N,  720W, 130,  940,   ,  34, NEQ,  170,   90,   70,  160, 1013,     ,   5,     ,    ,    ,    ,    ,297,   2,  MATTHEW   ,  15,    3, 1, 1, 1, 1,     50.1,   24.6,   19.0,   47.4,    2.5590,   2.6703,   2.6135,   2.6010,   2.6641, 141.7125, 141.7125, 141.7125, 141.7125
AL, 14, 2016100200,   , BEST,  84, 135N,  720W, 130,  940,   ,  50, NEQ,   70,   40,   30,   50, 1013,     ,   5,     ,    ,    ,    ,    ,297,   2,  MATTHEW   ,  15,    3, 1, 1, 1, 1,     24.6,   13.9,   10.5,   17.6,    2.5590,   2.6136,   2.5897,   2.5822,   2.5979, 141.7125, 141.7125, 141.7125, 141.7125
AL, 14, 2016100200,   , BEST,  84, 135N,  720W, 130,  940,   ,  64, NEQ,   25,   20,   20,   25, 1013,     ,   5,     ,    ,    ,    ,    ,297,   2,  MATTHEW   ,  15,    3, 1, 1, 1, 1,     10.3,    8.3,    8.5,   10.5,    2.5590,   2.5818,   2.5774,   2.5778,   2.5822, 141.7125, 141.7125, 141.7125, 141.7125
AL, 14, 2016100206,   , BEST,  90, 137N,  724W, 125,  941,   ,  34, NEQ,  170,   70,   70,  160, 1013,     ,   5,     ,    ,    ,    ,    ,297,   4,  MATTHEW   ,  16,    3, 1, 1, 1, 1,     46.5,   17.3,   17.8,   44.4,    2.3428,   2.4437,   2.3802,   2.3813,   2.4390, 134.6624, 134.6624, 134.6624, 134.6624
AL, 14, 2016100206,   , BEST,  90, 137N,  724W, 125,  941,   ,  50, NEQ,   60,   40,   30,   50, 1013,     ,   5,     ,    ,    ,    ,    ,297,   4,  MATTHEW   ,  16,    3, 1, 1, 1, 1,     19.7,   13.1,   10.1,   16.7,    2.3428,   2.3854,   2.3712,   2.3646,   2.3790, 134.6624, 134.6624, 134.6624, 134.6624
AL, 14, 2016100206,   , BEST,  90, 137N,  724W, 125,  941,   ,  64, NEQ,   25,   20,   20,   25, 1013,     ,   5,     ,    ,    ,    ,    ,297,   4,  MATTHEW   ,  16,    3, 1, 1, 1, 1,      9.9,    8.1,    8.3,   10.2,    2.3428,   2.3642,   2.3602,   2.3608,   2.3649, 134.6624, 134.6624, 134.6624, 134.6624
AL, 14, 2016100212,   , BEST,  96, 140N,  728W, 130,  947,   ,  34, NEQ,  170,   80,   70,  150, 1013,     ,  10,     ,    ,    ,    ,    ,308,   5,  MATTHEW   ,  17,    3, 1, 1, 1, 1,     55.4,   24.0,   21.3,   49.1,    2.7584,   2.8975,   2.8185,   2.8119,   2.8817, 139.8989, 139.8989, 139.8989, 139.8989
AL, 14, 2016100212,   , BEST,  96, 140N,  728W, 130,  947,   ,  50, NEQ,   60,   40,   30,   50, 1013,     ,  10,     ,    ,    ,    ,    ,308,   5,  MATTHEW   ,  17,    3, 1, 1, 1, 1,     22.7,   15.1,   11.5,   19.3,    2.7584,   2.8153,   2.7961,   2.7873,   2.8067, 139.8989, 139.8989, 139.8989, 139.8989
AL, 14, 2016100212,   , BEST,  96, 140N,  728W, 130,  947,   ,  64, NEQ,   25,   20,   15,   25, 1013,     ,  10,     ,    ,    ,    ,    ,308,   5,  MATTHEW   ,  17,    3, 1, 1, 1, 1,     11.0,    8.9,    6.9,   11.4,    2.7584,   2.7860,   2.7808,   2.7757,   2.7869, 139.8989, 139.8989, 139.8989, 139.8989
AL, 14, 2016100218,   , BEST, 102, 142N,  732W, 135,  945,   ,  34, NEQ,  170,   90,   70,  140, 1013,     ,  10,     ,    ,    ,    ,    ,297,   4,  MATTHEW   ,  18,    3, 1, 1, 1, 1,     57.2,   28.3,   22.0,   46.7,    2.9070,   3.0544,   2.9799,   2.9636,   3.0271, 145.7781, 145.7781, 145.7781, 145.7781
AL, 14, 2016100218,   , BEST, 102, 142N,  732W, 135,  945,   ,  50, NEQ,   60,   40,   30,   50, 1013,     ,  10,     ,    ,    ,    ,    ,297,   4,  MATTHEW   ,  18,    3, 1, 1, 1, 1,     23.2,   15.4,   11.7,   19.6,    2.9070,   2.9666,   2.9467,   2.9372,   2.9573, 145.7781, 145.7781, 145.7781, 145.7781
AL, 14, 2016100218,   , BEST, 102, 142N,  732W, 135,  945,   ,  64, NEQ,   25,   20,   15,   25, 1013,     ,  10,     ,    ,    ,    ,    ,297,   4,  MATTHEW   ,  18,    3, 1, 1, 1, 1,     11.2,    9.1,    6.9,   11.4,    2.9070,   2.9357,   2.9303,   2.9248,   2.9364, 145.7781, 145.7781, 145.7781, 145.7781
AL, 14, 2016100300,   , BEST, 108, 145N,  735W, 130,  944,   ,  34, NEQ,  170,  100,   80,  130, 1013,     ,  10,     ,    ,    ,    ,    ,316,   4,  MATTHEW   ,  19,    3, 1, 1, 1, 1,     53.3,   29.3,   23.5,   40.0,    2.6550,   2.7880,   2.7279,   2.7135,   2.7548, 140.3378, 140.3378, 140.3378, 140.3378
AL, 14, 2016100300,   , BEST, 108, 145N,  735W, 130,  944,   ,  50, NEQ,   60,   50,   30,   50, 1013,     ,  10,     ,    ,    ,    ,    ,316,   4,  MATTHEW   ,  19,    3, 1, 1, 1, 1,     21.9,   18.2,   11.1,   18.6,    2.6550,   2.7095,   2.7004,   2.6825,   2.7013, 140.3378, 140.3378, 140.3378, 140.3378
AL, 14, 2016100300,   , BEST, 108, 145N,  735W, 130,  944,   ,  64, NEQ,   30,   20,   20,   25, 1013,     ,  10,     ,    ,    ,    ,    ,316,   4,  MATTHEW   ,  19,    3, 1, 1, 1, 1,     12.9,    8.6,    8.9,   11.0,    2.6550,   2.6871,   2.6765,   2.6772,   2.6825, 140.3378, 140.3378, 140.3378, 140.3378
AL, 14, 2016100306,   , BEST, 114, 149N,  735W, 125,  942,   ,  34, NEQ,  170,  110,   80,  130, 1013,     ,  10,     ,    ,    ,    ,    ,  0,   4,  MATTHEW   ,  20,    3, 1, 1, 1, 1,     48.9,   29.1,   20.9,   36.7,    2.3839,   2.5011,   2.4534,   2.4338,   2.4717, 134.8928, 134.8928, 134.8928, 134.8928
AL, 14, 2016100306,   , BEST, 114, 149N,  735W, 125,  942,   ,  50, NEQ,   60,   50,   40,   50, 1013,     ,  10,     ,    ,    ,    ,    ,  0,   4,  MATTHEW   ,  20,    3, 1, 1, 1, 1,     20.5,   16.6,   13.6,   17.5,    2.3839,   2.4329,   2.4237,   2.4164,   2.4256, 134.8928, 134.8928, 134.8928, 134.8928
AL, 14, 2016100306,   , BEST, 114, 149N,  735W, 125,  942,   ,  64, NEQ,   30,   25,   20,   25, 1013,     ,  10,     ,    ,    ,    ,    ,  0,   4,  MATTHEW   ,  20,    3, 1, 1, 1, 1,     12.3,   10.1,    8.3,   10.6,    2.3839,   2.4134,   2.4079,   2.4037,   2.4092, 134.8928, 134.8928, 134.8928, 134.8928
AL, 14, 2016100312,   , BEST, 120, 154N,  735W, 125,  941,   ,  34, NEQ,  170,  120,   80,  120, 1013,     ,  10,     ,    ,    ,    ,    ,  0,   5,  MATTHEW   ,  21,    3, 1, 1, 1, 1,     47.9,   31.3,   20.4,   32.9,    2.3298,   2.4462,   2.4058,   2.3793,   2.4096, 134.2896, 134.2896, 134.2896, 134.2896
AL, 14, 2016100312,   , BEST, 120, 154N,  735W, 125,  941,   ,  50, NEQ,   60,   50,   40,   50, 1013,     ,  10,     ,    ,    ,    ,    ,  0,   5,  MATTHEW   ,  21,    3, 1, 1, 1, 1,     20.1,   16.3,   13.3,   17.2,    2.3298,   2.3785,   2.3692,   2.3621,   2.3715, 134.2896, 134.2896, 134.2896, 134.2896
AL, 14, 2016100312,   , BEST, 120, 154N,  735W, 125,  941,   ,  64, NEQ,   30,   25,   20,   25, 1013,     ,  10,     ,    ,    ,    ,    ,  0,   5,  MATTHEW   ,  21,    3, 1, 1, 1, 1,     12.1,    9.9,    8.2,   10.5,    2.3298,   2.3592,   2.3537,   2.3496,   2.3552, 134.2896, 134.2896, 134.2896, 134.2896
AL, 14, 2016100318,   , BEST, 126, 159N,  734W, 125,  938,   ,  34, NEQ,  170,  130,   90,  120, 1013,     ,  15,     ,    ,    ,    ,    , 11,   5,  MATTHEW   ,  22,    3, 1, 1, 1, 1,     45.9,   32.6,   22.0,   31.3,    2.2349,   2.3451,   2.3131,   2.2875,   2.3100, 134.2365, 134.2365, 134.2365, 134.2365
AL, 14, 2016100318,   , BEST, 126, 159N,  734W, 125,  938,   ,  50, NEQ,   70,   50,   50,   50, 1013,     ,  15,     ,    ,    ,    ,    , 11,   5,  MATTHEW   ,  22,    3, 1, 1, 1, 1,     22.8,   15.5,   16.1,   16.5,    2.2349,   2.2896,   2.2721,   2.2734,   2.2744, 134.2365, 134.2365, 134.2365, 134.2365
AL, 14, 2016100318,   , BEST, 126, 159N,  734W, 125,  938,   ,  64, NEQ,   35,   30,   30,   30, 1013,     ,  15,     ,    ,    ,    ,    , 11,   5,  MATTHEW   ,  22,    3, 1, 1, 1, 1,     13.8,   11.4,   11.9,   12.2,    2.2349,   2.2679,   2.2623,   2.2633,   2.2642, 134.2365, 134.2365, 134.2365, 134.2365
AL, 14, 2016100400,   , BEST, 132, 166N,  731W, 130,  934,   ,  34, NEQ,  170,  140,   90,  110, 1013,     ,  15,     ,    ,    ,    ,    , 22,   8,  MATTHEW   ,  23,    3, 1, 1, 1, 1,     45.8,   35.1,   21.6,   28.2,    2.2577,   2.3701,   2.3438,   2.3107,   2.3270, 138.4720, 138.4720, 138.4720, 138.4720
AL, 14, 2016100400,   , BEST, 132, 166N,  731W, 130,  934,   ,  50, NEQ,   70,   60,   50,   50, 1013,     ,  15,     ,    ,    ,    ,    , 22,   8,  MATTHEW   ,  23,    3, 1, 1, 1, 1,     22.6,   18.4,   15.7,   16.4,    2.2577,   2.3131,   2.3029,   2.2962,   2.2978, 138.4720, 138.4720, 138.4720, 138.4720
AL, 14, 2016100400,   , BEST, 132, 166N,  731W, 130,  934,   ,  64, NEQ,   35,   30,   30,   30, 1013,     ,  15,     ,    ,    ,    ,    , 22,   8,  MATTHEW   ,  23,    3, 1, 1, 1, 1,     13.6,   11.1,   11.6,   12.1,    2.2577,   2.2910,   2.2849,   2.2860,   2.2873, 138.4720, 138.4720, 138.4720, 138.4720
AL, 14, 2016100406,   , BEST, 138, 175N,  729W, 130,  934,   ,  34, NEQ,  170,  150,   90,  100, 1013,     ,  15,     ,    ,    ,    ,    , 12,   9,  MATTHEW   ,  24,    3, 1, 1, 1, 1,     45.5,   38.0,   21.7,   25.4,    2.2323,   2.3494,   2.3299,   2.2879,   2.2974, 137.6905, 137.6905, 137.6905, 137.6905
AL, 14, 2016100406,   , BEST, 138, 175N,  729W, 130,  934,   ,  50, NEQ,   70,   60,   50,   60, 1013,     ,  15,     ,    ,    ,    ,    , 12,   9,  MATTHEW   ,  24,    3, 1, 1, 1, 1,     22.4,   18.3,   15.8,   19.9,    2.2323,   2.2897,   2.2792,   2.2727,   2.2834, 137.6905, 137.6905, 137.6905, 137.6905
AL, 14, 2016100406,   , BEST, 138, 175N,  729W, 130,  934,   ,  64, NEQ,   35,   35,   30,   30, 1013,     ,  15,     ,    ,    ,    ,    , 12,   9,  MATTHEW   ,  24,    3, 1, 1, 1, 1,     13.4,   12.9,   11.6,   12.1,    2.2323,   2.2668,   2.2655,   2.2620,   2.2634, 137.6905, 137.6905, 137.6905, 137.6905
AL, 14, 2016100411,   , BEST, 143, 183N,  728W, 130,  935,   ,  34, NEQ,  170,  150,   90,  100, 1013,     ,  15,     ,    ,    ,    ,    ,  7,  10,  MATTHEW   ,  25,    3, 1, 1, 1, 1,     46.5,   38.9,   22.3,   25.9,    2.2539,   2.3801,   2.3594,   2.3142,   2.3242, 137.4766, 137.4766, 137.4766, 137.4766
AL, 14, 2016100411,   , BEST, 143, 183N,  728W, 130,  935,   ,  50, NEQ,   70,   60,   50,   60, 1013,     ,  15,     ,    ,    ,    ,    ,  7,  10,  MATTHEW   ,  25,    3, 1, 1, 1, 1,     22.7,   18.6,   16.1,   20.3,    2.2539,   2.3153,   2.3042,   2.2974,   2.3087, 137.4766, 137.4766, 137.4766, 137.4766
AL, 14, 2016100411,   , BEST, 143, 183N,  728W, 130,  935,   ,  64, NEQ,   35,   35,   30,   30, 1013,     ,  15,     ,    ,    ,    ,    ,  7,  10,  MATTHEW   ,  25,    3, 1, 1, 1, 1,     13.6,   13.1,   11.8,   12.3,    2.2539,   2.2906,   2.2894,   2.2858,   2.2871, 137.4766, 137.4766, 137.4766, 137.4766
AL, 14, 2016100412,   , BEST, 144, 184N,  728W, 125,  937,   ,  34, NEQ,  170,  150,   90,  100, 1013,     ,  15,     ,    ,    ,    ,    ,  0,   6,  MATTHEW   ,  26,    3, 1, 1, 1, 1,     45.9,   38.7,   22.0,   25.3,    2.1888,   2.3140,   2.2943,   2.2485,   2.2576, 133.7297, 133.7297, 133.7297, 133.7297
AL, 14, 2016100412,   , BEST, 144, 184N,  728W, 125,  937,   ,  50, NEQ,   70,   60,   50,   60, 1013,     ,  15,     ,    ,    ,    ,    ,  0,   6,  MATTHEW   ,  26,    3, 1, 1, 1, 1,     22.5,   18.6,   16.0,   19.9,    2.1888,   2.2500,   2.2395,   2.2323,   2.2429, 133.7297, 133.7297, 133.7297, 133.7297
AL, 14, 2016100412,   , BEST, 144, 184N,  728W, 125,  937,   ,  64, NEQ,   35,   40,   30,   30, 1013,     ,  15,     ,    ,    ,    ,    ,  0,   6,  MATTHEW   ,  26,    3, 1, 1, 1, 1,     13.5,   15.2,   11.8,   12.1,    2.1888,   2.2256,   2.2302,   2.2210,   2.2218, 133.7297, 133.7297, 133.7297, 133.7297
AL, 14, 2016100418,   , BEST, 150, 193N,  728W, 120,  947,   ,  34, NEQ,  160,  150,   90,  100, 1013,     ,  15,     ,    ,    ,    ,    ,  0,   9,  MATTHEW   ,  27,    3, 1, 1, 1, 1,     47.2,   42.7,   24.5,   28.4,    2.2615,   2.4084,   2.3943,   2.3375,   2.3496, 126.6727, 126.6727, 126.6727, 126.6727
AL, 14, 2016100418,   , BEST, 150, 193N,  728W, 120,  947,   ,  50, NEQ,   70,   60,   50,   60, 1013,     ,  15,     ,    ,    ,    ,    ,  0,   9,  MATTHEW   ,  27,    3, 1, 1, 1, 1,     24.6,   20.2,   17.6,   22.1,    2.2615,   2.3379,   2.3244,   2.3162,   2.3301, 126.6727, 126.6727, 126.6727, 126.6727
AL, 14, 2016100418,   , BEST, 150, 193N,  728W, 120,  947,   ,  64, NEQ,   40,   40,   40,   40, 1013,     ,  15,     ,    ,    ,    ,    ,  0,   9,  MATTHEW   ,  27,    3, 1, 1, 1, 1,     16.9,   16.4,   17.5,   18.1,    2.2615,   2.3140,   2.3125,   2.3158,   2.3176, 126.6727, 126.6727, 126.6727, 126.6727
AL, 14, 2016100500,   , BEST, 156, 201N,  728W, 115,  949,   ,  34, NEQ,  160,  150,   90,  100, 1013,     ,  15,     ,    ,    ,    ,    ,  0,   8,  MATTHEW   ,  28,    3, 1, 1, 1, 1,     46.4,   41.9,   23.9,   27.7,    2.1489,   2.2978,   2.2833,   2.2253,   2.2377, 121.5935, 121.5935, 121.5935, 121.5935
AL, 14, 2016100500,   , BEST, 156, 201N,  728W, 115,  949,   ,  50, NEQ,   70,   60,   50,   60, 1013,     ,  15,     ,    ,    ,    ,    ,  0,   8,  MATTHEW   ,  28,    3, 1, 1, 1, 1,     24.4,   20.0,   17.4,   21.9,    2.1489,   2.2268,   2.2129,   2.2046,   2.2189, 121.5935, 121.5935, 121.5935, 121.5935
AL, 14, 2016100500,   , BEST, 156, 201N,  728W, 115,  949,   ,  64, NEQ,   40,   40,   40,   40, 1013,     ,  15,     ,    ,    ,    ,    ,  0,   8,  MATTHEW   ,  28,    3, 1, 1, 1, 1,     16.9,   16.4,   17.5,   18.1,    2.1489,   2.2030,   2.2014,   2.2049,   2.2069, 121.5935, 121.5935, 121.5935, 121.5935
AL, 14, 2016100506,   , BEST, 162, 207N,  729W, 110,  960,   ,  34, NEQ,  160,  140,   90,   90, 1013,     ,  15,     ,    ,    ,    ,    ,351,   6,  MATTHEW   ,  29,    3, 1, 1, 1, 1,     55.6,   46.7,   28.8,   29.1,    2.4035,   2.6165,   2.5822,   2.5135,   2.5150, 117.0237, 117.0237, 117.0237, 117.0237
AL, 14, 2016100506,   , BEST, 162, 207N,  729W, 110,  960,   ,  50, NEQ,   70,   60,   50,   60, 1013,     ,  15,     ,    ,    ,    ,    ,351,   6,  MATTHEW   ,  29,    3, 1, 1, 1, 1,     28.3,   23.6,   20.3,   25.1,    2.4035,   2.5116,   2.4935,   2.4812,   2.4996, 117.0237, 117.0237, 117.0237, 117.0237
AL, 14, 2016100506,   , BEST, 162, 207N,  729W, 110,  960,   ,  64, NEQ,   40,   35,   35,   40, 1013,     ,  15,     ,    ,    ,    ,    ,351,   6,  MATTHEW   ,  29,    3, 1, 1, 1, 1,     19.2,   16.5,   17.4,   20.3,    2.4035,   2.4769,   2.4663,   2.4699,   2.4812, 117.0237, 117.0237, 117.0237, 117.0237
AL, 14, 2016100512,   , BEST, 168, 214N,  733W, 105,  962,   ,  34, NEQ,  160,  140,   80,   90, 1013,     ,  15,     ,    ,    ,    ,    ,332,   8,  MATTHEW   ,  30,    3, 1, 1, 1, 1,     53.5,   45.4,   24.7,   28.2,    2.2276,   2.4356,   2.4040,   2.3233,   2.3370, 110.5150, 110.5150, 110.5150, 110.5150
AL, 14, 2016100512,   , BEST, 168, 214N,  733W, 105,  962,   ,  50, NEQ,   70,   60,   50,   60, 1013,     ,  15,     ,    ,    ,    ,    ,332,   8,  MATTHEW   ,  30,    3, 1, 1, 1, 1,     27.4,   23.2,   20.5,   24.8,    2.2276,   2.3339,   2.3176,   2.3069,   2.3239, 110.5150, 110.5150, 110.5150, 110.5150
AL, 14, 2016100512,   , BEST, 168, 214N,  733W, 105,  962,   ,  64, NEQ,   40,   30,   30,   40, 1013,     ,  15,     ,    ,    ,    ,    ,332,   8,  MATTHEW   ,  30,    3, 1, 1, 1, 1,     18.9,   14.0,   15.3,   20.5,    2.2276,   2.3009,   2.2820,   2.2867,   2.3070, 110.5150, 110.5150, 110.5150, 110.5150
AL, 14, 2016100518,   , BEST, 174, 222N,  739W, 105,  963,   ,  34, NEQ,  160,  140,   70,   90, 1013,     ,  15,     ,    ,    ,    ,    ,325,  10,  MATTHEW   ,  31,    3, 1, 1, 1, 1,     54.2,   46.4,   21.8,   28.7,    2.2372,   2.4584,   2.4261,   2.3256,   2.3539, 109.6622, 109.6622, 109.6622, 109.6622
AL, 14, 2016100518,   , BEST, 174, 222N,  739W, 105,  963,   ,  50, NEQ,   70,   60,   40,   60, 1013,     ,  15,     ,    ,    ,    ,    ,325,  10,  MATTHEW   ,  31,    3, 1, 1, 1, 1,     27.6,   23.6,   16.5,   25.2,    2.2372,   2.3494,   2.3330,   2.3043,   2.3396, 109.6622, 109.6622, 109.6622, 109.6622
AL, 14, 2016100518,   , BEST, 174, 222N,  739W, 105,  963,   ,  64, NEQ,   40,   30,   30,   40, 1013,     ,  15,     ,    ,    ,    ,    ,325,  10,  MATTHEW   ,  31,    3, 1, 1, 1, 1,     19.0,   14.2,   15.6,   20.8,    2.2372,   2.3143,   2.2950,   2.3007,   2.3215, 109.6622, 109.6622, 109.6622, 109.6622
AL, 14, 2016100600,   , BEST, 180, 230N,  745W, 105,  960,   ,  34, NEQ,  160,  140,   70,   90, 1013,     ,  10,     ,    ,    ,    ,    ,325,  10,  MATTHEW   ,  32,    3, 1, 1, 1, 1,     51.1,   43.6,   20.4,   26.9,    2.1109,   2.3144,   2.2843,   2.1916,   2.2177, 109.6704, 109.6704, 109.6704, 109.6704
AL, 14, 2016100600,   , BEST, 180, 230N,  745W, 105,  960,   ,  50, NEQ,   70,   60,   40,   60, 1013,     ,  10,     ,    ,    ,    ,    ,325,  10,  MATTHEW   ,  32,    3, 1, 1, 1, 1,     26.2,   22.3,   15.7,   24.0,    2.1109,   2.2148,   2.1995,   2.1731,   2.2060, 109.6704, 109.6704, 109.6704, 109.6704
AL, 14, 2016100600,   , BEST, 180, 230N,  745W, 105,  960,   ,  64, NEQ,   40,   30,   30,   40, 1013,     ,  10,     ,    ,    ,    ,    ,325,  10,  MATTHEW   ,  32,    3, 1, 1, 1, 1,     18.2,   13.6,   15.1,   20.0,    2.1109,   2.1829,   2.1649,   2.1706,   2.1901, 109.6704, 109.6704, 109.6704, 109.6704
AL, 14, 2016100606,   , BEST, 186, 238N,  752W, 110,  952,   ,  34, NEQ,  160,  140,   70,   90, 1013,     ,  10,     ,    ,    ,    ,    ,321,  10,  MATTHEW   ,  33,    3, 1, 1, 1, 1,     46.3,   39.4,   18.4,   24.2,    2.0163,   2.1896,   2.1637,   2.0847,   2.1065, 114.9884, 114.9884, 114.9884, 114.9884
AL, 14, 2016100606,   , BEST, 186, 238N,  752W, 110,  952,   ,  50, NEQ,   70,   60,   40,   60, 1013,     ,  10,     ,    ,    ,    ,    ,321,  10,  MATTHEW   ,  33,    3, 1, 1, 1, 1,     23.8,   20.4,   14.3,   21.7,    2.0163,   2.1050,   2.0923,   2.0695,   2.0974, 114.9884, 114.9884, 114.9884, 114.9884
AL, 14, 2016100606,   , BEST, 186, 238N,  752W, 110,  952,   ,  64, NEQ,   40,   30,   30,   40, 1013,     ,  10,     ,    ,    ,    ,    ,321,  10,  MATTHEW   ,  33,    3, 1, 1, 1, 1,     16.6,   12.5,   13.8,   18.2,    2.0163,   2.0781,   2.0628,   2.0677,   2.0842, 114.9884, 114.9884, 114.9884, 114.9884
AL, 14, 2016100612,   , BEST, 192, 247N,  760W, 120,  937,   ,  34, NEQ,  160,  140,   70,  100, 1013,     ,  10,     ,    ,    ,    ,    ,321,  12,  MATTHEW   ,  34,    3, 1, 1, 1, 1,     39.7,   34.0,   15.7,   23.6,    1.9285,   2.0634,   2.0438,   1.9817,   2.0084, 125.5245, 125.5245, 125.5245, 125.5245
AL, 14, 2016100612,   , BEST, 192, 247N,  760W, 120,  937,   ,  50, NEQ,   70,   60,   40,   60, 1013,     ,  10,     ,    ,    ,    ,    ,321,  12,  MATTHEW   ,  34,    3, 1, 1, 1, 1,     20.6,   17.6,   12.4,   18.8,    1.9285,   1.9981,   1.9881,   1.9702,   1.9922, 125.5245, 125.5245, 125.5245, 125.5245
AL, 14, 2016100612,   , BEST, 192, 247N,  760W, 120,  937,   ,  64, NEQ,   40,   40,   30,   40, 1013,     ,  10,     ,    ,    ,    ,    ,321,  12,  MATTHEW   ,  34,    3, 1, 1, 1, 1,     14.4,   14.7,   12.0,   15.8,    1.9285,   1.9771,   1.9782,   1.9689,   1.9819, 125.5245, 125.5245, 125.5245, 125.5245
AL, 14, 2016100618,   , BEST, 198, 257N,  768W, 120,  937,   ,  34, NEQ,  160,  140,   80,  110, 1013,     ,  10,     ,    ,    ,    ,    ,324,  12,  MATTHEW   ,  35,    3, 1, 1, 1, 1,     40.2,   34.1,   18.5,   26.7,    1.9187,   2.0601,   2.0383,   1.9834,   2.0125, 125.2054, 125.2054, 125.2054, 125.2054
AL, 14, 2016100618,   , BEST, 198, 257N,  768W, 120,  937,   ,  50, NEQ,   70,   60,   40,   60, 1013,     ,  10,     ,    ,    ,    ,    ,324,  12,  MATTHEW   ,  35,    3, 1, 1, 1, 1,     20.6,   17.6,   12.4,   18.9,    1.9187,   1.9909,   1.9803,   1.9619,   1.9850, 125.2054, 125.2054, 125.2054, 125.2054
AL, 14, 2016100618,   , BEST, 198, 257N,  768W, 120,  937,   ,  64, NEQ,   50,   40,   30,   40, 1013,     ,  10,     ,    ,    ,    ,    ,324,  12,  MATTHEW   ,  35,    3, 1, 1, 1, 1,     18.3,   14.6,   12.0,   15.9,    1.9187,   1.9828,   1.9699,   1.9606,   1.9743, 125.2054, 125.2054, 125.2054, 125.2054
AL, 14, 2016100700,   , BEST, 204, 267N,  775W, 115,  937,   ,  34, NEQ,  170,  150,   80,  120, 1013,     ,  15,     ,    ,    ,    ,    ,328,  12,  MATTHEW   ,  36,    3, 1, 1, 1, 1,     40.9,   34.7,   17.1,   27.9,    1.7588,   1.9017,   1.8798,   1.8181,   1.8561, 119.8741, 119.8741, 119.8741, 119.8741
AL, 14, 2016100700,   , BEST, 204, 267N,  775W, 115,  937,   ,  50, NEQ,   70,   70,   50,   60, 1013,     ,  15,     ,    ,    ,    ,    ,328,  12,  MATTHEW   ,  36,    3, 1, 1, 1, 1,     19.6,   19.8,   15.0,   18.1,    1.7588,   1.8268,   1.8276,   1.8109,   1.8219, 119.8741, 119.8741, 119.8741, 119.8741
AL, 14, 2016100700,   , BEST, 204, 267N,  775W, 115,  937,   ,  64, NEQ,   50,   40,   30,   40, 1013,     ,  15,     ,    ,    ,    ,    ,328,  12,  MATTHEW   ,  36,    3, 1, 1, 1, 1,     17.7,   14.1,   11.7,   15.6,    1.7588,   1.8205,   1.8078,   1.7993,   1.8130, 119.8741, 119.8741, 119.8741, 119.8741
AL, 14, 2016100706,   , BEST, 210, 277N,  782W, 110,  939,   ,  34, NEQ,  170,  150,   80,  120, 1013,     ,  20,     ,    ,    ,    ,    ,328,  12,  MATTHEW   ,  37,    3, 1, 1, 1, 1,     39.5,   33.4,   16.4,   27.0,    1.6431,   1.7835,   1.7616,   1.7010,   1.7388, 114.3308, 114.3308, 114.3308, 114.3308
AL, 14, 2016100706,   , BEST, 210, 277N,  782W, 110,  939,   ,  50, NEQ,   70,   70,   50,   60, 1013,     ,  20,     ,    ,    ,    ,    ,328,  12,  MATTHEW   ,  37,    3, 1, 1, 1, 1,     19.1,   19.3,   14.8,   17.9,    1.6431,   1.7104,   1.7113,   1.6952,   1.7062, 114.3308, 114.3308, 114.3308, 114.3308
AL, 14, 2016100706,   , BEST, 210, 277N,  782W, 110,  939,   ,  64, NEQ,   50,   40,   30,   40, 1013,     ,  20,     ,    ,    ,    ,    ,328,  12,  MATTHEW   ,  37,    3, 1, 1, 1, 1,     17.6,   14.0,   11.8,   15.7,    1.6431,   1.7054,   1.6925,   1.6846,   1.6986, 114.3308, 114.3308, 114.3308, 114.3308
AL, 14, 2016100712,   , BEST, 216, 289N,  788W, 105,  944,   ,  34, NEQ,  170,  150,   80,  120, 1013,     ,  20,     ,    ,    ,    ,    ,336,  13,  MATTHEW   ,  38,    3, 1, 1, 1, 1,     40.7,   33.8,   16.7,   28.1,    1.5790,   1.7317,   1.7058,   1.6412,   1.6842, 108.2244, 108.2244, 108.2244, 108.2244
AL, 14, 2016100712,   , BEST, 216, 289N,  788W, 105,  944,   ,  50, NEQ,   80,   70,   60,   60, 1013,     ,  20,     ,    ,    ,    ,    ,336,  13,  MATTHEW   ,  38,    3, 1, 1, 1, 1,     23.1,   19.6,   18.8,   18.9,    1.5790,   1.6651,   1.6521,   1.6491,   1.6493, 108.2244, 108.2244, 108.2244, 108.2244
AL, 14, 2016100712,   , BEST, 216, 289N,  788W, 105,  944,   ,  64, NEQ,   50,   40,   35,   40, 1013,     ,  20,     ,    ,    ,    ,    ,336,  13,  MATTHEW   ,  38,    3, 1, 1, 1, 1,     18.4,   14.4,   14.6,   16.9,    1.5790,   1.6477,   1.6324,   1.6333,   1.6420, 108.2244, 108.2244, 108.2244, 108.2244
AL, 14, 2016100718,   , BEST, 222, 297N,  792W, 100,  946,   ,  34, NEQ,  170,  150,   80,  120, 1013,     ,  20,     ,    ,    ,    ,    ,336,   9,  MATTHEW   ,  39,    3, 1, 1, 1, 1,     41.1,   34.3,   16.3,   27.7,    1.5184,   1.6760,   1.6499,   1.5805,   1.6243, 104.5783, 104.5783, 104.5783, 104.5783
AL, 14, 2016100718,   , BEST, 222, 297N,  792W, 100,  946,   ,  50, NEQ,   80,   70,   60,   60, 1013,     ,  20,     ,    ,    ,    ,    ,336,   9,  MATTHEW   ,  39,    3, 1, 1, 1, 1,     23.5,   19.9,   18.7,   18.7,    1.5184,   1.6080,   1.5944,   1.5895,   1.5898, 104.5783, 104.5783, 104.5783, 104.5783
AL, 14, 2016100718,   , BEST, 222, 297N,  792W, 100,  946,   ,  64, NEQ,   50,   40,   35,   40, 1013,     ,  20,     ,    ,    ,    ,    ,336,   9,  MATTHEW   ,  39,    3, 1, 1, 1, 1,     19.0,   14.8,   14.7,   17.0,    1.5184,   1.5909,   1.5747,   1.5742,   1.5832, 104.5783, 104.5783, 104.5783, 104.5783
AL, 14, 2016100800,   , BEST, 228, 307N,  791W,  95,  949,   ,  34, NEQ,  180,  150,   80,  120, 1013,     ,  20,     ,    ,    ,    ,    ,  5,  10,  MATTHEW   ,  40,    3, 1, 1, 1, 1,     45.2,   33.0,   15.4,   28.2,    1.4079,   1.5849,   1.5364,   1.4675,   1.5176,  98.4211,  98.4211,  98.4211,  98.4211
AL, 14, 2016100800,   , BEST, 228, 307N,  791W,  95,  949,   ,  50, NEQ,   80,   70,   50,   50, 1013,     ,  20,     ,    ,    ,    ,    ,  5,  10,  MATTHEW   ,  40,    3, 1, 1, 1, 1,     24.4,   19.4,   14.7,   16.0,    1.4079,   1.5025,   1.4830,   1.4648,   1.4698,  98.4211,  98.4211,  98.4211,  98.4211
AL, 14, 2016100800,   , BEST, 228, 307N,  791W,  95,  949,   ,  64, NEQ,   50,   50,   30,   35, 1013,     ,  20,     ,    ,    ,    ,    ,  5,  10,  MATTHEW   ,  40,    3, 1, 1, 1, 1,     20.4,   18.9,   12.4,   16.2,    1.4079,   1.4871,   1.4811,   1.4559,   1.4708,  98.4211,  98.4211,  98.4211,  98.4211
AL, 14, 2016100806,   , BEST, 234, 316N,  791W,  85,  953,   ,  34, NEQ,  180,  160,   90,  130, 1013,     ,  20,     ,    ,    ,    ,    ,  0,   9,  MATTHEW   ,  41,    3, 1, 1, 1, 1,     43.0,   34.0,   16.8,   30.2,    1.1947,   1.3605,   1.3254,   1.2586,   1.3104,  87.7838,  87.7838,  87.7838,  87.7838
AL, 14, 2016100806,   , BEST, 234, 316N,  791W,  85,  953,   ,  50, NEQ,   80,   70,   50,   40, 1013,     ,  20,     ,    ,    ,    ,    ,  0,   9,  MATTHEW   ,  41,    3, 1, 1, 1, 1,     24.4,   19.2,   15.1,   12.8,    1.1947,   1.2878,   1.2678,   1.2518,   1.2430,  87.7838,  87.7838,  87.7838,  87.7838
AL, 14, 2016100806,   , BEST, 234, 316N,  791W,  85,  953,   ,  64, NEQ,   40,   40,   25,   30, 1013,     ,  20,     ,    ,    ,    ,    ,  0,   9,  MATTHEW   ,  41,    3, 1, 1, 1, 1,     17.2,   15.7,   11.6,   16.0,    1.1947,   1.2601,   1.2545,   1.2387,   1.2556,  87.7838,  87.7838,  87.7838,  87.7838
AL, 14, 2016100809,   , BEST, 237, 321N,  790W,  85,  957,   ,  34, NEQ,  180,  160,   90,  130, 1013,     ,  20,     ,    ,    ,    ,    , 10,  10,  MATTHEW   ,  42,    3, 1, 1, 1, 1,     48.2,   37.5,   18.5,   34.0,    1.2648,   1.4654,   1.4204,   1.3406,   1.4057,  87.2626,  87.2626,  87.2626,  87.2626
AL, 14, 2016100809,   , BEST, 237, 321N,  790W,  85,  957,   ,  50, NEQ,   80,   70,   50,   40, 1013,     ,  20,     ,    ,    ,    ,    , 10,  10,  MATTHEW   ,  42,    3, 1, 1, 1, 1,     26.9,   20.7,   16.0,   14.1,    1.2648,   1.3756,   1.3498,   1.3304,   1.3224,  87.2626,  87.2626,  87.2626,  87.2626
AL, 14, 2016100809,   , BEST, 237, 321N,  790W,  85,  957,   ,  64, NEQ,   40,   40,   25,   30, 1013,     ,  20,     ,    ,    ,    ,    , 10,  10,  MATTHEW   ,  42,    3, 1, 1, 1, 1,     18.7,   16.5,   12.0,   17.4,    1.2648,   1.3416,   1.3326,   1.3138,   1.3361,  87.2626,  87.2626,  87.2626,  87.2626
AL, 14, 2016100812,   , BEST, 240, 325N,  784W,  80,  963,   ,  34, NEQ,  190,  160,   90,  140, 1013,     ,  25,     ,    ,    ,    ,    , 52,  13,  MATTHEW   ,  43,    3, 1, 1, 1, 1,     61.7,   40.0,   18.0,   41.5,    1.2063,   1.4769,   1.3807,   1.2836,   1.3870,  80.5251,  80.5251,  80.5251,  80.5251
AL, 14, 2016100812,   , BEST, 240, 325N,  784W,  80,  963,   ,  50, NEQ,   70,   70,   60,   30, 1013,     ,  25,     ,    ,    ,    ,    , 52,  13,  MATTHEW   ,  43,    3, 1, 1, 1, 1,     28.7,   22.5,   19.6,   11.7,    1.2063,   1.3307,   1.3034,   1.2906,   1.2562,  80.5251,  80.5251,  80.5251,  80.5251
AL, 14, 2016100812,   , BEST, 240, 325N,  784W,  80,  963,   ,  64, NEQ,   30,   25,   20,    0, 1013,     ,  25,     ,    ,    ,    ,    , 52,  13,  MATTHEW   ,  43,    3, 1, 1, 1, 0,     19.7,   11.2,    9.4,    0.0,    1.2063,   1.2911,   1.2541,   1.2466,   1.2875,  80.5251,  80.5251,  80.5251,  80.5251
AL, 14, 2016100815,   , BEST, 243, 330N,  780W,  75,  967,   ,  34, NEQ,  190,  160,   90,  140, 1013,     ,  25,     ,    ,    ,    ,    , 34,  12,  MATTHEW   ,  44,    3, 1, 1, 1, 1,     63.3,   41.7,   19.7,   45.5,    1.1474,   1.4351,   1.3355,   1.2349,   1.3529,  75.3271,  75.3271,  75.3271,  75.3271
AL, 14, 2016100815,   , BEST, 243, 330N,  780W,  75,  967,   ,  50, NEQ,   70,   70,   60,   30, 1013,     ,  25,     ,    ,    ,    ,    , 34,  12,  MATTHEW   ,  44,    3, 1, 1, 1, 1,     29.9,   23.9,   22.5,   13.6,    1.1474,   1.2817,   1.2540,   1.2477,   1.2078,  75.3271,  75.3271,  75.3271,  75.3271
AL, 14, 2016100815,   , BEST, 243, 330N,  780W,  75,  967,   ,  64, NEQ,   30,   25,   20,    0, 1013,     ,  25,     ,    ,    ,    ,    , 34,  12,  MATTHEW   ,  44,    3, 1, 1, 1, 0,     22.3,   12.4,   12.0,    0.0,    1.1474,   1.2467,   1.2022,   1.2004,   1.2014,  75.3271,  75.3271,  75.3271,  75.3271
AL, 14, 2016100818,   , BEST, 246, 335N,  775W,  70,  973,   ,  34, NEQ,  190,  170,  100,  150, 1013,     ,  25,     ,    ,    ,    ,    , 40,  13,  MATTHEW   ,  45,    3, 1, 1, 1, 1,     73.2,   51.3,   25.3,   58.2,    1.1189,   1.4778,   1.3689,   1.2408,   1.4036,  69.3661,  69.3661,  69.3661,  69.3661
AL, 14, 2016100818,   , BEST, 246, 335N,  775W,  70,  973,   ,  50, NEQ,   60,   80,   30,   20, 1013,     ,  25,     ,    ,    ,    ,    , 40,  13,  MATTHEW   ,  45,    3, 1, 1, 1, 1,     30.6,   32.3,   11.4,   11.3,    1.1189,   1.2668,   1.2751,   1.1731,   1.1727,  69.3661,  69.3661,  69.3661,  69.3661
AL, 14, 2016100818,   , BEST, 246, 335N,  775W,  70,  973,   ,  64, NEQ,   25,   25,   25,    0, 1013,     ,  25,     ,    ,    ,    ,    , 40,  13,  MATTHEW   ,  45,    3, 1, 1, 1, 0,     25.0,   15.2,   19.9,    0.0,    1.1189,   1.3066,   1.1917,   1.2143,   1.1899,  71.3348,  69.3661,  69.3661,  69.3661
AL, 14, 2016100900,   , BEST, 252, 339N,  758W,  70,  981,   ,  34, NEQ,  190,  170,  120,  160, 1013,     ,  40,     ,    ,    ,    ,    , 74,  15,  MATTHEW   ,  46,    3, 1, 1, 1, 1,     96.4,   68.1,   40.4,   73.6,    1.3722,   1.9559,   1.7834,   1.6147,   1.8169,  68.7056,  68.7056,  68.7056,  68.7056
AL, 14, 2016100900,   , BEST, 252, 339N,  758W,  70,  981,   ,  50, NEQ,   70,   80,   90,   60, 1013,     ,  40,     ,    ,    ,    ,    , 74,  15,  MATTHEW   ,  46,    3, 1, 1, 1, 1,     48.5,   40.7,   45.3,   38.0,    1.3722,   1.6641,   1.6168,   1.6444,   1.6000,  68.7056,  68.7056,  68.7056,  68.7056
AL, 14, 2016100900,   , BEST, 252, 339N,  758W,  70,  981,   ,  64, NEQ,    0,    0,   40,    0, 1013,     ,  40,     ,    ,    ,    ,    , 74,  15,  MATTHEW   ,  46,    3, 0, 0, 1, 0,      0.0,    0.0,   28.6,    0.0,    1.3722,   1.4497,   1.4608,   1.5429,   1.4497,  68.7056,  68.7056,  68.7056,  68.7056
AL, 14, 2016100906,   , BEST, 258, 347N,  745W,  70,  983,   ,  34, NEQ,  200,  170,  150,  170, 1013,     ,  50,     ,    ,    ,    ,    , 53,  13,  MATTHEW   ,  47,    3, 1, 1, 1, 1,    104.7,   71.8,   62.0,   87.3,    1.4857,   2.1780,   1.9595,   1.8945,   2.0624,  69.2224,  69.2224,  69.2224,  69.2224
AL, 14, 2016100906,   , BEST, 258, 347N,  745W,  70,  983,   ,  50, NEQ,   60,   80,  110,   60, 1013,     ,  50,     ,    ,    ,    ,    , 53,  13,  MATTHEW   ,  47,    3, 1, 1, 1, 1,     38.1,   41.3,   63.2,   41.2,    1.4857,   1.7359,   1.7570,   1.9024,   1.7562,  69.2224,  69.2224,  69.2224,  69.2224
AL, 14, 2016100906,   , BEST, 258, 347N,  745W,  70,  983,   ,  64, NEQ,    0,    0,   50,    0, 1013,     ,  50,     ,    ,    ,    ,    , 53,  13,  MATTHEW   ,  47,    3, 0, 0, 1, 0,      0.0,    0.0,   39.9,    0.0,    1.4857,   1.5964,   1.6008,   1.7476,   1.5964,  69.2224,  69.2224,  69.2224,  69.2224
AL, 14, 2016100912,   , BEST, 264, 350N,  730W,  65,  984,   ,  34, NEQ,  200,  180,  180,  190, 1013,     ,  50,     ,    ,    ,    ,    , 76,  13,  MATTHEW   ,  48,    3, 1, 1, 1, 1,    112.0,   80.3,   77.9,  100.1,    1.3122,   2.0301,   1.8271,   1.8112,   1.9545,  63.9601,  63.9601,  63.9601,  63.9601
AL, 14, 2016100912,   , BEST, 264, 350N,  730W,  65,  984,   ,  50, NEQ,   50,   60,   90,   90, 1013,     ,  50,     ,    ,    ,    ,    , 76,  13,  MATTHEW   ,  48,    3, 1, 1, 1, 1,     40.8,   32.5,   50.1,   68.3,    1.3122,   1.5719,   1.5186,   1.6320,   1.7493,  63.9601,  63.9601,  63.9601,  63.9601
AL, 14, 2016100912,   , BEST, 264, 350N,  730W,  65,  984,   ,  64, NEQ,    0,    0,   50,    0, 1013,     ,  50,     ,    ,    ,    ,    , 76,  13,            ,  48,    3, 0, 0, 1, 0,      0.0,    0.0,   50.0,    0.0,    1.3122,   1.4480,   1.4480,   1.6967,   1.4480,  63.9601,  63.9601,  65.3864,  63.9601
