AL, 11, 2004091318,   , BEST,   0, 159N,  600W,  25, 1010, TD,   0,    ,    0,    0,    0,    0, 1013,    0,   0,  35,   0,    ,,, 278,   4,,   1
AL, 11, 2004091400,   , BEST,   0, 160N,  607W,  25, 1010, TD,   0,    ,    0,    0,    0,    0, 1013,    0,   0,  35,   0,    ,,, 278,   4,,   2
AL, 11, 2004091404,   , BEST,   0, 162N,  613W,  30, 1009, TD,   0,    ,    0,    0,    0,    0, 1013,,,,,,,, 289,   5,,   3
AL, 11, 2004091406,   , BEST,   0, 163N,  615W,  30, 1009, TD,   0,    ,    0,    0,    0,    0, 1013,    0,   0,  35,   0,    ,,, 297,   3,,   4
AL, 11, 2004091412,   , BEST,   0, 164N,  626W,  35, 1006, TS,  34, NEQ,   30,   30,   15,    0, 1013,    0,   0,  45,   0,    ,,, 276,   5,,   5
AL, 11, 2004091418,   , BEST,   0, 167N,  635W,  50,  996, TS,  34, NEQ,   35,   35,   35,   35, 1013,    0,   0,  55,   0,    ,,, 289,   5,,   6
AL, 11, 2004091418,   , BEST,   0, 167N,  635W,  50,  996, TS,  50, NEQ,   15,   15,   15,   15, 1013,    0,   0,  55,   0,    ,,, 289,   5,,   6
AL, 11, 2004091500,   , BEST,   0, 171N,  640W,  55,  996, TS,  34, NEQ,   35,   35,   35,   35, 1013,    0,   0,  60,   0,    ,,, 310,   3,,   7
AL, 11, 2004091500,   , BEST,   0, 171N,  640W,  55,  996, TS,  50, NEQ,   15,   15,   15,   15, 1013,    0,   0,  60,   0,    ,,, 310,   3,,   7
AL, 11, 2004091506,   , BEST,   0, 172N,  648W,  55,  994, TS,  34, NEQ,   35,   35,   35,   35, 1013,    0,   0,  65,   0,    ,,, 278,   4,,   8
AL, 11, 2004091506,   , BEST,   0, 172N,  648W,  55,  994, TS,  50, NEQ,   15,   15,   15,   15, 1013,    0,   0,  65,   0,    ,,, 278,   4,,   8
AL, 11, 2004091512,   , BEST,   0, 176N,  654W,  60,  991, TS,  34, NEQ,   50,   50,   50,   50, 1013,    0,   0,  75,   0,    ,,, 305,   4,,   9
AL, 11, 2004091512,   , BEST,   0, 176N,  654W,  60,  991, TS,  50, NEQ,   20,   20,   20,   20, 1013,    0,   0,  75,   0,    ,,, 305,   4,,   9
AL, 11, 2004091516,   , BEST,   0, 180N,  660W,  60,  991, TS,   0,    ,    0,    0,    0,    0, 1013,,,,,,,, 305,   5,,  10
AL, 11, 2004091518,   , BEST,   0, 181N,  662W,  60,  991, TS,  34, NEQ,   60,   60,   60,   60, 1013,    0,   0,  75,   0,    ,,, 298,   3,,  11
AL, 11, 2004091518,   , BEST,   0, 181N,  662W,  60,  991, TS,  50, NEQ,   20,   20,   20,   20, 1013,    0,   0,  75,   0,    ,,, 298,   3,,  11
AL, 11, 2004091600,   , BEST,   0, 185N,  671W,  60,  993, TS,  34, NEQ,   60,   30,   60,   60, 1013,    0,   0,  65,   0,    ,,, 295,   5,,  12
AL, 11, 2004091600,   , BEST,   0, 185N,  671W,  60,  993, TS,  50, NEQ,   20,   10,   20,   20, 1013,    0,   0,  65,   0,    ,,, 295,   5,,  12
AL, 11, 2004091606,   , BEST,   0, 186N,  678W,  60,  992, TS,  34, NEQ,   35,   20,   20,   35, 1013,    0,   0,  75,   0,    ,,, 279,   3,,  13
AL, 11, 2004091606,   , BEST,   0, 186N,  678W,  60,  992, TS,  50, NEQ,   15,    0,    0,   15, 1013,    0,   0,  75,   0,    ,,, 279,   3,,  13
AL, 11, 2004091611,   , BEST,   0, 186N,  683W,  70,  985, HU,   0,    ,    0,    0,    0,    0, 1013,,,,,,,, 270,   3,,  14
AL, 11, 2004091612,   , BEST,   0, 186N,  685W,  70,  984, HU,  34, NEQ,   35,   20,   20,   35, 1013,    0,   0,  85,   0,    ,,, 270,   6,,  15
AL, 11, 2004091612,   , BEST,   0, 186N,  685W,  70,  984, HU,  50, NEQ,   25,    0,    0,   25, 1013,    0,   0,  85,   0,    ,,, 270,   6,,  15
AL, 11, 2004091612,   , BEST,   0, 186N,  685W,  70,  984, HU,  64, NEQ,   20,    0,    0,   20, 1013,    0,   0,  85,   0,    ,,, 270,   6,,  15
AL, 11, 2004091618,   , BEST,   0, 188N,  690W,  65,  988, HU,  34, NEQ,   60,   60,   30,   60, 1013,    0,   0,  75,   0,    ,,, 293,   3,,  16
AL, 11, 2004091618,   , BEST,   0, 188N,  690W,  65,  988, HU,  50, NEQ,   30,   30,    0,   30, 1013,    0,   0,  75,   0,    ,,, 293,   3,,  16
AL, 11, 2004091618,   , BEST,   0, 188N,  690W,  65,  988, HU,  64, NEQ,   20,    0,    0,   20, 1013,    0,   0,  75,   0,    ,,, 293,   3,,  16
AL, 11, 2004091700,   , BEST,   0, 192N,  694W,  60,  990, TS,  34, NEQ,   60,   60,   30,   60, 1013,    0,   0,  75,   0,    ,,, 316,   3,,  17
AL, 11, 2004091700,   , BEST,   0, 192N,  694W,  60,  990, TS,  50, NEQ,   30,   30,   15,   30, 1013,    0,   0,  75,   0,    ,,, 316,   3,,  17
AL, 11, 2004091706,   , BEST,   0, 194N,  699W,  55,  990, TS,  34, NEQ,   60,   60,   30,   60, 1013,    0,   0,  75,   0,    ,,, 293,   3,,  18
AL, 11, 2004091706,   , BEST,   0, 194N,  699W,  55,  990, TS,  50, NEQ,   30,   30,   15,   30, 1013,    0,   0,  75,   0,    ,,, 293,   3,,  18
AL, 11, 2004091712,   , BEST,   0, 197N,  707W,  50,  990, TS,  34, NEQ,  175,  150,    0,   75, 1013,    0,   0,  65,   0,    ,,, 292,   4,,  19
AL, 11, 2004091712,   , BEST,   0, 197N,  707W,  50,  990, TS,  50, NEQ,  100,    0,    0,   50, 1013,    0,   0,  65,   0,    ,,, 292,   4,,  19
AL, 11, 2004091718,   , BEST,   0, 200N,  716W,  30, 1002, TD,   0,    ,    0,    0,    0,    0, 1013,    0,   0,  40,   0,    ,,, 290,   5,,  20
AL, 11, 2004091800,   , BEST,   0, 202N,  720W,  40, 1000, TS,  34, NEQ,   15,    0,    0,   15, 1013,    0,   0,  50,   0,    ,,, 298,   2,,  21
AL, 11, 2004091806,   , BEST,   0, 204N,  725W,  45, 1000, TS,  34, NEQ,   75,    0,    0,   20, 1013,    0,   0,  50,   0,    ,,, 293,   3,,  22
AL, 11, 2004091812,   , BEST,   0, 212N,  728W,  45, 1000, TS,  34, NEQ,   75,   50,    0,   20, 1013,    0,   0,  55,   0,    ,,, 341,   4,,  23
AL, 11, 2004091818,   , BEST,   0, 217N,  723W,  40, 1005, TS,  34, NEQ,   75,   75,    0,    0, 1013,    0,   0,  50,   0,    ,,,  43,   4,,  24
AL, 11, 2004091900,   , BEST,   0, 222N,  722W,  40, 1002, TS,  34, NEQ,   75,   75,    0,    0, 1013,    0,   0,  50,   0,    ,,,  11,   3,,  25
AL, 11, 2004091906,   , BEST,   0, 228N,  723W,  40, 1002, TS,  34, NEQ,   75,   75,    0,    0, 1013,    0,   0,  50,   0,    ,,, 351,   3,,  26
AL, 11, 2004091912,   , BEST,   0, 235N,  725W,  40, 1000, TS,  34, NEQ,   75,   75,    0,    0, 1013,    0,   0,  50,   0,    ,,, 345,   4,,  27
AL, 11, 2004091918,   , BEST,   0, 242N,  723W,  45,  996, TS,  34, NEQ,   75,   75,   75,   75, 1013,    0,   0,  55,   0,    ,,,  15,   4,,  28
AL, 11, 2004092000,   , BEST,   0, 248N,  721W,  50,  994, TS,  34, NEQ,   75,   75,   75,   75, 1013,    0,   0,  60,   0,    ,,,  17,   3,,  29
AL, 11, 2004092000,   , BEST,   0, 248N,  721W,  50,  994, TS,  50, NEQ,   25,   25,    0,    0, 1013,    0,   0,  60,   0,    ,,,  17,   3,,  29
AL, 11, 2004092006,   , BEST,   0, 255N,  720W,  55,  992, TS,  34, NEQ,   90,   75,   75,   75, 1013,    0,   0,  60,   0,    ,,,   7,   4,,  30
AL, 11, 2004092006,   , BEST,   0, 255N,  720W,  55,  992, TS,  50, NEQ,   60,   40,    0,    0, 1013,    0,   0,  60,   0,    ,,,   7,   4,,  30
AL, 11, 2004092012,   , BEST,   0, 266N,  717W,  60,  989, TS,  34, NEQ,   90,   80,   80,   80, 1013,    0,   0,  65,   0,    ,,,  14,   6,,  31
AL, 11, 2004092012,   , BEST,   0, 266N,  717W,  60,  989, TS,  50, NEQ,   60,   40,   40,   40, 1013,    0,   0,  65,   0,    ,,,  14,   6,,  31
AL, 11, 2004092018,   , BEST,   0, 272N,  714W,  75,  984, HU,  34, NEQ,   90,   80,   80,   90, 1013,    0,   0,  85,   0,    ,,,  24,   3,,  32
AL, 11, 2004092018,   , BEST,   0, 272N,  714W,  75,  984, HU,  50, NEQ,   60,   40,   50,   50, 1013,    0,   0,  85,   0,    ,,,  24,   3,,  32
AL, 11, 2004092018,   , BEST,   0, 272N,  714W,  75,  984, HU,  64, NEQ,   20,   20,   20,   20, 1013,    0,   0,  85,   0,    ,,,  24,   3,,  32
AL, 11, 2004092100,   , BEST,   0, 274N,  708W,  75,  982, HU,  34, NEQ,   90,   90,   90,   90, 1013,    0,   0,  90,   0,    ,,,  69,   3,,  33
AL, 11, 2004092100,   , BEST,   0, 274N,  708W,  75,  982, HU,  50, NEQ,   60,   60,   60,   60, 1013,    0,   0,  90,   0,    ,,,  69,   3,,  33
AL, 11, 2004092100,   , BEST,   0, 274N,  708W,  75,  982, HU,  64, NEQ,   20,   20,   20,   20, 1013,    0,   0,  90,   0,    ,,,  69,   3,,  33
AL, 11, 2004092106,   , BEST,   0, 276N,  702W,  75,  972, HU,  34, NEQ,   90,   90,   90,  105, 1013,    0,   0, 100,   0,    ,,,  69,   3,,  34
AL, 11, 2004092106,   , BEST,   0, 276N,  702W,  75,  972, HU,  50, NEQ,   60,   60,   60,   75, 1013,    0,   0, 100,   0,    ,,,  69,   3,,  34
AL, 11, 2004092106,   , BEST,   0, 276N,  702W,  75,  972, HU,  64, NEQ,   30,   30,   30,   45, 1013,    0,   0, 100,   0,    ,,,  69,   3,,  34
AL, 11, 2004092112,   , BEST,   0, 276N,  695W,  75,  972, HU,  34, NEQ,   90,   90,   90,  105, 1013,    0,   0, 100,   0,    ,,,  90,   3,,  35
AL, 11, 2004092112,   , BEST,   0, 276N,  695W,  75,  972, HU,  50, NEQ,   60,   60,   60,   70, 1013,    0,   0, 100,   0,    ,,,  90,   3,,  35
AL, 11, 2004092112,   , BEST,   0, 276N,  695W,  75,  972, HU,  64, NEQ,   30,   30,   30,   40, 1013,    0,   0, 100,   0,    ,,,  90,   3,,  35
AL, 11, 2004092118,   , BEST,   0, 274N,  692W,  75,  972, HU,  34, NEQ,   90,   90,   90,  105, 1013,    0,   0, 100,   0,    ,,, 127,   2,,  36
AL, 11, 2004092118,   , BEST,   0, 274N,  692W,  75,  972, HU,  50, NEQ,   60,   60,   60,   70, 1013,    0,   0, 100,   0,    ,,, 127,   2,,  36
AL, 11, 2004092118,   , BEST,   0, 274N,  692W,  75,  972, HU,  64, NEQ,   30,   30,   30,   40, 1013,    0,   0, 100,   0,    ,,, 127,   2,,  36
AL, 11, 2004092200,   , BEST,   0, 272N,  689W,  80,  972, HU,  34, NEQ,   90,   90,   90,  100, 1013,    0,   0, 100,   0,    ,,, 127,   2,,  37
AL, 11, 2004092200,   , BEST,   0, 272N,  689W,  80,  972, HU,  50, NEQ,   60,   60,   60,   70, 1013,    0,   0, 100,   0,    ,,, 127,   2,,  37
AL, 11, 2004092200,   , BEST,   0, 272N,  689W,  80,  972, HU,  64, NEQ,   30,   30,   30,   40, 1013,    0,   0, 100,   0,    ,,, 127,   2,,  37
AL, 11, 2004092206,   , BEST,   0, 268N,  687W,  85,  968, HU,  34, NEQ,  100,  100,  100,  110, 1013,    0,   0, 100,   0,    ,,, 156,   2,,  38
AL, 11, 2004092206,   , BEST,   0, 268N,  687W,  85,  968, HU,  50, NEQ,   60,   60,   60,   70, 1013,    0,   0, 100,   0,    ,,, 156,   2,,  38
AL, 11, 2004092206,   , BEST,   0, 268N,  687W,  85,  968, HU,  64, NEQ,   30,   30,   30,   40, 1013,    0,   0, 100,   0,    ,,, 156,   2,,  38
AL, 11, 2004092212,   , BEST,   0, 265N,  685W,  85,  968, HU,  34, NEQ,  100,  100,  100,  120, 1013,    0,   0, 105,   0,    ,,, 149,   2,,  39
AL, 11, 2004092212,   , BEST,   0, 265N,  685W,  85,  968, HU,  50, NEQ,   60,   60,   60,   70, 1013,    0,   0, 105,   0,    ,,, 149,   2,,  39
AL, 11, 2004092212,   , BEST,   0, 265N,  685W,  85,  968, HU,  64, NEQ,   30,   30,   30,   40, 1013,    0,   0, 105,   0,    ,,, 149,   2,,  39
AL, 11, 2004092218,   , BEST,   0, 262N,  688W,  85,  967, HU,  34, NEQ,  100,  100,  100,  120, 1013,    0,   0, 105,   0,    ,,, 222,   2,,  40
AL, 11, 2004092218,   , BEST,   0, 262N,  688W,  85,  967, HU,  50, NEQ,   60,   60,   60,   70, 1013,    0,   0, 105,   0,    ,,, 222,   2,,  40
AL, 11, 2004092218,   , BEST,   0, 262N,  688W,  85,  967, HU,  64, NEQ,   30,   30,   30,   40, 1013,    0,   0, 105,   0,    ,,, 222,   2,,  40
AL, 11, 2004092300,   , BEST,   0, 257N,  690W,  85,  966, HU,  34, NEQ,  100,  100,  100,  120, 1013,    0,   0, 105,   0,    ,,, 200,   3,,  41
AL, 11, 2004092300,   , BEST,   0, 257N,  690W,  85,  966, HU,  50, NEQ,   60,   60,   60,   70, 1013,    0,   0, 105,   0,    ,,, 200,   3,,  41
AL, 11, 2004092300,   , BEST,   0, 257N,  690W,  85,  966, HU,  64, NEQ,   30,   30,   30,   40, 1013,    0,   0, 105,   0,    ,,, 200,   3,,  41
AL, 11, 2004092306,   , BEST,   0, 255N,  693W,  85,  966, HU,  34, NEQ,  100,  100,  100,  120, 1013,    0,   0, 105,   0,    ,,, 234,   2,,  42
AL, 11, 2004092306,   , BEST,   0, 255N,  693W,  85,  966, HU,  50, NEQ,   60,   60,   60,   70, 1013,    0,   0, 105,   0,    ,,, 234,   2,,  42
AL, 11, 2004092306,   , BEST,   0, 255N,  693W,  85,  966, HU,  64, NEQ,   30,   30,   30,   40, 1013,    0,   0, 105,   0,    ,,, 234,   2,,  42
AL, 11, 2004092312,   , BEST,   0, 255N,  696W,  80,  966, HU,  34, NEQ,  100,  100,  100,  120, 1009,  175,  20, 110,   0,    ,,, 270,   1,,  43
AL, 11, 2004092312,   , BEST,   0, 255N,  696W,  80,  966, HU,  50, NEQ,   60,   60,   60,   70, 1009,  175,  20, 110,   0,    ,,, 270,   1,,  43
AL, 11, 2004092312,   , BEST,   0, 255N,  696W,  80,  966, HU,  64, NEQ,   30,   30,   30,   40, 1009,  175,  20, 110,   0,    ,,, 270,   1,,  43
AL, 11, 2004092318,   , BEST,   0, 258N,  700W,  75,  966, HU,  34, NEQ,  100,  100,  100,  120, 1013,    0,   0, 110,   0,    ,,, 310,   2,,  44
AL, 11, 2004092318,   , BEST,   0, 258N,  700W,  75,  966, HU,  50, NEQ,   60,   60,   60,   70, 1013,    0,   0, 110,   0,    ,,, 310,   2,,  44
AL, 11, 2004092318,   , BEST,   0, 258N,  700W,  75,  966, HU,  64, NEQ,   30,   30,   30,   40, 1013,    0,   0, 110,   0,    ,,, 310,   2,,  44
AL, 11, 2004092400,   , BEST,   0, 260N,  704W,  70,  966, HU,  34, NEQ,  100,  100,  100,  120, 1013,    0,   0, 110,   0,    ,,, 299,   2,,  45
AL, 11, 2004092400,   , BEST,   0, 260N,  704W,  70,  966, HU,  50, NEQ,   60,   60,   60,   70, 1013,    0,   0, 110,   0,    ,,, 299,   2,,  45
AL, 11, 2004092400,   , BEST,   0, 260N,  704W,  70,  966, HU,  64, NEQ,   30,   30,   30,   40, 1013,    0,   0, 110,   0,    ,,, 299,   2,,  45
AL, 11, 2004092406,   , BEST,   0, 261N,  712W,  75,  969, HU,  34, NEQ,  105,  105,  105,  120, 1013,    0,   0, 105,   0,    ,,, 278,   4,,  46
AL, 11, 2004092406,   , BEST,   0, 261N,  712W,  75,  969, HU,  50, NEQ,   70,   70,   70,   80, 1013,    0,   0, 105,   0,    ,,, 278,   4,,  46
AL, 11, 2004092406,   , BEST,   0, 261N,  712W,  75,  969, HU,  64, NEQ,   35,   30,   35,   40, 1013,    0,   0, 105,   0,    ,,, 278,   4,,  46
AL, 11, 2004092412,   , BEST,   0, 262N,  722W,  80,  969, HU,  34, NEQ,  120,  105,  105,  130, 1013,    0,   0, 105,   0,    ,,, 277,   5,,  47
AL, 11, 2004092412,   , BEST,   0, 262N,  722W,  80,  969, HU,  50, NEQ,   70,   70,   70,   80, 1013,    0,   0, 105,   0,    ,,, 277,   5,,  47
AL, 11, 2004092412,   , BEST,   0, 262N,  722W,  80,  969, HU,  64, NEQ,   35,   35,   35,   40, 1013,    0,   0, 105,   0,    ,,, 277,   5,,  47
AL, 11, 2004092418,   , BEST,   0, 264N,  731W,  85,  968, HU,  34, NEQ,  120,  105,  105,  130, 1013,    0,   0, 105,   0,    ,,, 284,   4,,  48
AL, 11, 2004092418,   , BEST,   0, 264N,  731W,  85,  968, HU,  50, NEQ,   70,   70,   70,   80, 1013,    0,   0, 105,   0,    ,,, 284,   4,,  48
AL, 11, 2004092418,   , BEST,   0, 264N,  731W,  85,  968, HU,  64, NEQ,   35,   35,   35,   40, 1013,    0,   0, 105,   0,    ,,, 284,   4,,  48
AL, 11, 2004092500,   , BEST,   0, 264N,  743W,  85,  964, HU,  34, NEQ,  180,  120,  105,  130, 1013,    0,   0, 105,   0,    ,,, 270,   6,,  49
AL, 11, 2004092500,   , BEST,   0, 264N,  743W,  85,  964, HU,  50, NEQ,  100,   70,   70,   80, 1013,    0,   0, 105,   0,    ,,, 270,   6,,  49
AL, 11, 2004092500,   , BEST,   0, 264N,  743W,  85,  964, HU,  64, NEQ,   60,   45,   45,   60, 1013,    0,   0, 105,   0,    ,,, 270,   6,,  49
AL, 11, 2004092506,   , BEST,   0, 265N,  756W,  90,  960, HU,  34, NEQ,  180,  120,  105,  130, 1013,    0,   0, 110,   0,    ,,, 275,   6,,  50
AL, 11, 2004092506,   , BEST,   0, 265N,  756W,  90,  960, HU,  50, NEQ,  100,   70,   70,   90, 1013,    0,   0, 110,   0,    ,,, 275,   6,,  50
AL, 11, 2004092506,   , BEST,   0, 265N,  756W,  90,  960, HU,  64, NEQ,   60,   45,   45,   60, 1013,    0,   0, 110,   0,    ,,, 275,   6,,  50
AL, 11, 2004092512,   , BEST,   0, 266N,  769W, 100,  957, HU,  34, NEQ,  180,  120,   75,  130, 1013,    0,   0, 110,   0,    ,,, 275,   6,,  51
AL, 11, 2004092512,   , BEST,   0, 266N,  769W, 100,  957, HU,  50, NEQ,  100,   70,   50,   90, 1013,    0,   0, 110,   0,    ,,, 275,   6,,  51
AL, 11, 2004092512,   , BEST,   0, 266N,  769W, 100,  957, HU,  64, NEQ,   60,   45,   30,   60, 1013,    0,   0, 110,   0,    ,,, 275,   6,,  51
AL, 11, 2004092514,   , BEST,   0, 267N,  773W, 100,  956, HU,   0,    ,    0,    0,    0,    0, 1013,,,,,,,, 286,   6,,  52
AL, 11, 2004092518,   , BEST,   0, 269N,  782W, 105,  952, HU,  34, NEQ,  180,  120,   85,  150, 1013,    0,   0, 120,   0,    ,,, 284,   6,,  53
AL, 11, 2004092518,   , BEST,   0, 269N,  782W, 105,  952, HU,  50, NEQ,  100,   70,   50,   90, 1013,    0,   0, 120,   0,    ,,, 284,   6,,  53
AL, 11, 2004092518,   , BEST,   0, 269N,  782W, 105,  952, HU,  64, NEQ,   60,   45,   30,   60, 1013,    0,   0, 120,   0,    ,,, 284,   6,,  53
