eastcoast_95d_ll_select.grd nodal attributes                                    
        5434
           2
primitive_weighting_in_continuity_equation                                      
unitless                                                                        
           1
  0.500000000E-02
mannings_n_at_sea_floor                                                         
unitless                                                                        
           1
  0.250000000E-01
primitive_weighting_in_continuity_equation                                      
         437
     14537    0.20000000E-01
     15847    0.20000000E-01
     15848    0.20000000E-01
     16124    0.20000000E-01
     16125    0.20000000E-01
     16129    0.20000000E-01
     16130    0.20000000E-01
     16194    0.20000000E-01
     16207    0.20000000E-01
     16428    0.20000000E-01
     16489    0.20000000E-01
     16491    0.20000000E-01
     16500    0.20000000E-01
     16501    0.20000000E-01
     16510    0.20000000E-01
     16511    0.20000000E-01
     16512    0.20000000E-01
     16525    0.20000000E-01
     16526    0.20000000E-01
     16527    0.20000000E-01
     16542    0.20000000E-01
     16732    0.20000000E-01
     16733    0.20000000E-01
     16734    0.20000000E-01
     16762    0.20000000E-01
     16763    0.20000000E-01
     16764    0.20000000E-01
     16765    0.20000000E-01
     16766    0.20000000E-01
     16767    0.20000000E-01
     16768    0.20000000E-01
     16773    0.20000000E-01
     16775    0.20000000E-01
     16777    0.20000000E-01
     16782    0.20000000E-01
     16783    0.20000000E-01
     16784    0.20000000E-01
     16786    0.20000000E-01
     16797    0.20000000E-01
     16984    0.20000000E-01
     16988    0.20000000E-01
     16989    0.20000000E-01
     16990    0.20000000E-01
     17004    0.20000000E-01
     17005    0.20000000E-01
     17006    0.20000000E-01
     17007    0.20000000E-01
     17008    0.20000000E-01
     17009    0.20000000E-01
     17010    0.20000000E-01
     17011    0.20000000E-01
     17013    0.20000000E-01
     17014    0.20000000E-01
     17015    0.20000000E-01
     17016    0.20000000E-01
     17017    0.20000000E-01
     17018    0.20000000E-01
     17025    0.20000000E-01
     17026    0.20000000E-01
     17210    0.20000000E-01
     17211    0.20000000E-01
     17212    0.20000000E-01
     17215    0.20000000E-01
     17217    0.20000000E-01
     17218    0.20000000E-01
     17220    0.20000000E-01
     17221    0.20000000E-01
     17222    0.20000000E-01
     17228    0.20000000E-01
     17229    0.20000000E-01
     17230    0.20000000E-01
     17417    0.20000000E-01
     17419    0.20000000E-01
     17420    0.20000000E-01
     17421    0.20000000E-01
     17422    0.20000000E-01
     17423    0.20000000E-01
     17425    0.20000000E-01
     17426    0.20000000E-01
     17434    0.20000000E-01
     17511    0.20000000E-01
     17517    0.20000000E-01
     17625    0.20000000E-01
     17626    0.20000000E-01
     17627    0.20000000E-01
     17628    0.20000000E-01
     17629    0.20000000E-01
     17720    0.20000000E-01
     17835    0.20000000E-01
     17836    0.20000000E-01
     17837    0.20000000E-01
     18035    0.20000000E-01
     18036    0.20000000E-01
     18037    0.20000000E-01
     18038    0.20000000E-01
     18039    0.20000000E-01
     18258    0.20000000E-01
     18259    0.20000000E-01
     18493    0.20000000E-01
     18494    0.20000000E-01
     18495    0.20000000E-01
     18505    0.20000000E-01
     18761    0.20000000E-01
     18779    0.20000000E-01
     19081    0.20000000E-01
     19180    0.20000000E-01
     19181    0.20000000E-01
     19407    0.20000000E-01
     19409    0.20000000E-01
     19516    0.20000000E-01
     19519    0.20000000E-01
     19774    0.20000000E-01
     19775    0.20000000E-01
     19776    0.20000000E-01
     19825    0.20000000E-01
     19828    0.20000000E-01
     19889    0.20000000E-01
     19892    0.20000000E-01
     19893    0.20000000E-01
     20146    0.20000000E-01
     20147    0.20000000E-01
     20148    0.20000000E-01
     20152    0.20000000E-01
     20153    0.20000000E-01
     20155    0.20000000E-01
     20204    0.20000000E-01
     20205    0.20000000E-01
     20206    0.20000000E-01
     20207    0.20000000E-01
     20208    0.20000000E-01
     20209    0.20000000E-01
     20210    0.20000000E-01
     20213    0.20000000E-01
     20283    0.20000000E-01
     20286    0.20000000E-01
     20541    0.20000000E-01
     20542    0.20000000E-01
     20543    0.20000000E-01
     20544    0.20000000E-01
     20545    0.20000000E-01
     20547    0.20000000E-01
     20548    0.20000000E-01
     20556    0.20000000E-01
     20557    0.20000000E-01
     20558    0.20000000E-01
     20559    0.20000000E-01
     20600    0.20000000E-01
     20601    0.20000000E-01
     20602    0.20000000E-01
     20603    0.20000000E-01
     20604    0.20000000E-01
     20605    0.20000000E-01
     20606    0.20000000E-01
     20607    0.20000000E-01
     20608    0.20000000E-01
     20609    0.20000000E-01
     20610    0.20000000E-01
     20611    0.20000000E-01
     20612    0.20000000E-01
     20613    0.20000000E-01
     20701    0.20000000E-01
     20703    0.20000000E-01
     20950    0.20000000E-01
     20951    0.20000000E-01
     20952    0.20000000E-01
     20953    0.20000000E-01
     20960    0.20000000E-01
     20961    0.20000000E-01
     20962    0.20000000E-01
     20963    0.20000000E-01
     20964    0.20000000E-01
     20965    0.20000000E-01
     20967    0.20000000E-01
     20974    0.20000000E-01
     21001    0.20000000E-01
     21003    0.20000000E-01
     21004    0.20000000E-01
     21005    0.20000000E-01
     21006    0.20000000E-01
     21008    0.20000000E-01
     21009    0.20000000E-01
     21010    0.20000000E-01
     21012    0.20000000E-01
     21014    0.20000000E-01
     21104    0.20000000E-01
     21107    0.20000000E-01
     21369    0.20000000E-01
     21371    0.20000000E-01
     21374    0.20000000E-01
     21375    0.20000000E-01
     21376    0.20000000E-01
     21378    0.20000000E-01
     21379    0.20000000E-01
     21402    0.20000000E-01
     21403    0.20000000E-01
     21404    0.20000000E-01
     21406    0.20000000E-01
     21407    0.20000000E-01
     21408    0.20000000E-01
     21418    0.20000000E-01
     21515    0.20000000E-01
     21516    0.20000000E-01
     21536    0.20000000E-01
     21787    0.20000000E-01
     21788    0.20000000E-01
     21789    0.20000000E-01
     21790    0.20000000E-01
     21791    0.20000000E-01
     21792    0.20000000E-01
     21814    0.20000000E-01
     21815    0.20000000E-01
     21818    0.20000000E-01
     21819    0.20000000E-01
     21820    0.20000000E-01
     21831    0.20000000E-01
     21832    0.20000000E-01
     21834    0.20000000E-01
     21886    0.20000000E-01
     21935    0.20000000E-01
     22211    0.20000000E-01
     22212    0.20000000E-01
     22213    0.20000000E-01
     22214    0.20000000E-01
     22215    0.20000000E-01
     22235    0.20000000E-01
     22236    0.20000000E-01
     22238    0.20000000E-01
     22240    0.20000000E-01
     22241    0.20000000E-01
     22242    0.20000000E-01
     22254    0.20000000E-01
     22255    0.20000000E-01
     22627    0.20000000E-01
     22628    0.20000000E-01
     22629    0.20000000E-01
     22630    0.20000000E-01
     22652    0.20000000E-01
     22653    0.20000000E-01
     22654    0.20000000E-01
     22655    0.20000000E-01
     22656    0.20000000E-01
     22665    0.20000000E-01
     23055    0.20000000E-01
     23056    0.20000000E-01
     23065    0.20000000E-01
     23077    0.20000000E-01
     23094    0.20000000E-01
     23160    0.20000000E-01
     23162    0.20000000E-01
     23496    0.20000000E-01
     23497    0.20000000E-01
     23512    0.20000000E-01
     23516    0.20000000E-01
     23520    0.20000000E-01
     23522    0.20000000E-01
     23523    0.20000000E-01
     23946    0.20000000E-01
     23947    0.20000000E-01
     23960    0.20000000E-01
     23966    0.20000000E-01
     23967    0.20000000E-01
     24378    0.20000000E-01
     24379    0.20000000E-01
     24380    0.20000000E-01
     24382    0.20000000E-01
     24389    0.20000000E-01
     24390    0.20000000E-01
     24391    0.20000000E-01
     24392    0.20000000E-01
     24760    0.20000000E-01
     24761    0.20000000E-01
     24762    0.20000000E-01
     24763    0.20000000E-01
     24765    0.20000000E-01
     24771    0.20000000E-01
     24774    0.20000000E-01
     24775    0.20000000E-01
     24777    0.20000000E-01
     24796    0.20000000E-01
     25117    0.20000000E-01
     25118    0.20000000E-01
     25119    0.20000000E-01
     25120    0.20000000E-01
     25122    0.20000000E-01
     25128    0.20000000E-01
     25130    0.20000000E-01
     25131    0.20000000E-01
     25135    0.20000000E-01
     25417    0.20000000E-01
     25420    0.20000000E-01
     25421    0.20000000E-01
     25427    0.20000000E-01
     25428    0.20000000E-01
     25429    0.20000000E-01
     25430    0.20000000E-01
     25431    0.20000000E-01
     25433    0.20000000E-01
     25441    0.20000000E-01
     25679    0.20000000E-01
     25680    0.20000000E-01
     25687    0.20000000E-01
     25688    0.20000000E-01
     25689    0.20000000E-01
     25690    0.20000000E-01
     25691    0.20000000E-01
     25692    0.20000000E-01
     25693    0.20000000E-01
     25694    0.20000000E-01
     25695    0.20000000E-01
     25697    0.20000000E-01
     25703    0.20000000E-01
     25940    0.20000000E-01
     25943    0.20000000E-01
     25947    0.20000000E-01
     25949    0.20000000E-01
     25950    0.20000000E-01
     25951    0.20000000E-01
     25952    0.20000000E-01
     25953    0.20000000E-01
     25954    0.20000000E-01
     25955    0.20000000E-01
     25956    0.20000000E-01
     25958    0.20000000E-01
     25959    0.20000000E-01
     25965    0.20000000E-01
     26204    0.20000000E-01
     26206    0.20000000E-01
     26207    0.20000000E-01
     26208    0.20000000E-01
     26209    0.20000000E-01
     26210    0.20000000E-01
     26211    0.20000000E-01
     26212    0.20000000E-01
     26213    0.20000000E-01
     26214    0.20000000E-01
     26215    0.20000000E-01
     26216    0.20000000E-01
     26217    0.20000000E-01
     26218    0.20000000E-01
     26219    0.20000000E-01
     26220    0.20000000E-01
     26221    0.20000000E-01
     26222    0.20000000E-01
     26223    0.20000000E-01
     26224    0.20000000E-01
     26463    0.20000000E-01
     26464    0.20000000E-01
     26467    0.20000000E-01
     26468    0.20000000E-01
     26469    0.20000000E-01
     26470    0.20000000E-01
     26471    0.20000000E-01
     26472    0.20000000E-01
     26473    0.20000000E-01
     26474    0.20000000E-01
     26475    0.20000000E-01
     26477    0.20000000E-01
     26478    0.20000000E-01
     26479    0.20000000E-01
     26480    0.20000000E-01
     26481    0.20000000E-01
     26482    0.20000000E-01
     26483    0.20000000E-01
     26484    0.20000000E-01
     26730    0.20000000E-01
     26732    0.20000000E-01
     26734    0.20000000E-01
     26735    0.20000000E-01
     26736    0.20000000E-01
     26737    0.20000000E-01
     26738    0.20000000E-01
     26740    0.20000000E-01
     26996    0.20000000E-01
     26997    0.20000000E-01
     26998    0.20000000E-01
     26999    0.20000000E-01
     27001    0.20000000E-01
     27002    0.20000000E-01
     27003    0.20000000E-01
     27004    0.20000000E-01
     27248    0.20000000E-01
     27249    0.20000000E-01
     27252    0.20000000E-01
     27253    0.20000000E-01
     27254    0.20000000E-01
     27255    0.20000000E-01
     27256    0.20000000E-01
     27257    0.20000000E-01
     27258    0.20000000E-01
     27259    0.20000000E-01
     27260    0.20000000E-01
     27261    0.20000000E-01
     27263    0.20000000E-01
     27265    0.20000000E-01
     27266    0.20000000E-01
     27267    0.20000000E-01
     27482    0.20000000E-01
     27483    0.20000000E-01
     27484    0.20000000E-01
     27485    0.20000000E-01
     27486    0.20000000E-01
     27487    0.20000000E-01
     27488    0.20000000E-01
     27489    0.20000000E-01
     27490    0.20000000E-01
     27492    0.20000000E-01
     27493    0.20000000E-01
     27494    0.20000000E-01
     27495    0.20000000E-01
     27716    0.20000000E-01
     27717    0.20000000E-01
     27718    0.20000000E-01
     27719    0.20000000E-01
     27720    0.20000000E-01
     27721    0.20000000E-01
     27722    0.20000000E-01
     27723    0.20000000E-01
     27724    0.20000000E-01
     27943    0.20000000E-01
     27944    0.20000000E-01
     27945    0.20000000E-01
     27946    0.20000000E-01
     27947    0.20000000E-01
     27948    0.20000000E-01
     28147    0.20000000E-01
     28148    0.20000000E-01
     28149    0.20000000E-01
     28333    0.20000000E-01
     28334    0.20000000E-01
     28335    0.20000000E-01
     28523    0.20000000E-01
     28524    0.20000000E-01
     28525    0.20000000E-01
     28710    0.20000000E-01
     28711    0.20000000E-01
     28907    0.20000000E-01
     28908    0.20000000E-01
mannings_n_at_sea_floor                                                         
           0
