FileFmt      1050624           0           0
NELG           58369        2590        2454
      -31066
       31127
       31179
      -31221
       31278
       31282
      -31380
      -31385
      -31405
       31412
       31446
       31508
       31514
       31546
      -31559
      -31560
       31576
       31584
      -31610
       31613
       31631
       31655
       31663
       31691
       31710
       31720
       31739
       31763
       31771
       31784
      -31792
       31804
       31810
      -31825
       31844
       31868
       31870
      -31896
       31902
       31911
       31923
       31924
       31926
       31932
       31934
       31956
       31964
      -31996
       32005
       32013
       32014
       32018
       32030
       32035
       32047
       32053
       32060
       32070
       32075
       32081
       32094
       32108
       32116
       32125
      -32132
       32135
       32136
       32144
       32145
       32156
       32157
       32160
       32166
       32180
       32187
       32188
       32189
       32230
       32235
       32237
       32243
      -32247
       32256
       32259
       32261
       32265
       32266
       32270
       32272
       32283
       32284
       32285
       32291
       32297
       32308
       32316
       32320
       32326
       32328
       32353
       32359
       32360
       32364
       32368
       32371
       32372
       32373
       32379
       32391
       32395
       32397
       32398
      -32406
       32407
       32408
       32409
       32416
      -32423
       32424
       32433
       32437
       32445
       32446
       32448
       32449
       32452
       32463
       32473
       32475
       32476
       32479
       32483
       32484
       32490
       32491
       32494
       32501
       32503
       32506
       32508
       32513
       32517
       32522
       32527
       32529
       32531
       32535
       32536
       32538
       32542
       32548
       32551
       32553
       32556
       32558
       32562
       32573
       32582
       32583
       32584
       32585
       32589
       32593
       32598
       32600
       32602
       32603
       32607
       32612
       32614
       32616
       32619
       32620
       32622
       32624
       32626
       32628
       32631
       32634
       32636
       32637
       32638
       32639
       32642
       32643
       32647
       32648
       32651
       32652
       32657
       32658
       32661
       32667
       32668
       32673
       32675
       32676
       32680
       32685
       32688
       32689
       32695
       32697
       32699
       32701
       32703
      -32704
       32706
       32712
       32713
       32718
       32722
       32723
       32725
       32726
       32728
       32730
       32731
       32732
       32735
       32741
       32742
       32743
       32745
       32747
       32751
       32755
       32757
       32759
       32762
       32764
       32767
       32770
       32771
       32772
       32775
       32777
       32778
       32785
       32787
       32788
       32789
       32791
       32796
      -32803
       32804
       32805
       32808
       32810
       32814
       32815
       32817
       32818
       32821
       32822
       32824
       32826
       32828
       32831
       32836
       32838
       32839
       32843
       32844
       32847
       32850
       32854
       32855
       32858
       32861
       32863
       32864
       32868
       32869
       32870
       32871
       32872
       32873
       32875
       32878
       32880
       32884
       32885
       32886
       32888
       32890
       32892
       32894
       32899
       32902
       32904
       32905
       32906
       32912
       32913
       32919
       32920
       32925
       32927
       32932
       32936
       32937
       32941
       32944
       32947
       32948
       32949
       32951
       32952
       32954
       32957
       32958
       32959
       32962
       32964
       32965
       32970
       32972
       32975
       32976
       32978
       32980
       32981
       32982
       32985
       32987
       32988
       32989
       32990
       32993
       32995
       32997
       33000
       33003
       33004
       33005
       33006
       33008
       33009
       33010
       33011
       33016
       33018
       33025
       33030
       33032
       33035
       33039
       33044
       33045
       33046
       33048
       33051
       33053
       33059
       33063
       33064
       33065
       33067
       33069
       33070
       33079
       33080
       33081
       33083
       33084
       33087
       33088
       33090
       33093
       33095
       33103
       33106
       33108
       33109
       33110
       33111
       33112
       33113
       33114
       33115
      -33118
       33120
       33121
       33122
       33129
       33131
       33137
       33140
       33144
       33148
       33151
       33156
       33157
       33169
       33174
       33175
       33176
       33177
       33178
       33179
       33182
       33183
       33185
       33186
       33187
       33191
       33192
       33193
       33194
       33195
       33196
       33199
       33203
       33204
       33205
       33210
       33212
       33217
       33218
       33219
       33221
       33229
       33234
       33236
       33237
       33241
       33243
       33244
       33246
       33249
       33250
       33253
       33254
       33257
       33260
       33268
       33271
       33272
       33274
       33275
       33281
       33282
       33283
       33289
       33297
       33300
       33302
       33303
       33304
       33305
       33306
       33309
       33313
       33315
       33317
       33318
       33320
       33322
       33323
       33324
       33326
       33327
       33330
       33337
       33340
       33342
       33343
       33348
       33350
       33352
       33353
      -33354
       33357
       33362
       33366
       33367
       33373
       33377
       33383
       33385
       33386
       33388
       33389
       33391
       33392
       33396
       33400
       33403
       33406
       33408
       33411
       33412
       33413
       33415
       33416
       33421
       33423
       33424
       33426
       33427
       33429
       33434
       33437
       33438
       33442
       33451
       33452
       33458
       33459
       33462
       33464
       33466
       33476
       33479
       33481
       33483
       33484
       33487
       33489
       33494
       33495
       33498
       33499
       33502
       33503
       33504
       33506
       33507
       33509
       33513
       33521
       33522
       33524
       33525
       33529
       33534
       33536
       33538
       33540
       33541
       33542
       33549
       33555
       33560
       33561
       33563
       33567
       33568
       33569
       33571
       33577
       33578
       33582
       33584
       33589
       33594
      -33595
       33596
       33599
       33602
       33603
       33605
       33606
       33611
       33612
       33617
       33620
       33622
       33624
       33625
       33628
       33633
       33634
       33639
       33644
       33646
       33647
       33649
       33653
       33654
       33659
       33662
       33663
       33665
       33668
       33676
       33677
       33678
       33681
       33682
       33686
       33688
       33692
       33694
       33695
       33696
       33700
       33701
       33708
       33709
       33712
       33718
       33719
       33720
       33722
       33724
       33727
       33730
       33732
       33739
       33742
       33743
       33756
       33758
       33761
       33762
       33763
       33765
       33766
       33767
       33771
       33774
       33779
       33793
       33794
       33795
       33796
       33798
       33805
       33808
       33810
      -33811
       33814
       33816
       33819
       33820
       33821
       33826
       33830
       33832
       33834
       33838
       33839
       33842
       33844
       33848
       33851
       33854
       33855
       33858
       33862
       33867
       33869
       33873
       33874
       33875
       33876
       33877
       33878
       33888
       33890
       33891
       33893
       33895
       33897
       33900
       33901
       33908
       33910
       33911
       33926
       33927
       33928
       33933
       33934
       33935
       33936
       33937
       33938
       33942
       33943
       33949
       33954
       33961
       33965
       33973
       33975
       33980
       33981
       33991
       33992
       33993
      -33994
       34001
       34002
       34003
       34005
       34009
       34010
       34012
       34016
       34017
       34024
       34027
       34028
       34032
       34033
       34034
       34035
       34050
       34051
       34056
       34057
       34061
       34063
       34073
       34076
       34079
       34083
       34093
       34094
       34096
       34100
       34103
       34105
       34112
       34113
       34118
       34119
       34125
       34131
       34132
       34136
       34138
       34140
       34146
      -34154
       34155
       34163
       34164
       34178
       34180
       34182
       34183
       34187
       34189
       34191
       34196
       34200
       34204
       34206
       34207
       34209
       34210
       34218
       34222
       34229
       34231
       34241
       34242
       34244
       34252
       34255
       34258
       34269
       34270
       34272
       34276
       34280
       34281
       34282
       34285
       34286
       34296
       34303
       34305
       34306
       34311
      -34326
       34329
       34332
       34333
       34335
       34337
       34338
       34341
       34342
       34344
       34346
       34353
       34363
       34365
       34367
       34370
       34374
       34381
       34383
       34388
       34392
       34393
       34403
       34410
       34411
       34423
       34428
       34430
       34443
       34447
       34450
       34453
       34455
       34456
       34457
       34466
       34469
       34471
       34473
       34477
       34478
       34479
       34480
      -34484
       34488
       34492
       34497
       34498
       34499
       34504
       34505
       34508
       34518
       34520
       34528
       34532
       34537
       34541
       34542
       34546
       34551
       34558
       34562
       34564
       34570
       34573
       34577
       34580
       34587
       34600
       34605
       34612
       34613
       34617
       34619
       34630
       34635
       34637
       34644
       34649
       34651
       34652
      -34654
       34656
       34669
       34676
       34678
       34686
       34689
       34701
       34706
       34708
       34711
       34715
       34722
       34723
       34730
       34738
       34746
       34749
       34750
       34757
       34759
       34762
       34769
       34771
       34773
       34785
       34786
       34791
       34797
       34805
       34811
       34824
       34825
       34826
       34828
       34830
       34833
       34842
       34854
       34858
       34863
       34865
      -34873
       34878
       34889
       34895
       34920
       34925
       34943
       34951
       34973
       34974
       34986
       34987
       34988
       34991
       34994
       35007
       35008
       35017
       35023
       35027
       35045
       35049
       35053
       35058
       35071
       35084
       35109
       35110
       35111
       35116
       35117
       35126
       35141
       35145
       35161
       35170
       35175
       35189
       35196
       35207
       35208
       35217
       35238
       35242
       35249
       35256
       35258
       35263
       35287
       35299
       35306
       35313
       35329
       35342
       35346
      -35347
       35352
       35360
       35375
       35376
       35380
       35389
       35394
       35396
       35403
       35406
       35411
       35417
       35455
       35459
       35462
       35464
       35467
       35475
       35482
       35483
       35491
       35492
       35495
       35496
       35505
       35506
       35512
       35520
       35522
       35524
       35526
       35529
       35531
       35533
       35564
       35571
       35574
       35577
       35583
       35588
       35592
       35596
       35600
       35602
       35604
       35606
       35611
       35612
       35613
       35624
       35626
       35632
      -35640
       35646
       35647
       35656
       35658
       35660
       35662
       35663
       35672
       35674
       35680
       35682
       35685
       35690
       35696
       35697
       35699
       35706
       35711
       35713
       35716
       35722
       35723
       35730
       35744
       35748
       35752
       35759
       35772
       35774
       35776
       35777
       35781
       35782
       35790
       35791
       35805
       35806
       35808
       35815
       35816
       35818
       35823
       35826
       35842
       35846
       35847
       35851
       35857
       35858
       35862
       35870
       35876
       35883
      -35886
       35888
       35902
       35903
       35906
       35909
       35911
       35917
       35918
       35919
       35920
       35923
       35937
       35939
       35946
       35951
       35952
       35962
       35963
       35967
       35974
       35982
       35990
       35993
       35994
       35995
       36004
       36005
       36016
       36019
       36020
       36035
       36040
       36049
       36051
       36052
      -36057
       36059
       36062
       36064
       36066
       36082
       36088
       36091
       36093
       36107
       36108
       36127
       36136
       36141
       36145
       36148
       36149
       36150
       36160
       36163
       36164
       36166
       36170
       36174
       36175
       36185
       36190
       36196
       36205
       36220
       36222
       36224
       36227
       36230
       36233
       36235
       36238
      -36246
       36254
       36259
       36267
       36268
       36271
       36291
       36295
       36301
       36305
       36308
       36314
       36315
       36318
       36320
       36325
       36345
       36346
       36350
       36352
       36355
       36356
       36362
       36364
       36366
       36367
       36370
       36377
      -36378
       36382
       36383
       36384
       36385
       36389
       36396
       36399
       36402
       36404
       36405
       36406
       36414
       36416
       36418
       36419
       36428
       36430
       36438
       36446
       36451
       36452
       36454
       36457
       36459
       36460
       36461
       36462
       36470
       36472
       36473
       36478
       36485
       36488
       36494
       36496
       36506
       36509
       36514
       36520
       36523
       36527
       36530
       36531
       36532
       36538
       36539
       36542
       36545
       36553
       36556
       36558
       36561
       36564
       36565
       36568
       36576
       36577
       36580
       36582
       36586
       36588
       36594
       36595
       36597
       36598
       36604
       36607
       36608
       36609
       36612
       36614
       36617
       36619
       36620
       36621
       36623
      -36626
       36630
       36631
       36632
       36633
       36634
       36635
       36637
       36647
       36650
       36659
       36665
       36666
       36672
       36678
       36680
       36681
       36682
       36684
       36686
       36690
       36691
       36692
       36694
       36699
       36707
       36708
       36710
       36711
       36714
       36718
      -36722
       36724
       36729
       36732
       36735
       36736
       36741
       36743
       36745
       36746
       36747
       36752
       36757
       36758
       36759
       36766
       36769
       36771
       36773
       36775
       36777
       36778
       36779
       36781
       36785
       36787
       36791
       36793
       36797
       36802
       36804
       36807
       36808
       36809
       36815
       36825
       36826
       36829
       36830
       36838
       36839
       36844
       36852
       36853
       36854
       36855
       36856
       36858
       36862
       36863
       36867
       36871
       36876
       36882
       36888
       36889
       36898
       36900
      -36901
       36902
       36904
       36906
       36908
       36914
       36916
       36917
       36922
       36923
       36927
       36928
       36929
       36931
       36941
       36943
       36944
       36955
       36959
       36961
       36964
       36966
       36967
       36968
       36971
       36974
       36977
       36978
       36979
       36980
       36989
       36993
       37001
       37002
       37005
       37009
       37010
       37012
       37013
       37015
       37016
       37021
      -37026
       37029
       37030
       37031
       37032
       37043
       37044
       37045
       37048
       37049
       37051
       37060
       37061
       37062
       37064
       37067
       37069
       37070
       37075
       37081
       37083
       37085
       37092
       37098
       37100
       37101
       37102
       37105
       37107
       37110
       37112
       37113
       37115
       37116
       37117
       37118
       37119
       37125
      -37129
       37133
       37137
       37140
       37143
       37144
       37150
       37153
       37160
       37165
       37166
       37168
       37170
       37171
       37172
       37173
       37175
       37178
       37180
       37182
       37185
       37188
       37195
       37197
       37200
       37203
       37213
       37214
       37219
       37226
       37227
       37230
       37231
       37236
       37237
       37239
       37246
       37248
       37249
       37253
       37254
       37258
       37260
       37265
       37266
       37268
       37269
       37270
       37277
       37280
       37281
       37284
       37286
      -37287
       37293
       37302
       37303
       37304
       37307
       37309
       37311
       37312
       37314
       37317
       37318
       37319
       37332
       37334
       37338
       37344
       37347
       37349
       37351
       37354
       37355
       37360
       37361
       37363
       37367
       37368
       37370
       37372
       37374
       37376
       37381
       37383
       37385
       37386
       37387
       37388
       37390
       37392
       37393
       37396
       37400
       37403
       37410
       37412
       37416
       37417
       37418
       37422
       37423
       37424
       37427
      -37429
       37430
       37433
       37438
       37439
       37441
       37443
       37445
       37446
       37447
       37449
       37450
       37451
       37452
       37454
       37458
       37459
       37460
       37461
       37463
       37468
       37474
       37475
       37477
       37478
       37480
       37483
       37487
       37489
       37490
       37491
       37492
       37496
       37497
       37498
       37499
       37500
       37501
       37505
       37509
       37510
      -37513
       37515
       37518
       37521
       37522
       37523
       37525
       37527
       37530
       37533
       37534
       37535
       37536
       37540
       37541
       37543
       37547
       37549
       37552
       37555
       37556
       37557
       37558
       37559
       37562
       37563
       37564
       37566
       37568
       37569
       37572
       37573
       37574
       37576
       37578
       37579
       37582
       37583
       37585
       37587
       37588
       37589
       37590
       37591
       37593
       37594
       37595
       37596
       37597
       37598
       37599
       37600
       37601
       37602
       37604
       37605
       37606
       37607
       37609
       37610
       37611
      -37612
       37613
       37614
       37617
       37618
       37620
       37621
       37624
       37625
       37627
       37628
       37629
       37630
       37631
       37633
       37636
       37637
       37638
       37639
       37640
       37641
       37642
       37643
       37648
       37650
       37651
       37654
       37655
       37656
       37657
       37660
       37661
       37663
       37664
       37669
       37670
       37671
       37675
       37676
       37678
       37679
       37681
       37682
       37683
       37687
       37689
      -37691
       37693
       37695
       37697
       37698
       37699
       37700
       37702
       37703
       37704
       37705
       37706
       37707
       37708
       37709
       37710
       37711
       37712
       37715
       37716
       37717
       37718
       37720
       37721
       37722
       37723
       37726
       37729
       37731
       37733
       37734
       37735
       37736
       37737
       37738
       37740
       37742
       37743
       37745
       37746
       37748
       37754
      -37755
       37756
       37758
       37761
       37762
       37763
       37764
       37767
       37768
       37769
       37771
       37772
       37773
       37774
       37775
       37776
       37777
       37778
       37779
       37780
       37782
       37783
       37786
       37789
       37790
       37792
       37793
       37796
       37797
       37799
       37800
       37801
       37802
       37803
       37804
       37805
       37808
       37809
       37810
       37811
       37812
       37813
       37815
       37816
       37817
       37819
       37820
       37822
       37823
       37826
       37827
       37828
       37830
       37831
       37833
       37839
       37840
       37844
       37845
       37846
       37848
       37851
       37852
       37853
       37854
       37855
       37857
       37858
       37859
       37860
       37861
       37862
       37867
       37869
       37870
       37872
      -37875
       37877
       37878
       37879
       37881
       37882
       37884
       37885
       37886
       37887
       37888
       37890
       37891
       37892
       37893
       37894
       37895
       37897
       37898
       37899
       37900
       37902
       37903
       37904
       37905
       37907
       37909
       37910
       37912
       37913
       37914
       37918
       37920
       37921
       37922
       37923
       37924
       37926
       37928
       37929
       37931
       37933
       37934
       37936
       37939
       37940
       37942
      -37943
       37946
       37947
       37949
       37950
       37952
       37953
       37954
       37956
       37959
       37960
       37961
       37962
       37963
       37967
       37970
       37971
       37975
       37976
       37977
       37980
       37981
       37982
       37983
       37985
       37987
       37990
       37991
       37992
       37993
       37994
       37995
       37999
       38002
       38003
       38004
       38005
       38009
       38011
       38012
       38015
       38016
       38018
       38019
       38020
       38023
       38027
       38029
       38030
       38034
       38035
       38037
       38038
       38040
       38041
       38042
       38045
       38050
       38051
       38055
       38056
       38057
       38059
       38062
       38063
       38064
       38066
       38069
       38070
       38071
       38072
       38076
       38077
       38080
       38082
       38085
       38086
       38087
       38093
       38095
       38097
       38098
       38100
       38101
       38102
       38103
       38105
       38107
       38108
       38112
       38113
       38115
       38116
       38117
       38119
       38121
       38124
       38129
       38130
       38131
       38132
       38135
       38137
       38140
       38141
       38142
       38144
       38145
       38147
       38148
       38154
       38155
       38157
       38165
       38166
       38171
       38175
       38177
       38179
       38183
       38186
       38190
       38191
       38192
       38193
       38200
       38205
       38206
       38211
       38212
       38213
       38216
       38217
       38218
       38220
       38221
       38223
       38227
       38229
       38231
       38232
       38233
       38234
       38236
       38238
       38241
       38242
       38244
       38245
       38247
       38250
       38252
       38254
       38258
       38259
       38260
       38261
       38263
       38266
       38270
       38271
       38273
       38275
       38279
       38280
       38281
       38285
       38286
       38291
       38292
       38295
       38296
       38297
       38299
       38300
       38301
       38302
       38303
       38305
       38307
       38308
       38310
       38314
       38315
       38317
       38319
       38320
       38322
       38323
       38324
       38327
       38342
       38343
       38344
       38347
       38349
       38353
       38354
       38355
       38356
       38360
       38361
       38362
       38367
       38370
       38374
       38378
       38380
       38381
       38382
       38384
       38385
       38387
       38389
       38392
       38393
       38394
       38397
       38398
       38399
       38400
       38404
       38410
       38413
       38414
       38415
       38420
       38424
       38428
       38430
       38432
       38435
       38436
       38437
       38444
       38447
       38449
       38450
       38452
       38454
       38455
       38457
       38458
       38459
       38462
       38463
       38464
       38465
       38466
       38467
       38469
       38473
       38475
       38476
       38478
       38482
       38484
       38491
       38492
       38493
       38495
       38497
       38500
       38502
       38503
       38505
       38506
       38507
       38508
       38509
       38511
       38512
       38514
       38518
       38519
       38521
       38523
       38524
       38526
       38531
       38533
       38534
       38535
       38536
       38543
       38544
       38546
       38547
       38549
       38551
       38556
       38560
       38561
       38563
       38566
       38571
       38572
       38575
       38576
       38582
       38586
       38588
       38589
       38590
       38591
       38594
       38596
       38597
       38598
       38599
       38600
       38601
       38602
       38604
       38607
       38612
       38614
       38615
       38617
       38622
       38623
       38624
       38628
       38632
       38634
       38635
       38637
       38643
       38645
       38649
       38656
       38664
       38665
       38675
       38677
       38678
       38679
       38681
       38685
       38686
       38687
       38689
       38690
       38700
       38702
       38714
       38716
       38719
       38720
       38723
       38726
       38727
       38734
       38736
       38738
       38739
       38740
       38741
       38742
       38743
       38755
       38756
       38761
       38766
       38770
       38772
       38773
       38775
       38776
       38781
       38782
       38783
       38785
       38788
       38793
       38794
       38796
       38797
       38798
       38799
       38807
       38812
       38813
       38814
       38816
       38818
       38819
       38820
       38821
       38827
       38828
       38830
       38831
       38837
       38838
       38844
       38847
       38849
       38850
       38852
       38859
       38864
       38877
       38884
       38885
       38894
       38896
       38900
       38901
       38905
       38906
       38909
       38911
       38919
       38923
       38924
       38928
       38931
       38933
       38937
       38939
       38943
       38945
       38947
       38949
       38950
       38953
       38958
       38962
       38965
       38967
       38971
       38972
       38986
       38992
       38993
       38997
       39004
       39005
       39009
       39010
       39011
       39012
       39014
       39015
       39017
       39018
       39021
       39026
       39027
       39028
       39029
       39031
       39036
       39038
       39039
       39048
       39049
       39057
       39058
       39060
       39061
       39062
       39063
       39067
       39069
       39072
       39073
       39074
       39077
       39078
       39079
       39082
       39088
       39090
       39091
       39097
       39104
       39107
       39109
       39111
       39115
       39117
       39120
       39121
       39123
       39124
       39126
       39127
       39130
       39136
       39138
       39146
       39147
       39150
       39151
       39165
       39167
       39168
       39169
       39171
       39174
       39177
       39182
       39192
       39197
       39203
       39205
       39208
       39210
       39217
       39222
       39224
       39225
       39227
       39236
       39238
       39241
       39244
       39245
       39247
       39249
       39251
       39254
       39265
       39267
       39275
       39285
       39292
       39297
       39298
       39303
       39312
       39323
       39324
       39341
       39354
       39377
       39432
       39444
       39484
       39486
       39501
       39509
       39552
       39565
       39585
       39592
       39595
       39616
       39625
       39638
       39640
       39645
       39650
       39658
       39664
       39665
       39672
       39677
       39681
       39683
       39685
       39702
       39703
       39705
       39707
       39716
       39718
       39719
       39721
       39734
       39735
       39740
       39741
       39748
       39749
       39752
       39755
       39757
       39766
       39770
       39776
       58111
       58112
       58113
       58114
       58115
       58116
       58117
       58118
       58119
       58120
       58121
       58122
       58123
       58124
       58125
       58126
       58127
       58128
       58129
       58130
       58131
       58132
       58133
       58134
       58135
       58136
       58137
       58138
       58139
       58140
       58141
       58142
       58143
       58144
       58145
       58146
       58147
       58148
       58149
       58150
       58151
NNODG          31435        1437        1399
       -1826
       -1941
       -1942
       -1947
       -1948
        1949
       -1951
        2069
       -2070
        2071
       -2072
       -2073
        2076
        2077
        2078
        2079
       -2080
       -2081
       -2087
        2210
        2211
        2212
        2213
        2214
        2215
       -2216
        2219
        2220
        2221
        2222
        2223
        2224
        2225
       -2231
        2359
        2360
        2361
        2362
        2363
        2364
        2365
       -2367
        2371
        2372
        2373
        2374
        2375
        2376
        2377
        2378
       -2385
        2386
        2503
        2504
        2505
        2506
        2507
        2508
        2509
        2510
       -2512
        2516
        2517
        2518
        2519
        2520
        2521
        2522
        2523
        2524
       -2531
        2532
        2655
        2656
        2657
        2658
        2659
        2660
        2661
        2662
        2663
       -2664
        2665
        2670
        2671
        2672
        2673
        2674
        2675
        2676
        2677
        2678
        2679
        2680
        2681
        2682
        2683
       -2687
        2691
        2692
        2820
        2821
        2822
        2823
        2824
        2825
        2826
        2827
        2828
        2829
        2830
        2831
        2832
        2833
       -2834
        2835
        2840
        2841
        2842
        2843
        2844
        2845
        2846
        2847
        2848
        2849
        2850
        2851
        2852
        2853
        2854
        2855
        2856
        2857
        2858
        2859
       -2862
        2863
        2867
        2868
        3007
        3008
        3009
        3010
        3011
        3012
        3013
        3014
        3015
        3016
        3017
        3018
        3019
        3020
        3021
        3022
        3023
        3024
        3025
       -3026
        3027
        3033
        3034
        3035
        3036
        3037
        3038
        3039
        3040
        3041
        3042
        3043
        3044
        3045
        3046
        3047
        3048
        3049
        3050
        3051
        3052
        3053
        3054
        3055
        3056
        3057
        3061
       -3062
        3063
        3066
        3067
        3195
        3196
        3197
        3198
        3199
        3200
        3201
        3202
        3203
        3204
        3205
        3206
        3207
        3208
        3209
        3210
        3211
        3212
        3213
        3214
       -3215
        3216
        3223
        3224
        3225
        3226
        3227
        3228
        3229
        3230
        3231
        3232
        3233
        3234
        3235
        3236
        3237
        3238
        3239
        3240
        3241
        3242
        3243
        3244
        3245
        3246
        3247
        3248
        3249
       -3253
        3254
        3257
        3258
        3261
        3262
        3372
        3373
        3374
        3375
        3376
        3377
        3378
        3379
        3380
        3381
        3382
        3383
        3384
        3385
        3386
        3387
        3388
        3389
        3390
        3391
       -3392
        3394
        3395
        3404
        3405
        3406
        3407
        3408
        3409
        3410
        3411
        3412
        3413
        3414
        3415
        3416
        3417
        3418
        3419
        3420
        3421
        3422
        3423
        3424
        3425
        3426
        3427
        3428
        3429
        3430
        3431
        3432
        3433
        3434
        3435
       -3439
        3441
        3445
        3446
        3447
        3450
        3558
        3559
        3560
        3561
        3562
        3563
        3564
        3565
        3566
        3567
        3568
        3569
        3570
        3571
        3572
        3573
        3574
        3575
        3576
        3577
        3578
        3579
       -3580
        3582
        3591
        3592
        3593
        3594
        3595
        3596
        3597
        3598
        3599
        3600
        3601
        3602
        3603
        3604
        3605
        3606
        3607
        3608
        3609
        3610
        3611
        3612
        3613
        3614
        3615
        3616
        3617
        3618
        3619
        3620
        3621
       -3627
        3629
        3634
        3635
        3636
        3637
        3640
        3755
        3756
        3757
        3758
        3759
        3760
        3761
        3762
        3763
        3764
        3765
        3766
        3767
        3768
        3769
        3770
        3777
        3778
        3779
        3780
        3781
        3782
        3783
        3784
        3785
        3786
        3787
        3788
        3789
        3790
        3791
        3792
        3793
        3794
        3795
        3796
        3797
        3798
        3799
        3800
        3801
        3802
        3803
       -3812
        3813
        3820
        3821
        3822
        3823
        3824
        3826
        3948
        3949
        3950
        3951
        3952
        3953
        3954
        3955
        3956
        3957
        3958
        3959
        3960
        3961
        3962
        3963
        3964
        3965
        3966
        3967
        3968
        3969
        3970
        3971
        3972
        3973
       -3983
        3984
        3993
        3994
        3995
        3996
        3997
        3998
        4000
        4128
        4129
        4130
        4131
        4132
        4133
        4134
        4135
        4136
        4137
        4138
        4139
        4140
        4141
        4142
        4143
        4144
        4145
       -4154
        4155
        4156
        4165
        4166
        4167
        4168
        4169
        4170
        4171
        4175
        4319
        4320
        4321
        4322
        4323
        4324
        4325
        4326
        4327
        4328
        4329
        4330
        4331
        4332
        4333
        4334
        4335
        4336
        4337
       -4348
        4349
        4350
        4351
        4352
        4362
        4363
        4364
        4365
        4366
        4367
        4368
        4369
        4373
        4374
        4375
        4528
        4529
        4530
        4531
        4532
        4533
        4534
        4535
        4536
        4537
        4538
        4539
       -4551
        4553
        4554
        4555
        4556
        4557
        4569
        4570
        4571
        4572
        4573
        4574
        4575
        4576
        4577
        4578
        4583
        4584
        4585
        4762
        4763
        4764
        4765
        4766
        4767
       -4782
        4784
        4785
        4786
        4787
        4788
        4789
        4790
        4808
        4809
        4810
        4811
        4812
        4813
        4814
        4815
        4816
        4817
        4818
        4819
        4820
        4821
        4828
        4829
        4830
        4831
        4832
        5020
        5021
        5022
       -5041
        5043
        5044
        5045
        5046
        5047
        5048
        5049
        5050
        5051
        5074
        5075
        5076
        5077
        5078
        5079
        5080
        5081
        5082
        5083
        5084
        5085
        5086
        5087
        5088
        5089
        5096
        5097
        5098
        5099
        5100
        5101
        5102
        5103
        5104
        5313
        5314
        5315
       -5333
        5337
        5338
        5339
        5340
        5341
        5342
        5343
        5344
        5345
        5346
        5347
        5348
        5349
        5378
        5379
        5380
        5381
        5382
        5383
        5384
        5385
        5386
        5387
        5388
        5389
        5399
        5400
        5401
        5402
        5403
        5404
        5405
        5406
        5407
        5408
        5409
        5410
        5647
        5648
       -5666
        5672
        5673
        5674
        5675
        5676
        5677
        5678
        5679
        5680
        5681
        5682
        5683
        5684
        5685
        5686
       -5687
        5688
        5689
        5722
        5723
        5724
        5725
        5726
        5727
        5728
        5729
        5730
        5731
        5732
        5744
        5745
        5746
        5747
        5748
        5749
        5750
        5751
        5752
        5753
        5754
        5755
        5756
        5757
        5758
        5759
        5760
        6018
        6019
        6045
        6046
        6047
        6048
        6049
        6050
        6051
        6052
        6053
        6054
        6055
        6056
        6057
        6058
        6059
        6060
        6061
        6062
        6063
        6064
        6065
        6066
       -6067
        6069
        6070
        6114
        6115
        6116
        6117
        6118
        6119
        6120
        6121
        6122
        6123
        6124
        6125
        6126
        6127
        6128
        6143
        6144
        6145
        6146
        6147
        6148
        6149
        6150
        6151
        6152
        6153
        6154
        6155
        6156
        6157
        6158
        6159
        6160
        6161
        6162
        6420
        6421
        6451
        6452
        6453
        6454
        6455
        6456
        6457
        6458
        6459
        6460
        6461
        6462
        6463
        6464
        6465
        6466
        6467
        6468
        6469
        6470
        6471
        6472
        6473
        6474
        6475
        6476
        6477
        6478
        6479
        6519
        6520
        6521
        6522
        6523
        6524
        6525
        6526
        6527
        6528
        6529
        6530
        6531
        6532
        6533
        6534
        6553
        6554
        6555
        6556
        6557
        6558
        6559
        6560
        6561
        6562
        6563
        6564
        6565
        6566
        6567
        6568
        6569
        6570
        6571
        6572
        6573
        6574
        6575
        6576
        6577
        6826
        6857
        6858
        6859
        6860
        6861
        6862
        6863
        6864
        6865
        6866
        6867
        6868
        6869
        6870
        6871
        6872
        6873
        6874
        6875
        6876
        6877
        6878
        6879
        6880
        6903
        6904
        6905
        6906
        6907
        6908
        6909
        6910
        6911
        6912
        6913
        6914
        6915
        6916
        6917
        6918
        6919
        6920
        6921
        6922
        6948
        6949
        6950
        6951
        6952
        6953
        6954
        6955
        6956
        6957
        6958
        6959
        6960
        6961
        6962
        6963
        6964
        6965
        6966
        6967
        6968
        6969
        6970
        6971
        6972
        6973
        6974
        6975
        6976
        7264
        7265
        7266
        7267
        7268
        7269
        7270
        7271
        7272
        7273
        7274
        7275
        7289
        7290
        7291
        7292
        7293
        7294
        7295
        7296
        7297
        7298
        7299
        7300
        7301
        7302
        7303
        7304
        7305
        7320
        7321
        7322
        7323
        7324
        7325
        7326
        7327
        7328
        7329
        7330
        7331
        7332
        7333
        7334
        7335
        7336
        7337
        7637
        7638
        7639
        7640
        7641
        7642
        7643
        7644
        7645
        7646
        7647
        7648
        7649
        7650
        7662
        7663
        7664
        7665
        7666
        7667
        7668
        7669
        7670
        7671
        7672
        7673
        7674
        7675
        7676
        7677
        7678
        7679
        7680
        7681
        7682
        7683
        7684
        7685
        7686
        7687
        7688
        7689
        7690
        7691
        7692
        7693
        7694
        8001
        8002
        8003
        8004
        8005
        8006
        8007
        8008
        8009
        8010
        8011
        8012
        8013
        8014
        8015
        8016
        8017
        8026
        8027
        8028
        8029
        8030
        8031
        8032
        8033
        8034
        8035
        8036
        8037
        8038
        8039
        8040
        8041
        8042
        8043
        8044
        8045
        8046
        8047
        8048
        8049
        8050
        8051
        8052
        8053
        8054
        8055
        8056
        8057
        8058
        8059
        8060
        8061
        8062
        8063
        8380
        8381
        8382
        8383
        8384
        8385
        8386
        8387
        8388
        8389
        8390
        8391
        8392
        8393
        8394
        8395
        8396
        8397
        8398
        8399
        8400
        8401
        8412
        8413
        8414
        8415
        8416
        8417
        8418
        8419
        8420
        8421
        8422
        8423
        8424
        8425
        8426
        8427
        8428
        8429
        8430
        8431
        8432
        8433
        8434
        8435
        8436
        8437
        8438
        8439
        8440
        8441
        8442
        8443
        8444
        8445
        8446
        8766
        8767
        8768
        8769
        8770
        8771
        8772
        8773
        8774
        8775
        8776
        8777
        8778
        8779
        8780
        8781
        8782
        8783
        8784
        8785
        8786
        8801
        8802
        8803
        8804
        8805
        8806
        8807
        8808
        8809
        8810
        8811
        8812
        8813
        8814
        8815
        8816
        8817
        8818
        8819
        8820
        8821
        8822
        8823
        8824
        8825
        8826
        8827
        8828
        8829
        8830
        8831
        8832
        8833
        8834
        8835
        8836
        9156
        9157
        9158
        9159
        9160
        9161
        9162
        9163
        9164
        9165
        9166
        9167
        9168
        9169
        9170
        9171
        9172
        9173
        9174
        9175
        9176
        9177
        9178
        9179
        9180
        9181
        9201
        9202
        9203
        9204
        9205
        9206
        9207
        9208
        9209
        9210
        9211
        9212
        9213
        9214
        9215
        9216
        9217
        9218
        9219
        9220
        9221
        9222
        9223
        9224
        9225
        9226
        9227
        9228
        9229
        9230
        9231
        9232
        9233
        9234
        9235
        9548
        9549
        9550
        9551
        9552
        9553
        9554
        9555
        9556
        9557
        9558
        9559
        9560
        9561
        9562
        9563
        9564
        9565
        9566
        9567
        9568
        9569
        9570
        9571
        9572
        9573
        9574
        9575
        9597
        9598
        9599
        9600
        9601
        9602
        9603
        9604
        9605
        9606
        9607
        9608
        9609
        9610
        9611
        9612
        9613
        9614
        9615
        9616
        9617
        9618
        9619
        9620
        9621
        9622
        9623
        9624
        9625
        9626
        9627
        9628
        9629
        9630
        9631
        9942
        9943
        9944
        9945
        9946
        9947
        9948
        9949
        9950
        9972
        9973
        9974
        9975
        9976
        9977
        9978
        9979
        9980
        9981
        9982
        9983
        9984
        9985
        9986
        9987
        9988
        9989
        9990
        9991
        9992
        9993
        9994
        9995
       10268
       10269
       10270
       10271
       10272
       10273
       10274
       10275
       10276
       10277
       10297
       10298
       10299
       10300
       10301
       10302
       10303
       10304
       10305
       10306
       10307
       10308
       10309
       10310
       10552
       10553
       10554
       10555
       10556
       10557
       10558
       10578
       10579
       10580
       10581
       10582
       10583
       10584
       10792
       10793
       10794
       10795
       10796
       10816
       10817
       10818
       10819
       10820
       11017
       11018
       11019
       11020
       11041
       11042
       11043
       11044
       11250
       11251
       11267
       11268
NFLUXF             0
NETA             103          37           0
NSTAE              0           0           0
NSTAV              0           0           0
NSTAM              0           0           0
NSTAC              0           0           0
RES NODE           3        1358
                   6           8          10          13          14          15
                  16          20          21          22          23          24
                  25          27          28          29          30          31
                  32          33          35          36          37          38
                  39          40          41          43          44          45
                  46          47          48          49          50          52
                  53          54          55          56          57          58
                  59          60          62          63          64          65
                  66          67          68          69          70          72
                  73          74          75          76          77          78
                  79          80          81          83          84          85
                  86          87          88          89          90          91
                  92          93          94          95          96          97
                  99         100         101         102         103         104
                 105         106         107         108         109         110
                 111         112         113         114         116         117
                 118         119         120         121         122         123
                 124         125         126         127         128         129
                 130         131         132         133         134         135
                 136         138         139         140         141         142
                 143         144         145         146         147         148
                 149         150         151         152         153         154
                 155         156         157         158         159         161
                 162         163         164         165         166         167
                 168         169         170         171         172         173
                 174         175         176         177         178         179
                 180         181         182         183         184         185
                 186         187         189         190         191         192
                 193         194         195         196         197         198
                 199         200         201         202         203         204
                 205         206         207         208         209         210
                 211         213         214         215         216         217
                 218         219         220         221         222         223
                 224         225         226         227         228         229
                 230         231         232         233         234         235
                 236         237         238         239         240         242
                 243         244         245         246         247         248
                 249         250         251         252         253         254
                 255         256         257         258         259         260
                 261         262         263         264         265         266
                 268         269         270         271         272         273
                 274         275         276         277         278         279
                 280         281         282         283         284         285
                 286         287         288         289         290         291
                 292         293         294         295         296         297
                 298         299         300         301         303         304
                 305         306         307         308         309         310
                 311         312         313         314         315         316
                 317         318         319         320         321         322
                 323         324         325         326         327         328
                 329         331         332         333         334         335
                 336         337         338         339         340         341
                 342         343         344         345         346         347
                 348         349         350         351         352         353
                 354         355         356         357         358         359
                 360         361         362         364         365         366
                 367         368         369         370         371         372
                 373         374         375         376         377         378
                 379         380         381         382         383         384
                 385         386         387         388         389         390
                 391         392         393         394         395         396
                 397         398         399         400         401         402
                 403         404         405         406         407         408
                 409         410         411         412         414         415
                 416         417         418         419         420         421
                 422         423         424         425         426         427
                 428         429         430         431         432         433
                 434         435         436         437         438         439
                 440         441         442         443         444         445
                 446         448         449         450         451         452
                 453         454         455         456         457         458
                 459         460         461         462         463         464
                 465         466         467         468         469         470
                 471         472         473         475         476         477
                 478         479         480         481         482         483
                 484         485         486         487         488         489
                 490         491         492         493         494         495
                 496         497         498         499         500         501
                 502         503         505         506         507         508
                 509         510         511         512         513         514
                 515         516         517         518         519         520
                 521         522         523         524         525         526
                 527         528         529         530         531         533
                 534         535         536         537         538         539
                 540         541         542         543         544         545
                 546         547         548         549         550         551
                 552         553         554         555         556         558
                 559         560         561         562         563         564
                 565         566         567         568         569         570
                 571         572         573         574         575         576
                 577         578         579         580         581         582
                 583         584         585         586         588         589
                 590         591         592         593         594         595
                 596         597         598         599         600         601
                 602         603         604         605         606         607
                 608         609         610         611         612         613
                 614         615         616         617         618         619
                 620         621         622         623         624         626
                 627         628         629         630         631         632
                 633         634         635         636         637         638
                 639         640         641         642         643         644
                 645         646         647         648         649         650
                 651         652         653         654         655         656
                 657         658         659         660         661         662
                 663         664         666         667         668         669
                 670         671         672         673         674         675
                 676         677         678         679         680         682
                 683         684         685         686         687         688
                 689         690         691         692         693         694
                 695         696         697         698         699         700
                 701         702         703         704         705         706
                 707         708         709         710         711         712
                 713         714         715         716         717         718
                 719         720         721         722         723         724
                 725         726         727         728         729         730
                 731         732         733         734         735         737
                 738         739         740         741         742         743
                 744         745         746         747         748         749
                 750         751         752         753         754         755
                 756         757         758         759         760         761
                 762         763         764         765         766         767
                 768         769         770         771         772         773
                 774         775         776         777         778         779
                 780         781         782         783         784         785
                 786         787         788         789         790         791
                 792         793         794         795         796         797
                 798         799         800         801         802         803
                 804         805         806         807         808         809
                 810         811         812         813         814         815
                 816         817         818         819         820         821
                 822         823         824         825         826         827
                 828         829         830         831         832         833
                 834         835         836         837         838         839
                 840         841         842         843         844         845
                 846         847         848         849         850         851
                 852         853         854         855         856         857
                 858         859         860         861         862         863
                 864         865         866         867         868         869
                 870         871         872         873         874         875
                 876         877         878         879         880         881
                 882         883         884         885         886         887
                 888         889         890         891         892         893
                 894         895         896         897         898         899
                 900         901         902         903         904         905
                 906         907         908         909         910         911
                 912         913         914         915         916         917
                 918         919         920         921         922         923
                 924         925         926         927         928         929
                 930         931         932         933         934         935
                 936         937         938         939         940         941
                 942         943         944         945         946         947
                 948         949         950         951         952         953
                 954         955         956         957         958         959
                 960         961         962         963         964         965
                 966         967         968         969         970         971
                 972         973         974         975         976         977
                 978         979         980         981         982         983
                 984         985         986         987         988         989
                 990         991         992         993         994         995
                 996         997         998         999        1000        1001
                1002        1003        1004        1005        1006        1007
                1008        1009        1010        1011        1012        1013
                1014        1015        1016        1017        1018        1019
                1020        1021        1022        1023        1024        1025
                1026        1027        1028        1029        1030        1031
                1032        1033        1034        1035        1036        1037
                1038        1039        1040        1041        1042        1043
                1044        1045        1046        1047        1048        1049
                1050        1051        1052        1053        1054        1055
                1056        1057        1058        1059        1060        1061
                1062        1063        1064        1065        1066        1067
                1068        1069        1070        1071        1072        1073
                1074        1075        1076        1077        1078        1079
                1080        1081        1082        1083        1084        1085
                1086        1087        1088        1089        1090        1091
                1092        1093        1094        1095        1096        1097
                1098        1099        1100        1101        1102        1103
                1104        1105        1106        1107        1108        1109
                1110        1111        1112        1113        1114        1115
                1116        1117        1118        1119        1120        1121
                1122        1123        1124        1125        1126        1127
                1128        1129        1130        1131        1132        1133
                1134        1135        1136        1137        1138        1139
                1140        1141        1142        1143        1144        1145
                1146        1147        1148        1149        1150        1151
                1152        1153        1154        1155        1156        1157
                1158        1159        1160        1161        1162        1163
                1164        1165        1166        1167        1168        1169
                1170        1171        1172        1173        1174        1175
                1176        1177        1178        1179        1180        1181
                1182        1183        1184        1185        1186        1187
                1188        1189        1190        1191        1192        1193
                1194        1195        1196        1197        1198        1199
                1200        1201        1202        1203        1204        1205
                1206        1207        1208        1209        1210        1211
                1212        1213        1214        1215        1216        1217
                1218        1219        1220        1221        1222        1223
                1224        1225        1226        1227        1228        1229
                1230        1231        1232        1233        1234        1235
                1236        1237        1238        1239        1240        1241
                1242        1243        1244        1245        1246        1247
                1248        1249        1250        1251        1252        1253
                1254        1255        1256        1257        1258        1259
                1260        1261        1262        1263        1264        1265
                1266        1267        1268        1269        1270        1271
                1272        1273        1274        1275        1276        1277
                1278        1279        1280        1281        1282        1283
                1284        1285        1286        1287        1288        1289
                1290        1291        1292        1293        1294        1295
                1296        1297        1298        1299        1300        1301
                1302        1303        1304        1305        1306        1307
                1308        1309        1310        1311        1312        1313
                1314        1315        1316        1317        1318        1319
                1320        1321        1322        1323        1324        1325
                1326        1327        1328        1329        1330        1331
                1332        1333        1334        1335        1336        1337
                1338        1339        1340        1341        1342        1343
                1344        1345        1346        1347        1348        1349
                1350        1351        1352        1353        1354        1355
                1356        1357        1358        1359        1360        1361
                1362        1363        1364        1365        1366        1367
                1368        1369        1370        1371        1372        1373
                1374        1375        1376        1377        1378        1379
                1380        1381        1382        1383        1384        1385
                1386        1387        1388        1389        1390        1391
                1392        1393        1394        1395        1396        1397
                1398        1399
COMM PE            3
RECV PE            0          15
                 188         241         302         363         413         447
                 474         504         532         557         587         625
                 665         681         736
RECV PE            1           9
                   7          17          18          19          34          51
                  71          98         137
RECV PE            5          17
                   1           2           3           4           5           9
                  11          12          26          42          61          82
                 115         160         212         267         330
SEND PE            0          14
                 187         242         303         364         414         448
                 476         508         537         564         596         637
                 682         737
SEND PE            1          11
                  13          27          32          33          50          52
                  72          99         100         138         187
SEND PE            5          17
                   6           8          10          13          14          22
                  24          25          40          59          80          83
                 114         159         211         266         329
