FileFmt      1050624           0           0
NELG           58369        2590        2500
       29298
       29302
       29307
       29329
       29353
       29358
       29379
       29381
       29393
       29405
       29424
       29435
       29441
       29442
       29447
       29465
       29467
       29473
       29477
       29493
       29509
       29514
       29515
       29516
       29524
       29525
       29526
       29534
       29538
       29540
       29544
       29549
       29550
       29564
       29575
       29581
       29592
       29596
       29599
       29601
       29603
       29606
       29607
       29611
       29612
       29613
       29615
       29620
       29621
       29623
       29628
       29629
       29645
       29646
       29647
       29648
       29652
       29653
       29654
       29655
       29674
       29676
       29679
       29685
       29686
       29687
       29693
       29695
       29697
       29698
       29699
       29707
       29708
       29710
       29711
       29713
       29717
       29719
       29727
       29730
       29731
       29735
       29740
       29749
       29750
       29753
       29757
       29759
       29764
       29768
       29770
       29772
       29774
       29780
       29782
       29784
       29785
       29786
       29789
       29792
       29796
       29798
       29799
       29800
       29806
       29809
       29817
       29819
       29822
       29824
       29829
       29834
       29838
       29839
       29841
       29843
       29850
       29853
       29855
       29856
       29858
       29860
       29861
       29863
       29867
       29869
       29871
       29872
       29874
       29883
       29889
       29890
       29891
       29895
       29896
       29899
       29903
       29905
       29907
       29908
       29909
       29911
       29915
       29916
       29917
       29920
       29924
       29927
       29928
       29930
       29932
       29933
       29934
       29937
       29939
       29940
       29943
       29946
       29947
       29951
       29955
       29957
       29958
       29960
       29961
       29962
       29966
       29968
       29969
       29970
       29974
       29979
       29981
       29982
       29985
       29990
       29991
       29993
       29995
       30003
       30008
       30013
       30014
       30015
       30016
       30017
       30019
       30020
       30021
       30022
       30023
       30025
       30027
       30030
       30036
       30038
       30039
       30048
       30049
       30052
       30053
       30057
       30058
       30059
       30061
       30062
       30063
       30064
       30069
       30070
       30076
       30077
       30079
       30080
       30081
       30084
       30086
       30087
       30088
       30091
       30092
       30093
       30094
       30095
       30099
       30101
       30104
       30110
       30113
       30116
       30120
       30122
       30124
       30125
       30129
       30130
       30133
       30135
       30136
       30137
       30140
       30142
       30143
       30144
       30145
       30150
       30151
       30152
       30153
       30156
       30159
       30163
       30165
       30166
       30169
       30170
       30172
       30173
       30175
       30178
       30183
       30186
       30187
       30189
       30191
       30193
       30194
       30196
       30199
       30201
       30204
       30208
       30212
       30213
       30214
       30215
       30216
       30217
       30222
       30225
       30226
       30228
       30231
       30235
       30237
       30246
       30247
       30256
       30258
       30261
       30263
       30264
       30268
       30269
       30271
       30273
       30277
       30279
       30280
       30281
       30283
       30285
       30286
       30287
       30288
       30294
       30299
       30301
       30311
       30313
       30314
       30316
       30317
       30318
       30320
       30324
       30326
       30327
       30329
       30330
       30331
       30335
       30336
       30339
       30344
       30345
       30347
       30349
       30354
       30359
       30365
       30366
       30369
       30372
       30374
       30375
       30376
       30388
       30393
       30396
       30398
       30401
       30402
       30403
       30404
       30405
       30406
       30407
       30411
       30412
       30422
       30424
       30425
       30426
       30427
       30428
       30431
       30439
       30442
       30446
       30448
       30449
       30451
       30452
       30455
       30457
       30459
       30460
       30464
       30467
       30471
       30473
       30476
       30481
       30482
       30486
       30491
       30493
       30495
       30496
       30497
       30498
       30500
       30501
       30502
       30507
       30511
       30512
       30513
       30516
       30517
       30521
       30523
       30526
       30528
       30530
       30535
       30540
       30542
       30545
       30548
       30549
       30551
       30552
       30553
       30554
       30561
       30573
       30574
       30575
       30577
       30578
       30579
       30580
       30582
       30583
       30584
       30587
       30591
       30592
       30599
       30602
       30606
       30613
       30617
       30618
       30620
       30627
       30628
       30630
       30634
       30637
       30639
       30640
       30647
       30649
       30652
       30655
       30658
       30659
       30664
       30665
       30669
       30671
       30673
       30677
       30681
       30683
       30688
       30690
       30696
       30697
       30701
       30702
       30703
       30704
       30705
       30706
       30709
       30710
       30713
       30714
       30717
       30720
       30725
       30727
       30734
       30737
       30739
       30740
       30748
       30759
       30760
       30761
       30765
       30766
       30773
       30775
       30777
       30779
       30785
       30787
       30788
       30789
       30793
       30794
       30796
       30798
       30805
       30809
       30810
       30811
       30814
       30815
       30817
       30824
       30827
       30830
       30834
       30842
       30845
       30846
       30849
       30851
       30852
       30853
       30857
       30861
       30863
       30864
       30869
       30870
       30872
       30873
       30875
       30881
       30882
       30883
       30895
       30896
       30898
       30900
       30901
       30905
       30907
       30910
       30915
       30921
       30928
       30931
       30938
       30940
       30943
       30945
       30951
       30954
       30956
       30957
       30960
       30963
       30966
       30968
       30970
       30973
       30975
       30980
       30983
       30986
       30992
       30996
       31000
       31003
       31004
       31006
       31008
       31009
       31012
       31014
       31022
       31025
       31026
       31028
       31032
       31038
       31039
       31040
       31044
       31047
       31048
       31051
       31053
       31061
       31064
       31068
       31069
       31070
       31074
       31076
       31079
       31083
       31084
       31086
       31089
       31094
       31095
       31098
       31101
       31104
       31109
       31112
       31113
       31115
       31116
       31117
       31126
       31129
       31137
       31141
       31146
       31148
       31151
       31153
       31161
       31162
       31164
       31166
       31169
       31172
       31173
       31175
       31177
       31181
       31182
       31191
       31192
       31196
       31197
       31198
       31199
       31200
       31201
       31206
       31208
       31215
       31225
       31226
       31227
       31231
       31234
       31235
       31240
       31245
       31250
       31251
       31254
       31256
       31266
       31267
       31268
       31270
       31271
       31274
       31276
       31286
       31289
       31294
       31295
       31297
       31299
       31300
       31301
       31303
       31307
       31309
       31313
       31315
       31317
       31319
       31321
       31322
       31328
       31331
       31334
       31335
       31338
       31341
       31342
       31350
       31352
       31355
       31356
       31360
       31362
       31363
       31368
       31369
       31371
       31374
       31375
       31377
       31379
       31381
       31382
       31386
       31388
       31392
       31397
       31400
       31402
       31408
       31409
       31411
       31415
       31418
       31419
       31420
       31423
       31425
       31428
       31430
       31436
       31439
       31440
       31442
       31443
       31445
       31449
       31450
       31452
       31457
       31467
       31468
       31473
       31477
       31478
       31479
       31481
       31482
       31486
       31495
       31496
       31498
       31502
       31503
       31509
       31510
       31511
       31513
       31515
       31516
       31518
       31519
       31520
       31521
       31526
       31527
       31528
       31530
       31535
       31543
       31545
       31551
       31552
       31554
       31561
       31562
       31564
       31566
       31571
       31574
       31575
       31579
       31583
       31585
       31586
       31589
       31590
       31594
       31599
       31604
       31605
       31609
       31611
       31615
       31616
       31617
       31618
       31619
       31623
       31627
       31636
       31637
       31640
       31643
       31644
       31647
       31651
       31659
       31661
       31665
       31667
       31672
       31673
       31678
       31682
       31685
       31686
       31687
       31688
       31690
       31692
       31693
       31696
       31704
       31705
       31715
       31717
       31726
       31729
       31730
       31735
       31736
       31737
       31741
       31743
       31744
       31746
       31749
       31758
       31761
       31766
       31768
       31769
       31773
       31775
       31777
       31782
       31786
       31790
       31794
       31796
       31798
       31799
       31803
       31808
       31809
       31817
       31819
       31821
       31823
       31828
       31834
       31838
       31840
       31841
       31843
       31848
       31852
       31853
       31854
       31855
       31859
       31860
       31869
       31889
       31893
       31895
       31899
       31903
       31904
       31906
       31907
       31910
       31912
       31915
       31921
       31922
       31930
       31933
       31935
       31937
       31938
       31940
       31950
       31955
       31957
       31959
       31960
       31961
       31966
       31968
       31975
       31978
       31980
       31983
       31986
       31990
       31993
       31994
       31999
       32007
       32008
       32009
       32010
       32012
       32019
       32020
       32026
       32032
       32034
       32040
       32045
       32051
       32052
       32054
       32067
       32069
       32071
       32076
       32077
       32078
       32079
       32084
       32090
       32101
       32110
       32118
       32120
       32124
       32127
       32128
       32131
       32140
       32143
       32146
       32149
       32163
       32164
       32168
       32173
       32179
       32183
       32190
       32191
       32193
       32194
       32195
       32197
       32198
       32201
       32208
       32210
       32216
       32222
       32223
       32224
       32226
       32232
       32233
       32239
       32258
       32263
       32268
       32271
       32277
       32278
       32286
       32287
       32288
       32290
       32295
       32301
       32305
       32307
       32309
       32311
       32319
       32329
       32330
       32331
       32334
       32345
       32347
       32350
       32351
       32356
       32357
       32374
       32381
       32382
       32383
       32385
       32386
       32387
       32389
       32401
       32405
       32415
       32418
       32422
       32426
       32428
       32429
       32431
       32432
       32436
       32442
       32447
       32450
       32453
       32460
       32470
       32478
       32480
       32486
       32488
       32499
       32502
       32510
       32519
       32520
       32526
       32528
       32533
       32534
       32537
       32541
       32547
       32557
       32559
       32569
       32572
       32576
       32577
       32580
       32586
       32587
       32588
       32590
       32601
       32609
       32618
       32625
       32640
       32654
       32655
       32674
       32678
       32679
       32683
       32687
       32690
       32694
       32698
       32705
       32708
       32709
       32716
       32719
       32729
       32740
       32748
       32750
       32758
       32763
       32766
       32769
       32780
       32781
       32786
       32794
       32797
       32798
       32802
       32806
       32807
       32816
       32841
       32842
       32845
       32856
       32859
       32866
       32867
       32876
       32889
       32897
       32900
       32903
       32907
       32914
       32915
       32917
       32921
       32929
       32934
       32935
       32942
       32955
       32969
       32977
       32984
       32991
       33007
       33013
       33014
       33019
       33022
       33024
       33026
       33033
       33040
       33041
       33047
       33061
       33074
       33075
       33077
       33082
       33096
       33100
       33116
       33117
       33128
       33134
       33138
       33143
       33146
       33149
       33154
       33162
       33163
       33173
       33197
       33207
       33208
       33223
       33225
       33230
       33240
       33242
       33247
       33252
       33261
       33263
       33265
       33269
       33273
       33277
       33279
       33296
       33298
       33310
       33311
       33319
       33325
       33331
       33332
       33335
       33336
       33338
       33339
       33341
       33346
       33347
       33356
       33365
       33378
       33380
       33397
       33402
       33404
       33405
       33407
       33409
       33414
       33443
       33444
       33445
       33447
       33454
       33456
       33468
       33469
       33472
       33475
       33477
       33480
       33485
       33505
       33508
       33515
       33518
       33520
       33523
       33539
       33543
       33544
       33553
       33554
       33562
       33572
       33574
       33580
       33581
       33587
       33592
       33601
       33604
       33608
       33613
       33630
       33641
       33643
       33650
       33656
       33658
       33673
       33675
       33679
       33685
       33689
       33691
       33699
       33702
       33710
       33716
       33717
       33725
       33738
       33741
       33744
       33749
       33750
       33752
       33754
       33757
       33776
       33784
       33785
       33787
       33797
       33800
       33806
       33809
       33815
       33817
       33818
       33822
       33827
       33831
       33840
       33841
       33849
       33856
       33861
       33871
       33883
       33884
       33902
       33904
       33907
       33916
       33917
       33939
       33948
       33950
       33957
       33958
       33960
       33962
       33963
       33964
       33966
       33968
       33970
       33971
       33972
       33974
       34004
       34007
       34018
       34023
       34026
       34030
       34031
       34037
       34043
       34044
       34048
       34053
       34058
       34064
       34067
       34068
       34075
       34078
       34084
       34091
       34095
       34098
       34104
       34106
       34110
       34116
       34128
       34130
       34135
       34137
       34141
       34144
       34151
       34153
       34156
       34157
       34160
       34167
       34169
       34174
       34185
       34186
       34188
       34192
       34197
       34208
       34217
       34230
       34232
       34233
       34235
       34247
       34256
       34261
       34263
       34275
       34277
       34283
       34290
       34293
       34300
       34313
       34317
       34319
       34322
       34325
       34331
       34334
       34345
       34347
       34354
       34355
       34357
       34358
       34360
       34366
       34375
       34376
       34378
       34389
       34400
       34401
       34402
       34409
       34414
       34415
       34418
       34426
       34434
       34439
       34442
       34448
       34460
       34464
       34467
       34487
       34491
       34514
       34515
       34519
       34522
       34524
       34529
       34530
       34543
       34545
       34547
       34554
       34555
       34575
       34576
       34584
       34585
       34588
       34592
       34597
       34601
       34602
       34614
       34621
       34627
       34628
       34636
       34641
       34648
       34650
       34659
       34661
       34665
       34671
       34685
       34687
       34693
       34695
       34700
       34704
       34709
       34713
       34714
       34720
       34721
       34727
       34743
       34748
       34751
       34755
       34801
       34802
       34814
       34819
       34835
       34853
       34860
       34861
       34868
       34870
       34880
       34884
       34891
       34902
       34904
       34914
       34915
       34919
       34924
       34930
       34932
       34940
       34944
       34952
       34957
       34961
       34962
       34963
       34968
       34971
       34992
       34997
       35003
       35010
       35022
       35028
       35041
       35050
       35051
       35054
       35057
       35060
       35070
       35099
       35101
       35108
       35119
       35133
       35136
       35139
       35153
       35159
       35172
       35173
       35192
       35197
       35201
       35229
       35233
       35236
       35245
       35253
       35259
       35280
       35283
       35286
       35298
       35321
       35322
       35330
       35333
       35337
       35338
       35339
       35349
       35357
       35365
       35385
       35404
       35419
       35431
       35435
       35439
       35448
       35460
       35470
       35479
       35484
       35487
       35508
       35527
       35530
       35542
       35543
       35546
       35547
       35553
       35567
       35580
       35593
       35603
       35609
       35615
       35636
       35637
       35639
       35641
       35650
       35669
       35676
       35681
       35693
       35698
       35718
       35732
       35734
       35735
       35742
       35763
       35779
       35786
       35787
       35788
       35789
       35796
       35801
       35819
       35820
       35822
       35830
       35838
       35843
       35860
       35863
       35864
       35869
       35872
       35874
       35905
       35927
       35933
       35941
       35943
       35949
       35950
       35972
       35976
       35983
       35984
       35989
       36002
       36007
       36011
       36012
       36025
       36027
       36046
       36050
       36055
       36068
       36074
       36095
       36110
       36116
       36118
       36119
       36122
       36128
       36142
       36143
       36153
       36171
       36178
       36179
       36192
       36199
       36214
       36219
       36228
       36248
       36251
       36266
       36269
       36275
       36285
       36286
       36290
       36294
       36304
       36306
       36319
       36322
       36330
       36331
       36334
       36343
       36354
       36357
       36373
       36374
       36390
       36400
       36409
       36411
       36429
       36431
       36442
       36444
       36455
       36456
       36458
       36467
       36471
       36482
       36487
       36502
       36515
       36518
       36521
       36522
       36533
       36534
       36549
       36570
       36579
       36584
       36599
       36601
       36605
       36610
       36641
       36660
       36661
       36673
       36676
       36677
       36687
       36701
       36739
       36756
       36767
       36774
       36783
       36794
       36798
       36822
       36831
       36860
       36861
       36865
       36872
       36893
       36894
       36895
       36912
       36926
       36930
       36934
       36970
       36972
       36976
       36986
       37000
       37011
       37034
       37038
       37042
       37071
       37073
       37080
       37091
       37114
       37120
       37121
       37127
       37132
       37141
       37156
       37169
       37177
       37187
       37189
       37206
       37208
       37209
       37212
       37222
       37229
       37263
       37267
       37275
       37291
       37297
       37316
       37327
       37345
       37357
       37364
       37379
       37391
       37409
       37413
       37415
       37456
       37470
       37471
       37472
       37473
       37479
       37524
       37528
       37553
       37567
       37584
       37592
       37626
       37644
       37652
       37662
       37667
       37696
       37727
       37744
       37751
       37760
       37788
       37798
       37821
       37850
       37863
       37866
       37919
       37927
       37964
       37972
       38000
       38010
       38014
       38032
       38033
       38083
       38094
       38122
       38136
       38153
       38189
       38226
       38239
       38253
       38284
       38309
       38336
       38357
       38395
       38407
       38429
       38487
       38490
       38499
       38527
       38541
       38553
       38603
       38610
       38625
       38631
       38650
       38698
       38706
       38710
       38760
       38777
       38789
       38800
       38823
       38841
       38863
       38879
       38883
       38969
       38982
       38988
       38991
       39024
       39033
       39053
       39068
       39087
       39113
       39134
       39141
       39178
       39181
       39183
       39185
       39201
       39218
       39220
       39226
       39228
       39229
       39230
       39231
       39239
       39269
       39270
       39272
       39284
       39325
       39349
       39357
       39380
       39382
       39390
       39399
       39401
       39402
       39408
       39416
       39443
       39445
       39448
       39470
       39471
       39487
       39499
       39507
       39513
       39521
       39528
       39541
       39546
       39547
       39548
       39554
       39559
       39566
       39567
       39568
       39570
       39577
       39597
       39598
       39601
       39602
       39606
       39608
       39614
       39615
       39617
       39619
       39622
       39624
       39628
       39629
       39631
       39632
       39633
       39635
       39639
       39641
       39644
       39646
       39648
       39649
       39652
       39653
       39655
       39656
       39657
       39660
       39661
       39662
       39663
       39666
       39667
       39670
       39671
       39673
       39675
       39676
       39678
       39682
       39686
       39687
       39689
       39690
       39693
       39694
       39695
       39696
       39697
       39699
       39701
       39706
       39708
       39709
       39710
       39711
       39712
       39714
       39715
       39717
       39722
       39723
       39724
       39725
       39726
       39727
       39728
       39729
       39730
       39731
       39732
       39733
       39737
       39738
       39739
       39742
       39743
       39744
       39745
       39746
       39747
       39750
       39751
       39753
       39754
       39758
       39759
       39760
       39761
       39762
       39764
       39768
       39771
       39773
       39774
       39775
       39777
       39778
       39779
       39780
       39782
       39783
       39784
       39785
       39786
       39787
       39788
       39789
       39790
       39791
       39792
       39793
       39794
       39795
       39796
       39797
       39799
       39800
       39802
       39804
       39805
       39807
       39808
       39811
       39813
       39814
       39815
       39816
       39818
       39819
       39820
       39821
       39822
       39824
       39825
       39826
       39827
       39828
       39830
       39832
       39833
       39834
       39835
       39836
       39837
       39838
       39840
       39841
       39842
       39843
       39845
       39847
       39848
       39849
       39850
       39851
       39852
       39853
       39854
       39855
       39856
       39857
       39858
       39859
       39860
       39861
       39862
       39863
       39864
       39865
       39867
       39868
       39869
       39870
       39871
       39872
       39873
       39874
       39875
       39876
       39877
       39880
       39881
       39882
       39884
       39885
       39886
       39887
       39888
       39890
       39892
       39894
       39895
       39896
       39897
       39898
       39899
       39900
       39901
       39902
       39904
       39905
       39906
       39907
       39908
       39910
       39911
       39912
       39914
       39915
       39916
       39917
       39918
       39919
       39921
       39922
       39923
       39924
       39925
       39926
       39927
       39928
       39929
       39930
       39931
       39933
       39934
       39935
       39936
       39938
       39939
       39940
       39941
       39942
       39945
       39946
       39947
       39948
       39949
       39950
       39951
       39952
       39953
       39954
       39955
       39958
       39959
       39960
       39961
       39962
       39964
       39965
       39966
       39967
       39968
       39970
       39971
       39972
       39973
       39974
       39975
       39976
       39977
       39978
       39979
       39980
       39981
       39984
       39985
       39986
       39987
       39988
       39989
       39990
       39991
       39992
       39993
       39994
       39995
       39996
       39997
       39998
       39999
       40000
       40001
       40002
       40003
       40004
       40006
       40007
       40008
       40010
       40011
       40013
       40015
       40016
       40017
       40018
       40019
       40020
       40022
       40023
       40026
       40027
       40028
       40029
       40030
       40031
       40032
       40033
       40034
       40036
       40037
       40038
      -40040
       40041
       40043
       40044
       40045
       40046
       40048
       40050
       40051
       40052
      -40054
       40055
       40056
       40057
       40058
       40059
       40061
       40062
       40063
       40064
       40065
       40067
       40068
      -40070
       40071
      -40072
       40073
       40075
       40076
       40077
       40079
       40080
      -40081
       40082
       40083
       40084
       40085
       40086
       40087
       40088
       40089
       40090
      -40091
       40092
      -40093
       40094
       40095
      -40097
       40098
       40099
       40100
       40102
       40103
       40107
       40108
       40109
      -40110
       40111
       40112
       40113
       40114
       40115
       40116
       40117
       40118
      -40119
       40120
       40121
       40122
       40123
      -40124
       40125
       40126
       40129
       40130
       40132
       40133
      -40135
      -40136
       40137
       40138
       40139
       40140
      -40141
       40143
      -40144
       40145
       40146
       40147
       40148
       40149
       40150
      -40151
       40152
       40154
       40155
       40156
       40157
       40159
       40160
       40162
       40163
       40164
       40165
       40166
       40167
       40168
       40169
       40170
       40171
       40173
       40175
       40176
       40177
       40178
       40180
       40182
      -40183
       40184
       40185
       40187
       40188
       40189
      -40192
       40193
       40194
       40195
       40196
      -40197
       40199
       40200
      -40201
       40202
       40203
       40204
       40205
       40207
       40209
       40210
       40211
       40212
       40213
       40214
       40217
       40218
       40219
       40221
       40223
       40225
      -40226
       40227
       40229
      -40230
       40232
       40233
       40234
       40237
       40238
       40239
       40240
       40242
       40244
       40245
      -40246
       40248
       40249
       40250
       40252
       40253
       40254
       40255
       40256
       40258
      -40259
      -40261
       40263
       40264
       40267
      -40269
       40270
       40272
       40273
       40275
       40276
       40278
       40281
       40282
      -40283
       40284
      -40285
       40286
       40288
       40290
       40291
      -40293
       40294
       40295
       40298
       40299
       40300
       40304
       40308
       40309
       40310
       40314
       40315
       40317
       40320
       40321
       40322
       40323
      -40325
       40326
       40327
       40330
       40331
       40333
       40334
      -40336
       40337
       40342
       40343
      -40346
       40347
       40349
      -40350
       40352
       40354
       40357
       40359
      -40360
       40361
       40362
      -40363
       40366
       40367
       40370
       40374
       40376
       40377
       40378
      -40384
       40385
       40387
      -40388
       40389
       40390
      -40391
      -40394
       40395
      -40397
      -40398
      -40405
       40406
      -40408
      -40409
       40411
      -40412
      -40413
      -40414
      -40420
      -40422
      -40423
       40425
      -40426
      -40427
      -40437
      -40442
      -40445
      -40456
       58302
       58303
       58304
       58305
       58306
       58307
       58308
       58309
       58310
       58311
       58312
       58313
       58314
       58315
       58316
       58317
       58318
       58319
       58320
       58321
       58322
       58323
       58324
       58325
       58326
       58327
       58328
       58329
       58330
       58331
       58332
       58333
       58334
       58335
       58336
       58337
       58338
       58339
       58340
       58341
       58342
       58343
       58344
       58345
       58346
       58347
       58348
       58349
       58350
       58351
       58352
       58353
       58354
       58355
       58356
       58357
       58358
       58359
       58360
       58361
       58362
       58363
       58364
       58365
       58366
       58367
       58368
       58369
NNODG          31435        1437        1326
      -10992
      -11224
      -11225
       11226
      -11227
       11449
       11450
       11451
      -11452
      -11674
      -11677
      -11678
      -11679
       11680
       11681
       11682
       11683
       11684
       11685
       11686
       11903
      -11905
       11906
       11907
       11908
       11909
       11910
       11911
       11912
       11913
       11914
       11915
       11916
       12109
      -12110
      -12111
       12112
       12113
       12114
       12115
       12116
       12117
       12118
       12119
       12120
       12121
       12122
       12123
       12124
       12125
       12314
      -12315
       12316
       12317
       12318
       12319
       12320
       12321
       12322
       12323
       12324
       12325
       12326
       12327
       12328
       12329
       12330
       12331
      -12512
      -12518
       12519
       12520
       12521
       12522
       12523
       12524
       12525
       12526
       12527
       12528
       12529
       12530
       12531
       12532
       12533
       12534
       12535
       12536
       12537
       12538
       12539
      -12738
       12739
       12740
       12741
      -12744
       12745
       12746
       12747
       12748
       12749
       12750
       12751
       12752
       12753
       12754
       12755
       12756
       12757
       12758
       12759
       12760
       12761
       12762
       12763
       12764
       12765
       12766
       12767
       12768
       12769
      -12978
       12979
       12980
       12981
       12982
       12983
       12984
       12985
       12986
       12987
       12988
       12989
       12990
       12991
       12992
       12993
       12994
       12995
       12996
       12997
       12998
       12999
       13000
       13001
       13002
       13003
       13004
       13005
       13006
       13007
       13008
       13009
       13010
       13011
       13012
       13013
       13014
       13015
      -13223
       13224
       13225
       13226
       13227
       13228
       13229
       13230
       13231
       13232
       13233
       13234
       13235
       13236
       13237
       13238
       13239
       13240
       13241
       13242
       13243
       13244
       13245
       13246
       13247
       13248
       13249
       13250
       13251
       13252
       13253
       13254
       13255
       13256
       13257
       13258
       13259
       13260
       13261
       13496
       13497
       13498
       13499
       13500
       13501
       13502
       13503
       13504
       13505
       13506
       13507
       13508
       13509
       13510
       13511
       13512
       13513
       13514
       13515
       13516
       13517
       13518
       13519
       13520
       13521
       13522
       13523
       13524
       13525
       13526
       13527
       13528
       13529
       13530
       13531
       13532
       13792
       13793
       13794
       13795
       13796
       13797
       13798
       13799
       13800
       13801
       13802
       13803
       13804
       13805
       13806
       13807
       13808
       13809
       13810
       13811
       13812
       13813
       13814
       13815
       13816
       13817
       13818
       13819
       13820
       13821
       13822
       13823
       13824
       13825
       13826
       13827
       14107
       14108
       14109
       14110
       14111
       14112
       14113
       14114
       14115
       14116
       14117
       14118
       14119
       14120
       14121
       14122
       14123
       14124
       14125
       14126
       14127
       14128
       14129
       14130
       14131
       14132
       14133
       14134
       14135
       14136
       14137
       14138
       14139
       14140
      -14437
      -14438
       14439
       14440
       14441
       14442
       14443
       14444
       14445
       14446
       14447
       14448
       14449
       14450
       14451
       14452
       14453
       14454
       14455
       14456
       14457
       14458
       14459
       14460
       14461
       14462
       14463
       14464
       14465
       14466
       14467
       14468
       14469
       14470
       14471
       14472
       14473
      -14814
      -14821
       14822
       14823
       14824
       14825
       14826
       14827
       14828
       14829
       14830
       14831
       14832
       14833
       14834
       14835
       14836
       14837
       14838
       14839
       14840
       14841
       14842
       14843
       14844
       14845
       14846
       14847
       14848
       14849
      -15225
       15226
       15227
      -15228
      -15229
       15233
       15234
       15235
       15236
       15237
       15238
       15239
       15240
       15241
       15242
       15243
       15244
       15245
       15246
       15247
       15248
       15249
       15250
       15251
       15252
       15253
       15254
       15255
       15256
       15257
       15258
       15259
       15260
       15261
       15639
       15640
       15641
      -15642
       15644
       15645
       15646
       15647
       15648
       15649
       15650
       15651
       15652
       15653
       15654
       15655
       15656
       15657
       15658
       15659
       15660
       15661
       15662
       15663
       15664
       15665
       15666
       15667
       15668
       15669
       15670
       16039
       16040
       16041
       16042
       16043
      -16045
       16046
       16047
       16048
       16049
       16050
       16051
       16052
       16053
       16054
       16055
       16056
       16057
       16058
       16059
       16060
       16061
       16062
       16063
       16064
       16065
       16066
       16067
       16068
       16069
       16070
       16071
       16385
       16386
       16387
       16388
       16389
      -16390
       16391
       16392
       16393
       16394
       16395
       16396
       16397
       16398
       16399
       16400
       16401
       16402
       16403
       16404
       16405
       16406
       16407
       16408
       16409
       16410
       16411
       16412
       16413
      -16678
       16681
       16682
       16683
       16684
       16685
       16686
       16687
       16688
       16689
       16690
       16691
       16692
       16693
       16694
       16695
       16696
       16697
       16698
       16699
       16700
       16701
       16702
       16703
       16704
       16705
       16706
       16707
       16939
      -16940
       16944
       16945
       16946
       16947
       16948
       16949
       16950
       16951
       16952
       16953
       16954
       16955
       16956
       16957
       16958
       16959
       16960
       16961
       16962
       16963
       16964
       16965
       16966
       16967
       16968
       16969
       17169
       17170
       17171
      -17172
       17175
       17176
       17177
       17178
       17179
       17180
       17181
       17182
       17183
       17184
       17185
       17186
       17187
       17188
       17189
       17190
       17191
       17192
       17193
       17194
       17195
       17196
       17197
       17378
       17379
       17380
       17381
      -17382
       17386
       17387
       17388
       17389
       17390
       17391
       17392
       17393
       17394
       17395
       17396
       17397
       17398
       17399
       17400
       17401
       17402
       17403
       17404
       17405
       17406
       17407
       17408
       17585
       17586
       17587
       17588
      -17589
       17592
       17593
       17594
       17595
       17596
       17597
       17598
       17599
       17600
       17601
       17602
       17603
       17604
       17605
       17606
       17607
       17608
       17609
       17610
       17611
       17612
       17613
       17614
       17615
       17616
       17794
       17795
       17796
      -17797
      -17798
       17802
       17803
       17804
       17805
       17806
       17807
       17808
       17809
       17810
       17811
       17812
       17813
       17814
       17815
       17816
       17817
       17818
       17819
       17820
       17821
       17822
       17823
       17824
       17825
       17826
       17827
       18000
       18001
       18002
      -18003
       18010
       18011
       18012
       18013
       18014
       18015
       18016
       18017
       18018
       18019
       18020
       18021
       18022
       18023
       18024
       18025
       18026
       18027
       18028
       18029
       18030
       18031
       18032
       18033
       18034
       18215
      -18216
      -18217
      -18218
       18228
       18229
       18230
       18231
       18232
       18233
       18234
       18235
       18236
       18237
       18238
       18239
       18240
       18241
       18242
       18243
       18244
       18245
       18246
       18247
       18248
       18249
       18250
       18251
       18252
       18253
       18254
       18255
       18256
       18257
      -18449
       18463
       18464
       18465
       18466
       18467
      -18468
       18469
       18470
       18471
       18472
       18473
       18474
       18475
       18476
       18477
       18478
       18479
       18480
       18481
       18482
       18483
       18484
       18485
       18486
       18487
       18488
       18489
       18490
       18491
       18492
       18729
       18730
       18731
       18732
      -18733
       18735
       18736
       18737
       18738
       18739
       18740
       18741
       18742
       18743
       18744
       18745
       18746
       18747
       18748
       18749
       18750
       18751
       18752
       18753
       18754
       18755
       18756
       18757
       18758
       18759
       19032
       19033
       19034
      -19035
       19038
       19039
       19040
       19041
       19042
       19043
       19044
       19045
       19046
       19047
       19048
       19049
       19050
       19051
       19052
       19053
       19054
       19055
       19056
       19057
       19058
       19059
       19060
       19061
       19062
       19063
       19364
       19365
       19366
      -19367
       19371
       19372
       19373
       19374
       19375
       19376
       19377
       19378
       19379
       19380
       19381
       19382
       19383
       19384
       19385
       19386
       19387
       19388
       19389
       19390
       19391
       19392
       19393
       19394
       19395
       19728
       19729
       19730
       19731
      -19732
       19736
       19737
       19738
       19739
       19740
       19741
       19742
       19743
       19744
       19745
       19746
       19747
       19748
       19749
       19750
       19751
       19752
       19753
       19754
       19755
       19756
       19757
       19758
       19759
       20102
       20103
       20104
       20105
      -20106
       20111
       20112
       20113
       20114
       20115
       20116
       20117
       20118
       20119
       20120
       20121
       20122
       20123
       20124
       20125
       20126
       20127
       20128
       20129
       20130
       20131
       20132
       20133
       20134
       20135
       20136
       20497
       20498
       20499
       20500
      -20501
       20506
       20507
       20508
       20509
       20510
       20511
       20512
       20513
       20514
       20515
       20516
       20517
       20518
       20519
       20520
       20521
       20522
       20523
       20524
       20525
       20526
       20527
       20528
       20529
       20530
       20531
       20915
       20916
       20917
       20918
       20919
      -20920
       20927
       20928
       20929
       20930
       20931
       20932
       20933
       20934
       20935
       20936
       20937
       20938
       20939
       20940
       20941
       20942
       20943
       20944
       20945
       20946
       20947
       20948
       20949
       21332
       21333
       21334
       21335
       21336
       21337
      -21338
       21347
       21348
       21349
       21350
       21351
       21352
       21353
       21354
       21355
       21356
       21357
       21358
       21359
       21360
       21361
       21362
       21363
       21364
       21365
       21366
       21367
       21368
       21746
       21747
       21748
       21749
       21750
       21751
       21752
       21753
       21754
      -21755
       21763
       21764
       21765
       21766
       21767
       21768
       21769
       21770
       21771
       21772
       21773
       21774
       21775
       21776
       21777
       21778
       21779
       21780
       21781
       21782
       21783
       21784
       21785
       21786
       22172
       22173
       22174
       22175
       22176
       22177
       22178
       22179
       22180
      -22181
       22189
       22190
       22191
       22192
       22193
       22194
       22195
       22196
       22197
       22198
       22199
       22200
       22201
       22202
       22203
       22204
       22205
       22206
       22207
       22208
       22209
       22210
       22585
       22586
       22587
       22588
       22589
       22590
       22591
       22592
       22593
       22594
       22595
      -22596
       22604
       22605
       22606
       22607
       22608
       22609
       22610
       22611
       22612
       22613
       22614
       22615
       22616
       22617
       22618
       22619
       22620
       22621
       22622
       22623
       22624
       22625
       22626
       23011
       23012
       23013
       23014
       23015
       23016
       23017
       23018
       23019
       23020
       23021
       23022
       23023
       23024
      -23025
       23033
       23034
       23035
       23036
       23037
       23038
       23039
       23040
       23041
       23042
       23043
       23044
       23045
       23046
       23047
       23048
       23049
       23050
       23051
       23052
       23053
       23054
       23444
       23445
       23446
       23447
       23448
       23449
       23450
       23451
       23452
       23453
       23454
       23455
       23456
       23457
       23458
       23459
       23460
      -23461
      -23462
       23474
       23475
       23476
       23477
       23478
       23479
       23480
       23481
       23482
       23483
       23484
       23485
       23486
       23487
       23488
       23489
       23490
       23491
       23492
       23493
       23494
       23495
       23889
       23890
       23891
       23892
       23893
       23894
       23895
       23896
       23897
       23898
       23899
       23900
       23901
       23902
      -23903
       23904
       23905
       23906
       23907
       23908
       23909
       23925
       23926
       23927
       23928
       23929
       23930
       23931
       23932
       23933
       23934
       23935
       23936
       23937
       23938
       23939
       23940
       23941
       23942
       23943
       23944
       23945
       24327
       24328
       24329
       24330
       24331
       24332
       24333
       24334
       24335
       24336
       24337
      -24338
       24340
       24341
       24342
       24343
       24344
       24345
       24363
       24364
       24365
       24366
       24367
       24368
       24369
       24370
       24371
       24372
       24373
       24374
       24375
       24376
       24377
       24714
       24715
       24716
       24717
       24718
       24719
       24720
       24721
       24722
       24723
       24724
       24725
       24726
      -24727
       24730
       24731
       24732
       24733
       24734
       24735
       24754
       24755
       24756
       24757
       24758
       24759
       25068
       25069
       25070
       25071
       25072
       25073
       25074
       25075
       25076
       25077
       25078
       25079
       25080
       25081
       25082
       25083
      -25084
       25088
       25089
       25090
       25091
       25092
       25093
       25112
       25113
       25114
       25115
       25378
       25379
       25380
       25381
       25382
       25383
       25384
       25385
       25386
       25387
      -25388
       25393
       25394
       25395
       25396
       25658
       25659
NFLUXF             0
NETA             103          37           0
NSTAE              0           0           0
NSTAV              0           0           0
NSTAM              0           0           0
NSTAC              0           0           0
RES NODE          22        1265
                   4           6           7           8          14          15
                  16          17          18          19          20          21
                  23          24          25          26          27          28
                  29          30          31          32          33          34
                  37          38          39          40          41          42
                  43          44          45          46          47          48
                  49          50          51          53          54          55
                  56          57          58          59          60          61
                  62          63          64          65          66          67
                  68          71          72          73          74          75
                  76          77          78          79          80          81
                  82          83          84          85          86          87
                  88          89          90          91          93          94
                  95          97          98          99         100         101
                 102         103         104         105         106         107
                 108         109         110         111         112         113
                 114         115         116         117         118         119
                 120         121         123         124         125         126
                 127         128         129         130         131         132
                 133         134         135         136         137         138
                 139         140         141         142         143         144
                 145         146         147         148         149         150
                 151         152         153         154         155         156
                 157         158         159         161         162         163
                 164         165         166         167         168         169
                 170         171         172         173         174         175
                 176         177         178         179         180         181
                 182         183         184         185         186         187
                 188         189         190         191         192         193
                 194         195         196         197         198         199
                 200         201         202         203         204         205
                 206         207         208         209         210         211
                 212         213         214         215         216         217
                 218         219         220         221         222         223
                 224         225         226         227         228         229
                 230         231         232         233         234         235
                 236         237         238         239         240         241
                 242         243         244         245         246         247
                 248         249         250         251         252         253
                 254         255         256         257         258         259
                 260         261         262         263         264         265
                 266         267         268         269         270         271
                 272         273         274         275         276         277
                 278         279         280         281         282         283
                 284         285         286         287         288         289
                 290         291         292         293         294         295
                 296         297         298         299         300         301
                 302         303         304         305         308         309
                 310         311         312         313         314         315
                 316         317         318         319         320         321
                 322         323         324         325         326         327
                 328         329         330         331         332         333
                 334         335         336         337         338         339
                 340         341         342         345         346         347
                 348         349         350         351         352         353
                 354         355         356         357         358         359
                 360         361         362         363         364         365
                 366         367         368         369         370         371
                 372         374         375         378         379         380
                 381         382         383         384         385         386
                 387         388         389         390         391         392
                 393         394         395         396         397         398
                 399         400         401         402         403         404
                 405         406         407         408         409         411
                 412         413         414         415         416         417
                 418         419         420         421         422         423
                 424         425         426         427         428         429
                 430         431         432         433         434         435
                 436         437         438         439         440         441
                 442         444         445         446         447         448
                 449         450         451         452         453         454
                 455         456         457         458         459         460
                 461         462         463         464         465         466
                 467         468         469         470         471         472
                 473         474         476         477         478         479
                 480         481         482         483         484         485
                 486         487         488         489         490         491
                 492         493         494         495         496         497
                 498         500         501         502         503         504
                 505         506         507         508         509         510
                 511         512         513         514         515         516
                 517         518         519         520         521         522
                 523         524         525         526         527         529
                 530         531         532         533         534         535
                 536         537         538         539         540         541
                 542         543         544         545         546         547
                 548         549         550         551         552         553
                 554         555         556         557         559         560
                 561         562         563         564         565         566
                 567         568         569         570         571         572
                 573         574         575         576         577         578
                 579         580         581         582         583         584
                 585         587         588         589         590         591
                 592         593         594         595         596         597
                 598         599         600         601         602         603
                 604         605         606         607         608         609
                 610         611         612         613         615         616
                 617         618         619         620         621         622
                 623         624         625         626         627         628
                 629         630         631         632         633         634
                 635         636         637         638         639         640
                 641         642         645         646         647         648
                 649         650         651         652         653         654
                 655         656         657         658         659         660
                 661         662         663         664         665         666
                 667         668         669         670         671         672
                 673         675         676         677         678         679
                 680         681         682         683         684         685
                 686         687         688         689         690         691
                 692         693         694         695         696         697
                 698         699         700         704         705         706
                 707         708         709         710         711         712
                 713         714         715         716         717         718
                 719         720         721         722         723         724
                 725         726         727         728         729         730
                 731         732         733         735         736         737
                 738         739         741         742         743         744
                 745         746         747         748         749         750
                 751         752         753         754         755         756
                 757         758         759         760         761         762
                 763         764         765         766         767         768
                 770         771         772         773         774         775
                 776         777         778         779         780         781
                 782         783         784         785         786         787
                 788         789         790         791         792         793
                 794         795         796         797         799         800
                 801         802         803         804         805         806
                 807         808         809         810         811         812
                 813         814         815         816         817         818
                 819         820         821         822         823         824
                 825         826         827         829         830         831
                 832         833         834         835         836         837
                 838         839         840         841         842         843
                 844         845         846         847         848         849
                 850         851         852         853         854         855
                 856         857         859         860         861         862
                 863         864         865         866         867         868
                 869         870         871         872         873         874
                 875         876         877         878         879         880
                 881         882         883         884         885         886
                 888         889         890         891         892         893
                 894         895         896         897         898         899
                 900         901         902         903         904         905
                 906         907         908         909         910         911
                 912         913         914         915         916         917
                 919         920         921         922         923         924
                 925         926         927         928         929         930
                 931         932         933         934         935         936
                 937         938         939         940         941         942
                 943         944         945         946         947         948
                 949         951         952         953         954         955
                 956         957         958         959         960         961
                 962         963         964         965         966         967
                 968         969         970         971         972         973
                 974         975         976         977         978         979
                 981         982         983         984         985         986
                 987         988         989         990         991         992
                 993         994         995         996         997         998
                 999        1000        1001        1002        1003        1004
                1005        1006        1007        1008        1009        1010
                1011        1013        1014        1015        1016        1017
                1018        1019        1020        1021        1022        1023
                1024        1025        1026        1027        1028        1029
                1030        1031        1032        1033        1034        1035
                1036        1037        1038        1039        1040        1041
                1042        1043        1044        1045        1047        1048
                1049        1050        1051        1052        1053        1054
                1055        1056        1057        1058        1059        1060
                1061        1062        1063        1064        1065        1066
                1067        1068        1069        1070        1071        1072
                1073        1074        1075        1076        1077        1078
                1079        1081        1082        1083        1084        1085
                1086        1087        1088        1089        1090        1091
                1092        1093        1094        1095        1096        1097
                1098        1099        1100        1101        1102        1103
                1104        1105        1106        1107        1108        1109
                1110        1111        1112        1113        1114        1115
                1116        1117        1119        1120        1121        1122
                1123        1124        1125        1126        1127        1128
                1129        1130        1131        1132        1133        1134
                1135        1136        1137        1138        1139        1140
                1141        1142        1143        1144        1145        1146
                1147        1148        1149        1150        1151        1152
                1153        1154        1155        1156        1157        1160
                1161        1162        1163        1164        1165        1166
                1167        1168        1169        1170        1171        1172
                1173        1174        1175        1176        1177        1178
                1179        1180        1181        1182        1183        1184
                1185        1186        1187        1188        1189        1190
                1191        1192        1193        1194        1195        1197
                1198        1199        1200        1201        1202        1203
                1204        1205        1206        1207        1208        1209
                1210        1211        1212        1213        1214        1215
                1216        1217        1218        1219        1220        1221
                1222        1223        1224        1225        1226        1227
                1228        1229        1230        1231        1232        1233
                1234        1236        1237        1238        1239        1240
                1241        1242        1243        1244        1245        1246
                1247        1248        1249        1250        1251        1252
                1253        1254        1255        1256        1257        1258
                1259        1260        1261        1262        1263        1264
                1265        1266        1267        1268        1269        1271
                1272        1273        1274        1275        1276        1277
                1278        1279        1280        1281        1282        1283
                1284        1285        1286        1287        1288        1289
                1290        1291        1292        1293        1294        1295
                1296        1297        1298        1300        1301        1302
                1303        1304        1305        1306        1307        1308
                1309        1310        1311        1312        1313        1314
                1315        1316        1317        1318        1319        1321
                1322        1323        1324        1325        1326
COMM PE            2
RECV PE           21          29
                 586         614         643         644         674         701
                 702         703         734         740         769         798
                 828         858         887         918         950         980
                1012        1046        1080        1118        1158        1159
                1196        1235        1270        1299        1320
RECV PE           23          32
                   1           2           3           5           9          10
                  11          12          13          22          35          36
                  52          69          70          92          96         122
                 160         306         307         343         344         373
                 376         377         410         443         475         499
                 528         558
SEND PE           21          28
                 557         585         613         642         672         673
                 700         708         739         768         797         827
                 857         885         916         948         978        1009
                1011        1045        1079        1117        1153        1195
                1234        1269        1298        1319
SEND PE           23          34
                   4           6          14          20          21          23
                  24          25          37          53          54          72
                  93          94          95          98         123         161
                 272         273         308         309         345         374
                 375         408         409         442         473         474
                 505         506         527         557
