FileFmt      1050624           0           0
NELG           58369        2590        2548
       40040
       40054
       40070
       40072
       40081
       40091
       40093
       40097
       40110
       40119
       40124
       40134
       40135
       40136
       40141
       40144
       40151
       40153
       40161
       40174
       40179
       40183
       40190
       40191
       40192
       40197
       40201
       40206
       40208
       40220
       40222
       40226
       40228
       40230
       40231
       40236
       40243
       40246
       40251
       40259
       40261
       40265
       40266
       40269
       40271
       40277
       40279
       40283
       40285
       40287
       40289
       40293
       40296
       40297
       40301
       40303
       40305
       40313
       40316
       40318
       40319
       40324
       40325
       40328
       40332
       40336
       40338
       40339
       40340
       40341
       40345
       40346
       40348
       40350
       40351
       40356
       40358
       40360
       40363
       40364
       40365
       40371
       40372
       40373
       40375
       40379
       40382
       40383
       40384
       40386
       40388
       40391
       40393
       40394
       40396
       40397
       40398
       40399
       40401
       40402
       40403
       40405
       40407
       40408
       40409
       40410
       40412
       40413
       40414
       40415
       40417
       40418
       40419
       40420
       40421
       40422
       40423
       40424
       40426
       40427
       40428
       40429
       40430
       40431
       40432
       40433
       40434
       40435
       40436
       40437
       40438
      -40439
       40440
       40441
       40442
       40443
       40444
       40445
       40446
       40447
       40449
       40451
       40453
       40454
       40455
       40456
       40457
       40458
       40459
       40460
       40461
       40462
       40463
       40464
       40465
       40467
       40469
       40470
       40472
       40473
       40476
       40477
       40479
       40480
       40481
       40482
       40484
       40485
       40486
       40487
       40489
       40491
       40492
       40495
       40496
       40497
       40498
       40499
       40500
       40501
       40502
       40503
       40504
       40505
       40506
       40507
       40508
       40509
       40510
       40511
       40512
       40513
       40514
       40516
       40517
       40518
       40519
       40520
       40521
       40522
       40523
       40524
       40525
       40526
       40527
       40528
       40529
       40530
       40531
       40532
       40533
       40534
       40535
       40536
       40537
       40538
       40539
       40540
       40542
       40543
       40544
       40546
       40547
       40548
       40549
       40550
       40551
       40552
       40553
       40554
       40555
       40556
       40557
       40558
       40559
       40560
       40561
       40562
       40563
       40564
       40565
       40566
       40567
       40570
       40571
       40574
       40575
       40576
       40577
       40579
       40580
       40581
       40582
       40583
       40584
       40585
       40586
       40587
       40588
       40589
       40590
       40591
      -40592
       40593
       40594
       40596
       40597
       40598
       40599
       40600
       40601
       40602
       40603
       40604
       40605
       40606
       40607
       40608
       40609
       40610
       40612
       40613
       40614
       40615
       40617
       40618
       40619
       40620
       40621
       40622
       40623
       40624
       40626
       40628
       40629
       40630
       40631
       40633
       40634
       40635
       40636
       40637
       40638
       40640
       40641
       40643
       40645
       40646
       40648
       40649
       40650
       40651
       40652
       40653
       40654
       40656
       40658
       40659
       40660
       40661
       40662
       40664
       40665
       40666
       40667
       40668
       40669
       40670
       40671
       40672
       40673
       40674
       40675
       40676
       40677
       40678
       40679
       40680
       40683
       40684
       40686
       40687
       40688
       40689
       40690
       40691
       40692
       40693
       40694
       40695
       40696
       40698
       40700
       40702
       40703
       40704
       40705
       40707
       40709
       40710
       40711
       40712
       40713
       40714
       40715
       40716
       40718
       40719
       40720
       40721
       40722
       40723
       40724
       40725
       40726
       40727
       40728
       40729
       40730
       40731
       40732
       40733
       40735
       40736
       40737
       40738
       40739
       40740
       40742
       40743
       40744
       40745
       40747
       40748
       40749
       40750
       40751
       40752
       40753
       40754
       40755
       40756
       40757
       40758
       40761
       40762
       40763
       40764
       40765
       40766
       40767
       40768
       40769
       40770
       40771
       40772
       40773
       40774
       40775
       40776
       40777
       40778
       40779
       40780
       40781
       40782
       40783
       40784
       40785
       40787
       40788
       40789
      -40793
       40794
       40797
       40798
       40799
       40800
       40801
       40802
       40803
       40805
       40806
       40807
       40808
       40809
       40810
       40811
       40812
       40813
       40815
       40816
       40817
       40818
       40819
       40820
       40821
       40822
       40823
       40824
       40825
       40826
       40827
       40829
       40830
       40831
       40832
       40833
       40834
       40836
       40838
       40840
       40841
       40843
       40844
       40845
       40846
       40847
       40848
       40849
       40850
       40851
       40852
       40853
       40854
       40855
       40857
       40858
       40860
       40861
       40862
       40863
       40867
       40868
       40869
       40870
       40871
       40873
       40874
       40875
       40876
       40877
       40878
       40879
       40881
       40884
       40885
       40886
       40887
       40888
       40889
       40890
       40891
       40892
       40893
       40894
       40895
       40896
       40897
       40899
       40901
       40902
       40903
       40904
       40905
      -40907
       40908
       40911
       40912
       40914
       40915
       40916
       40917
       40919
       40920
       40921
       40922
       40923
       40924
       40926
       40927
       40928
       40929
       40930
       40931
       40932
       40934
       40935
       40936
       40937
       40938
       40939
       40940
       40941
       40942
       40943
       40945
       40946
       40947
       40949
       40950
       40951
       40954
       40955
       40956
       40957
       40958
       40959
       40960
       40961
       40963
       40964
       40965
       40966
       40967
       40968
       40969
       40972
       40975
       40976
       40978
       40979
       40980
       40981
       40982
       40983
       40984
       40985
       40986
       40987
       40988
       40990
       40991
       40992
       40993
       40996
       40998
       40999
       41000
       41001
       41002
       41003
       41004
       41007
       41009
       41010
       41011
       41013
       41015
       41016
       41017
       41018
       41019
       41021
       41023
       41024
       41025
       41026
       41027
       41028
       41029
       41030
       41031
       41032
       41033
       41034
       41035
       41037
       41038
       41039
       41040
       41041
       41044
       41045
       41047
       41048
       41049
       41050
       41052
       41054
       41055
       41056
       41057
       41060
       41062
       41063
       41064
       41065
       41066
       41068
       41069
       41070
       41071
       41072
       41073
       41075
       41077
       41078
       41079
       41081
       41082
       41083
       41084
       41085
       41089
       41093
       41094
       41095
       41096
       41098
       41099
       41101
       41103
       41104
       41105
       41106
       41107
       41108
       41110
       41111
       41112
       41113
       41114
       41117
       41119
       41120
       41122
       41123
       41124
       41125
       41128
       41131
       41132
       41133
       41134
       41135
       41136
       41137
       41138
       41141
       41142
       41143
       41145
       41146
       41147
      -41149
       41150
       41151
       41152
       41154
       41155
       41156
       41157
       41158
       41161
       41162
       41164
       41165
       41166
       41167
       41168
       41169
       41171
       41172
       41173
       41175
       41177
       41178
       41180
       41183
       41184
       41185
       41186
       41187
       41188
       41189
       41190
       41191
       41192
       41193
       41194
       41195
       41197
       41198
       41199
       41200
       41201
       41202
       41204
       41206
       41207
       41208
       41210
       41211
       41213
       41214
       41215
       41216
       41217
       41220
       41221
       41222
       41223
       41224
       41225
       41226
       41227
       41228
       41229
       41230
       41231
       41232
       41233
       41234
       41235
       41236
       41238
       41239
       41240
       41241
       41242
       41245
       41246
       41248
       41249
       41250
       41251
       41252
       41254
       41255
       41257
       41259
       41260
       41261
       41262
       41263
       41264
       41265
       41266
       41267
       41268
       41269
       41270
       41271
       41272
       41273
       41274
       41275
       41276
       41278
       41279
       41281
       41282
       41283
       41284
       41286
       41287
       41288
       41289
       41291
       41293
       41294
       41295
       41296
       41298
       41299
       41303
       41304
       41305
       41306
       41307
       41308
       41309
       41310
       41311
       41313
       41315
       41318
       41319
       41320
       41321
       41322
       41323
       41324
       41325
       41326
       41327
       41328
       41329
       41330
      -41331
       41332
       41333
       41334
       41335
       41336
       41337
       41338
       41339
       41340
       41341
       41342
       41343
       41344
       41345
       41346
       41347
       41348
       41349
       41350
       41351
       41353
       41354
       41355
       41356
       41357
       41358
       41359
       41360
       41361
       41364
       41365
       41367
       41368
       41369
       41371
       41372
       41373
       41374
       41375
       41376
       41377
       41378
       41379
       41380
       41381
       41382
       41384
       41386
       41387
       41388
       41389
       41390
       41391
       41392
       41393
       41395
       41396
       41397
       41398
       41399
       41400
       41401
       41402
       41404
       41405
       41406
       41408
       41409
       41410
       41411
       41412
       41413
       41414
       41415
       41418
       41419
       41420
       41422
       41423
       41424
       41425
       41427
       41428
       41429
       41430
       41431
       41433
       41435
       41437
       41438
       41439
       41440
       41441
       41442
       41443
       41444
       41445
       41447
       41448
       41449
       41451
       41452
       41453
       41454
       41455
       41456
       41457
       41458
       41459
       41460
       41461
       41462
       41463
       41464
       41465
       41467
       41468
       41469
       41470
       41471
       41472
       41473
       41474
       41476
       41478
       41479
       41481
       41482
       41483
       41484
       41485
       41486
       41487
       41488
       41490
      -41491
       41493
       41495
       41496
       41497
       41499
       41501
       41502
       41503
       41504
       41505
       41506
       41507
       41508
       41509
       41510
       41511
       41512
       41513
       41514
       41515
       41516
       41517
       41518
       41520
       41521
       41522
       41523
       41524
       41525
       41526
       41527
       41528
       41529
       41532
       41533
       41534
       41535
       41536
       41537
       41538
       41539
       41540
       41541
       41542
       41543
       41545
       41547
       41548
       41549
       41550
       41551
       41552
       41553
       41554
       41555
       41556
       41557
       41558
       41561
       41562
       41563
       41564
       41565
       41566
       41567
       41568
       41569
       41570
       41571
       41572
       41573
       41574
       41577
       41578
       41579
       41581
       41583
       41584
       41585
       41586
       41587
       41588
       41589
       41591
       41592
       41593
       41595
       41596
       41598
       41600
       41601
       41602
       41603
       41604
       41605
       41607
       41608
       41609
       41610
       41611
       41612
       41613
       41614
       41615
       41617
       41618
       41619
       41620
       41621
       41622
       41624
       41626
       41627
       41628
       41629
       41630
       41631
       41632
       41633
      -41634
       41635
       41636
       41637
       41639
       41640
       41642
       41643
       41644
       41645
       41646
       41647
       41648
       41649
       41650
       41651
       41652
       41653
       41654
       41655
       41656
       41657
       41658
       41659
       41660
       41661
       41662
       41663
       41664
       41665
       41666
       41667
       41668
       41669
       41671
       41672
       41673
       41674
       41675
       41676
       41677
       41678
       41680
       41681
       41682
       41683
       41684
       41685
       41687
       41688
       41689
       41690
       41691
       41693
       41695
       41696
      -41697
       41698
       41699
       41700
       41701
       41702
       41703
       41704
       41705
       41706
       41707
       41708
       41710
       41711
       41712
       41713
       41714
       41715
       41716
       41719
       41720
       41721
       41722
       41723
       41724
       41725
       41726
       41727
       41728
       41729
       41730
       41731
       41732
       41733
       41734
       41735
       41736
       41737
       41738
       41740
       41741
       41743
       41744
       41745
       41746
       41747
       41748
       41749
       41750
       41752
       41754
       41755
       41756
       41757
       41758
       41759
       41760
       41761
       41762
       41763
       41764
       41765
       41766
       41767
       41768
       41770
       41771
       41773
       41774
       41775
       41776
       41777
       41778
       41779
       41780
       41781
       41782
       41783
       41784
       41785
       41788
       41790
       41791
       41793
       41794
       41795
       41797
       41798
      -41799
       41800
       41801
       41802
       41804
       41805
       41806
       41807
       41808
       41809
       41810
       41811
       41812
       41813
       41814
       41815
       41816
       41817
       41818
       41819
       41820
       41821
       41822
       41823
       41825
       41826
       41827
       41828
       41829
       41830
       41831
       41832
       41834
       41835
       41836
       41837
       41838
       41839
       41840
       41841
       41842
       41843
       41844
       41845
       41846
       41847
       41849
       41850
       41851
       41852
       41853
       41854
       41855
       41859
       41860
       41862
       41863
       41864
       41865
       41866
       41867
       41868
       41869
       41870
       41871
       41872
       41874
       41875
       41876
       41877
       41878
       41879
       41880
       41881
       41882
       41883
       41884
       41886
       41887
       41888
       41889
       41890
       41891
       41892
       41893
       41895
       41896
       41897
       41898
       41899
       41900
       41901
       41903
       41905
       41906
       41907
       41908
      -41909
       41911
       41912
       41913
       41914
       41915
       41916
       41917
       41918
       41920
       41921
       41922
       41923
       41924
       41925
       41926
       41927
       41928
       41929
       41930
       41932
       41933
       41935
       41936
       41938
       41939
       41941
       41942
       41944
       41945
       41946
       41947
       41948
       41950
       41951
       41952
       41953
       41954
       41955
       41956
       41957
       41958
       41959
       41960
       41961
       41962
       41963
       41964
       41965
       41966
       41967
       41968
       41969
       41970
       41972
       41973
       41974
       41975
       41977
       41978
       41979
       41980
       41981
       41982
       41983
       41984
       41985
       41986
       41987
       41988
       41989
      -41990
       41991
       41992
       41993
       41994
       41995
       41996
       41997
       41998
       41999
       42000
       42002
       42003
       42007
       42008
       42009
       42010
       42011
       42012
       42013
       42014
       42015
       42016
       42018
       42021
       42022
       42023
       42024
       42025
       42026
       42027
       42028
       42029
       42030
       42032
       42033
       42034
       42036
       42037
       42038
       42039
       42040
       42041
       42042
       42044
       42045
       42046
       42047
       42048
       42049
       42050
       42051
       42052
       42053
       42054
       42055
       42056
       42057
       42059
       42060
       42061
       42062
       42063
       42064
       42066
       42067
       42069
       42070
       42071
       42072
       42074
       42075
       42076
       42077
       42078
       42079
       42080
       42081
       42082
      -42083
       42085
       42086
       42087
       42088
       42089
       42090
       42091
       42092
       42093
       42096
       42097
       42098
       42099
       42100
       42101
       42102
       42105
       42106
       42107
       42109
       42110
       42111
       42112
       42113
       42114
       42115
       42116
       42117
       42118
       42119
       42120
       42121
       42122
       42123
       42124
       42125
       42126
       42127
       42129
       42130
       42131
       42132
       42133
       42134
       42135
       42137
       42138
       42139
       42140
       42141
       42142
       42143
       42144
       42145
       42146
       42148
       42149
       42151
       42152
       42153
       42154
       42155
       42156
       42158
       42159
       42160
       42161
       42162
       42163
       42164
       42165
       42166
       42167
       42168
      -42169
       42170
       42171
       42172
       42173
       42175
       42176
       42177
       42178
       42179
       42180
       42181
       42182
       42183
       42184
       42185
       42186
       42187
       42188
       42190
       42191
       42192
       42193
       42195
       42196
       42197
       42198
       42199
       42200
       42201
       42202
       42207
       42209
       42210
       42211
       42212
       42213
       42215
       42216
       42217
       42218
       42219
       42220
       42221
       42222
       42223
       42224
       42225
       42226
       42227
       42228
       42229
       42230
       42231
       42232
       42233
       42235
       42236
       42237
       42238
       42239
       42240
       42241
       42242
       42243
       42244
       42245
       42246
       42247
       42248
       42250
       42251
       42252
       42253
       42255
       42256
      -42257
       42258
       42260
       42261
       42262
       42263
       42264
       42265
       42267
       42269
       42270
       42271
       42272
       42273
       42274
       42275
       42276
       42277
       42278
       42279
       42280
       42281
       42282
       42284
       42285
       42286
       42287
       42288
       42289
       42290
       42291
       42292
       42294
       42295
       42296
       42297
       42298
       42299
       42300
       42302
       42303
       42304
       42305
       42306
       42307
       42308
       42309
       42311
       42312
       42313
       42314
       42316
       42317
       42318
       42319
       42320
       42322
       42323
       42324
       42325
       42326
      -42327
       42328
       42329
       42330
       42331
       42332
       42334
       42336
       42337
       42338
       42339
       42341
       42342
       42343
       42344
       42345
       42346
       42347
       42348
       42349
       42351
       42352
       42353
       42354
       42355
       42356
       42357
       42358
       42359
       42360
       42361
       42362
       42363
       42364
       42365
       42366
       42368
       42370
       42371
       42372
       42374
       42375
       42376
       42377
       42378
       42379
       42380
       42381
       42382
       42383
       42384
       42385
       42386
       42387
       42388
       42390
       42391
       42392
       42394
       42395
       42396
       42397
       42398
       42399
       42400
       42401
       42402
       42403
       42404
       42406
       42407
       42408
       42409
      -42410
       42411
       42413
       42414
       42416
       42417
       42418
       42419
       42421
       42422
       42423
       42424
       42425
       42426
       42427
       42428
       42429
       42430
       42431
       42432
       42433
       42434
       42435
       42436
       42437
       42438
       42439
       42440
       42441
       42442
       42443
       42444
       42445
       42447
       42448
       42449
       42450
       42451
       42452
       42453
       42454
       42455
       42456
       42458
       42460
       42461
       42462
       42463
       42465
       42466
       42467
       42468
       42469
       42471
       42472
       42473
       42474
       42475
       42476
       42478
       42479
      -42480
       42481
       42482
       42483
       42485
       42486
       42487
       42488
       42489
       42490
       42491
       42492
       42493
       42494
       42495
       42496
       42497
       42498
       42499
       42500
       42501
       42502
       42503
       42504
       42505
       42508
       42510
       42511
       42512
       42513
       42514
       42515
       42516
       42517
       42518
       42519
       42521
       42522
       42523
       42524
       42525
       42526
       42527
       42528
       42529
       42530
       42531
       42532
       42533
       42534
       42535
       42536
       42537
       42538
       42540
       42541
       42542
       42543
       42544
       42546
       42547
       42548
       42549
       42550
      -42551
       42552
       42553
       42554
       42555
       42556
       42557
       42559
       42560
       42561
       42562
       42563
      -42564
       42565
       42566
       42567
       42568
       42569
       42571
       42572
       42576
       42577
       42579
       42580
       42581
       42582
       42584
       42585
       42586
       42587
       42589
       42590
       42591
       42592
       42593
       42594
       42595
       42596
       42597
      -42598
       42599
       42600
       42601
       42603
       42604
       42605
       42606
       42608
       42609
       42610
       42611
       42612
       42613
       42614
       42615
       42616
       42617
       42619
       42620
       42623
       42624
       42625
       42627
       42628
       42629
       42630
       42631
       42632
       42633
       42635
       42636
      -42637
       42638
       42639
       42640
       42641
       42644
       42646
       42647
       42648
       42649
       42650
       42651
       42652
       42653
       42656
       42657
       42658
      -42659
       42660
       42661
       42662
       42663
       42666
       42668
       42669
       42670
       42672
       42674
       42675
       42676
       42678
       42680
       42681
       42682
       42683
       42684
       42687
       42689
       42691
       42693
       42694
       42695
       42696
       42697
       42698
       42699
       42700
       42703
       42705
      -42707
       42710
       42711
       42712
       42713
       42714
       42715
       42716
       42718
       42719
       42720
       42721
       42722
       42725
      -42727
       42729
       42730
       42733
       42735
       42736
       42737
       42738
       42740
       42743
       42744
       42745
       42746
       42748
       42749
       42750
       42751
       42752
       42753
       42755
       42756
       42757
      -42758
       42759
       42760
       42762
       42763
       42765
       42767
       42769
       42770
       42771
       42772
       42773
       42777
       42778
       42780
       42782
       42783
       42784
       42785
       42787
       42789
       42790
      -42794
       42795
       42796
       42797
       42798
       42799
       42803
       42804
       42805
       42806
       42812
       42814
       42815
       42816
      -42817
       42818
       42819
       42820
       42821
       42824
       42826
       42827
       42829
       42830
       42831
       42832
       42834
       42835
       42840
       42841
       42843
       42845
       42848
       42849
       42851
       42853
       42854
       42855
       42856
       42857
       42859
       42860
       42861
       42862
       42863
      -42865
       42866
       42867
       42869
       42870
       42871
       42872
       42874
       42875
       42877
       42879
       42880
       42881
       42882
       42885
       42886
       42887
       42889
       42891
       42892
       42893
       42894
       42896
       42898
       42899
       42900
       42901
       42902
       42903
       42904
       42905
       42906
       42911
      -42912
       42913
       42914
       42915
       42916
       42918
       42919
       42920
       42922
       42923
       42924
       42925
       42926
       42927
       42932
       42934
       42935
       42936
       42937
       42938
       42939
       42942
       42944
       42945
       42946
       42947
       42949
       42950
       42952
       42953
       42955
       42956
       42957
       42958
      -42960
       42961
       42962
       42964
       42966
       42968
       42969
       42970
       42972
       42973
       42974
       42975
       42977
       42978
       42979
       42980
       42981
       42982
       42983
       42984
       42989
       42990
       42991
       42992
       42995
       42996
       42997
       42999
       43001
       43002
       43004
       43005
       43006
      -43008
       43009
       43010
       43011
       43012
       43013
       43014
       43016
       43017
       43020
       43022
       43023
       43024
       43026
       43027
       43028
       43029
       43030
       43031
       43032
       43033
       43034
       43035
       43037
       43038
       43039
       43040
       43041
       43042
       43043
       43044
       43045
       43046
       43051
       43053
      -43054
       43056
       43057
       43058
       43059
       43060
       43061
       43062
       43063
       43064
       43065
       43066
       43067
       43068
       43069
       43070
       43071
       43073
       43076
       43077
       43083
       43087
      -43088
       43089
       43090
       43091
       43092
       43093
       43094
      -43096
       43097
       43098
       43100
       43101
       43102
       43103
       43104
       43107
       43108
       43109
       43110
       43111
       43112
       43113
       43114
       43115
       43116
       43117
      -43118
       43119
       43120
      -43121
       43122
       43123
       43124
       43125
       43126
       43128
       43130
       43131
       43134
       43135
       43138
       43139
       43140
       43146
       43147
       43148
      -43151
       43152
       43154
       43158
       43161
       43162
       43163
       43164
       43167
       43168
       43169
       43170
       43172
       43173
       43174
       43175
       43176
       43180
       43181
       43182
       43183
      -43184
       43185
       43188
       43191
       43193
       43194
       43195
       43196
       43197
       43198
       43199
       43203
       43206
       43207
       43211
      -43212
       43213
       43214
       43215
       43220
       43223
       43224
       43226
       43227
       43229
       43230
       43232
       43236
       43237
      -43238
       43240
       43241
       43243
       43246
       43247
       43249
       43250
       43252
       43253
       43254
       43255
       43256
      -43263
       43264
       43266
       43267
       43269
       43272
       43273
       43274
       43280
       43282
       43283
       43284
       43288
       43289
       43290
       43292
       43297
       43300
      -43305
       43306
       43307
       43308
       43310
       43312
       43313
       43316
       43319
       43323
       43324
       43329
       43332
       43333
       43335
       43337
       43340
      -43346
       43349
       43354
       43355
       43360
       43362
       43363
       43366
       43368
       43369
       43373
       43376
      -43378
       43381
       43382
       43385
       43388
       43390
       43395
      -43397
       43402
       43404
       43405
       43407
       43408
       43409
       43412
       43414
       43418
       43420
       43428
       43429
       43431
       43432
       43438
       43440
       43448
       43450
       43452
       43453
      -43456
       43457
       43458
       43467
       43468
       43469
       43470
       43473
       43474
       43477
      -43478
       43486
       43488
       43489
       43492
       43500
       43501
       43502
       43506
       43507
       43508
       43511
       43512
       43513
       43517
       43518
      -43525
       43528
       43530
       43533
       43534
       43536
       43539
       43540
       43546
       43548
       43551
       43554
       43557
       43562
      -43563
       43564
       43565
       43574
       43577
       43579
       43580
       43584
       43587
       43592
      -43594
       43595
       43599
       43600
       43602
       43604
       43605
       43608
       43617
       43619
      -43623
       43624
       43628
       43634
       43642
       43644
       43650
       43651
       43654
       43656
       43668
      -43678
       43689
       43691
       43702
      -43709
      -43737
NNODG          31435        1437        1368
      -16937
      -17166
       17167
      -17168
      -17171
      -17172
      -17173
       17374
       17375
       17376
       17377
      -17381
       17382
       17383
      -17385
      -17575
       17580
       17581
       17582
       17583
       17584
      -17588
       17589
       17590
       17591
      -17779
       17786
       17787
       17788
       17789
       17790
       17791
       17792
       17793
      -17796
       17797
       17798
       17799
       17800
       17801
      -17983
       17991
       17992
       17993
       17994
       17995
       17996
       17997
       17998
       17999
      -18001
      -18002
       18003
       18004
       18005
       18006
       18007
       18008
       18009
      -18196
       18205
       18206
       18207
       18208
       18209
       18210
       18211
       18212
       18213
       18214
      -18215
       18216
       18217
       18218
       18219
       18220
       18221
       18222
       18223
       18224
       18225
       18226
       18227
      -18232
      -18428
       18438
       18439
       18440
       18441
       18442
       18443
       18444
       18445
       18446
       18447
       18448
       18449
       18450
       18451
       18452
       18453
       18454
       18455
       18456
       18457
       18458
       18459
       18460
       18461
       18462
      -18467
       18468
      -18691
       18703
       18704
       18705
       18706
       18707
       18708
       18709
       18710
       18711
       18712
       18713
       18714
       18715
       18716
       18717
       18718
       18719
       18720
       18721
       18722
       18723
       18724
       18725
       18726
       18727
       18728
      -18732
       18733
       18734
      -18990
       19004
       19005
       19006
       19007
       19008
       19009
       19010
       19011
       19012
       19013
       19014
       19015
       19016
       19017
       19018
       19019
       19020
       19021
       19022
       19023
       19024
       19025
       19026
       19027
       19028
       19029
       19030
      -19031
      -19034
       19035
       19036
       19037
       19334
       19335
       19336
       19337
       19338
       19339
       19340
       19341
       19342
       19343
       19344
       19345
       19346
       19347
       19348
       19349
       19350
       19351
       19352
       19353
       19354
       19355
       19356
       19357
       19358
       19359
       19360
       19361
       19362
      -19363
      -19366
       19367
       19368
       19369
       19370
       19694
       19695
       19696
       19697
       19698
       19699
       19700
       19701
       19702
       19703
       19704
       19705
       19706
       19707
       19708
       19709
       19710
       19711
       19712
       19713
       19714
       19715
       19716
       19717
       19718
       19719
       19720
       19721
       19722
       19723
       19724
       19725
       19726
      -19727
      -19731
       19732
       19733
       19734
       19735
       20063
       20064
       20065
       20066
       20067
       20068
       20069
       20070
       20071
       20072
       20073
       20074
       20075
       20076
       20077
       20078
       20079
       20080
       20081
       20082
       20083
       20084
       20085
       20086
       20087
       20088
       20089
       20090
       20091
       20092
       20093
       20094
       20095
       20096
       20097
       20098
       20099
       20100
      -20101
      -20104
       20106
       20107
       20108
       20109
       20110
      -20426
       20453
       20454
       20455
       20456
       20457
       20458
       20459
       20460
       20461
       20462
       20463
       20464
       20465
       20466
       20467
       20468
       20469
       20470
       20471
       20472
       20473
       20474
       20475
       20476
       20477
       20478
       20479
       20480
       20481
       20482
       20483
       20484
       20485
       20486
       20487
       20488
       20489
       20490
       20491
       20492
       20493
       20494
       20495
       20496
      -20499
       20501
       20502
       20503
       20504
       20505
       20831
      -20832
      -20833
       20864
       20865
       20866
       20867
       20868
       20869
       20870
       20871
       20872
       20873
       20874
       20875
       20876
       20877
       20878
       20879
       20880
       20881
       20882
       20883
       20884
       20885
       20886
       20887
       20888
       20889
       20890
       20891
       20892
       20893
       20894
       20895
       20896
       20897
       20898
       20899
       20900
       20901
       20902
       20903
       20904
       20905
       20906
       20907
       20908
       20909
       20910
       20911
       20912
       20913
       20914
      -20918
       20920
       20921
       20922
       20923
       20924
       20925
       20926
       21236
      -21237
       21276
       21277
       21278
       21279
       21280
       21281
       21282
       21283
       21284
       21285
       21286
       21287
       21288
       21289
       21290
       21291
       21292
       21293
       21294
       21295
       21296
       21297
       21298
       21299
       21300
       21301
       21302
       21303
       21304
       21305
       21306
       21307
       21308
       21309
       21310
       21311
       21312
       21313
       21314
       21315
       21316
       21317
       21318
       21319
       21320
       21321
       21322
       21323
       21324
       21325
       21326
       21327
       21328
       21329
       21330
       21331
      -21336
       21338
       21339
       21340
       21341
       21342
       21343
       21344
       21345
       21346
      -21643
       21688
       21689
       21690
       21691
       21692
       21693
       21694
       21695
       21696
       21697
       21698
       21699
       21700
       21701
       21702
       21703
       21704
       21705
       21706
       21707
       21708
       21709
       21710
       21711
       21712
       21713
       21714
       21715
       21716
       21717
       21718
       21719
       21720
       21721
       21722
       21723
       21724
       21725
       21726
       21727
       21728
       21729
       21730
       21731
       21732
       21733
       21734
       21735
       21736
       21737
       21738
       21739
       21740
       21741
       21742
       21743
       21744
       21745
      -21752
      -21754
       21755
       21756
       21757
       21758
       21759
       21760
       21761
       21762
       22060
      -22061
       22109
       22110
       22111
       22112
       22113
       22114
       22115
       22116
       22117
       22118
       22119
       22120
       22121
       22122
       22123
       22124
       22125
       22126
       22127
       22128
       22129
       22130
       22131
       22132
       22133
       22134
       22135
       22136
       22137
       22138
       22139
       22140
       22141
       22142
       22143
       22144
       22145
       22146
       22147
       22148
       22149
       22150
       22151
       22152
       22153
       22154
       22155
       22156
       22157
       22158
       22159
       22160
       22161
       22162
       22163
       22164
       22165
       22166
       22167
       22168
       22169
       22170
       22171
      -22180
       22181
       22182
       22183
       22184
       22185
       22186
       22187
       22188
       22470
      -22471
       22517
       22518
       22519
       22520
       22521
       22522
       22523
       22524
       22525
       22526
       22527
       22528
       22529
       22530
       22531
       22532
       22533
       22534
       22535
       22536
       22537
       22538
       22539
       22540
       22541
       22542
       22543
       22544
       22545
       22546
       22547
       22548
       22549
       22550
       22551
       22552
       22553
       22554
       22555
       22556
       22557
       22558
       22559
       22560
       22561
       22562
       22563
       22564
       22565
       22566
       22567
       22568
       22569
       22570
       22571
       22572
       22573
       22574
       22575
       22576
       22577
       22578
       22579
       22580
       22581
       22582
       22583
       22584
      -22595
       22596
       22597
       22598
       22599
       22600
       22601
       22602
       22603
       22888
      -22889
       22936
       22937
       22938
       22939
       22940
       22941
       22942
       22943
       22944
       22945
       22946
       22947
       22948
       22949
       22950
       22951
       22952
       22953
       22954
       22955
       22956
       22957
       22958
       22959
       22960
       22961
       22962
       22963
       22964
       22965
       22966
       22967
       22968
       22969
       22970
       22971
       22972
       22973
       22974
       22975
       22976
       22977
       22978
       22979
       22980
       22981
       22982
       22983
       22984
       22985
       22986
       22987
       22988
       22989
       22990
       22991
       22992
       22993
       22994
       22995
       22996
       22997
       22998
       22999
       23000
       23001
       23002
       23003
       23004
       23005
       23006
       23007
       23008
       23009
       23010
      -23024
       23025
       23026
       23027
       23028
       23029
       23030
       23031
       23032
      -23315
       23359
       23360
       23361
       23362
       23363
       23364
       23365
       23366
       23367
       23368
       23369
       23370
       23371
       23372
       23373
       23374
       23375
       23376
       23377
       23378
       23379
       23380
       23381
       23382
       23383
       23384
       23385
       23386
       23387
       23388
       23389
       23390
       23391
       23392
       23393
       23394
       23395
       23396
       23397
       23398
       23399
       23400
       23401
       23402
       23403
       23404
       23405
       23406
       23407
       23408
       23409
       23410
       23411
       23412
       23413
       23414
       23415
       23416
       23417
       23418
       23419
       23420
       23421
       23422
       23423
       23424
       23425
       23426
       23427
       23428
       23429
       23430
       23431
       23432
       23433
       23434
       23435
       23436
       23437
       23438
       23439
       23440
       23441
       23442
       23443
      -23456
       23461
       23462
       23463
       23464
       23465
       23466
       23467
       23468
       23469
       23470
       23471
       23472
       23473
      -23753
      -23754
       23795
       23796
       23797
       23798
       23799
       23800
       23801
       23802
       23803
       23804
       23805
       23806
       23807
       23808
       23809
       23810
       23811
       23812
       23813
       23814
       23815
       23816
       23817
       23818
       23819
       23820
       23821
       23822
       23823
       23824
       23825
       23826
       23827
       23828
       23829
       23830
       23831
       23832
       23833
       23834
       23835
       23836
       23837
       23838
       23839
       23840
       23841
       23842
       23843
       23844
       23845
       23846
       23847
       23848
       23849
       23850
       23851
       23852
       23853
       23854
       23855
       23856
       23857
       23858
       23859
       23860
       23861
       23862
       23863
       23864
       23865
       23866
       23867
       23868
       23869
       23870
       23871
       23872
       23873
       23874
       23875
       23876
       23877
       23878
       23879
       23880
       23881
       23882
       23883
       23884
       23885
       23886
       23887
       23888
      -23902
       23903
       23910
       23911
       23912
       23913
       23914
       23915
       23916
       23917
       23918
       23919
       23920
       23921
       23922
       23923
       23924
      -24192
       24233
       24234
       24235
       24236
       24237
       24238
       24239
       24240
       24241
       24242
       24243
       24244
       24245
       24246
       24247
       24248
       24249
       24250
       24251
       24252
       24253
       24254
       24255
       24256
       24257
       24258
       24259
       24260
       24261
       24262
       24263
       24264
       24265
       24266
       24267
       24268
       24269
       24270
       24271
       24272
       24273
       24274
       24275
       24276
       24277
       24278
       24279
       24280
       24281
       24282
       24283
       24284
       24285
       24286
       24287
       24288
       24289
       24290
       24291
       24292
       24293
       24294
       24295
       24296
       24297
       24298
       24299
       24300
       24301
       24302
       24303
       24304
       24305
       24306
       24307
       24308
       24309
       24310
       24311
       24312
       24313
       24314
       24315
       24316
       24317
       24318
       24319
       24320
       24321
       24322
       24323
       24324
       24325
       24326
      -24337
       24338
       24339
       24346
       24347
       24348
       24349
       24350
       24351
       24352
       24353
       24354
       24355
       24356
       24357
       24358
       24359
       24360
       24361
       24362
      -24602
       24642
       24643
       24644
       24645
       24646
       24647
       24648
       24649
       24650
       24651
       24652
       24653
       24654
       24655
       24656
       24657
       24658
       24659
       24660
       24661
       24662
       24663
       24664
       24665
       24666
       24667
       24668
       24669
       24670
       24671
       24672
       24673
       24674
       24675
       24676
       24677
       24678
       24679
       24680
       24681
       24682
       24683
       24684
       24685
       24686
       24687
       24688
       24689
       24690
       24691
       24692
       24693
       24694
       24695
       24696
       24697
       24698
       24699
       24700
       24701
       24702
       24703
       24704
       24705
       24706
       24707
       24708
       24709
       24710
       24711
       24712
       24713
      -24726
       24727
       24728
       24729
       24736
       24737
       24738
       24739
       24740
       24741
       24742
       24743
       24744
       24745
       24746
       24747
       24748
       24749
       24750
       24751
       24752
       24753
      -24974
       25013
       25014
       25015
       25016
       25017
       25018
       25019
       25020
       25021
       25022
       25023
       25024
       25025
       25026
       25027
       25028
       25029
       25030
       25031
       25032
       25033
       25034
       25035
       25036
       25037
       25038
       25039
       25040
       25041
       25042
       25043
       25044
       25045
       25046
       25047
       25048
       25049
       25050
       25051
       25052
       25053
       25054
       25055
       25056
       25057
       25058
       25059
       25060
       25061
       25062
       25063
       25064
       25065
       25066
       25067
      -25083
       25084
       25085
       25086
       25087
       25094
       25095
       25096
       25097
       25098
       25099
       25100
       25101
       25102
       25103
       25104
       25105
       25106
       25107
       25108
       25109
       25110
       25111
       25357
       25358
       25359
       25360
       25361
       25362
       25363
       25364
       25365
       25366
       25367
       25368
       25369
       25370
       25371
       25372
       25373
       25374
       25375
       25376
       25377
      -25387
       25388
       25389
       25390
       25391
       25392
       25397
       25398
       25399
       25400
       25401
       25402
       25403
       25404
       25405
       25406
       25407
       25408
       25409
       25410
       25411
       25412
       25413
       25653
       25654
       25655
       25656
       25657
       25660
       25661
       25662
       25663
       25664
       25665
       25666
       25667
       25668
       25669
       25670
       25671
       25672
       25673
       25674
       25675
       25924
       25925
       25926
       25927
       25928
       25929
       25930
       25931
       25932
       25933
       25934
       26191
       26192
       26193
       26194
       26195
       26196
       26456
NFLUXF             0
NETA             103          37           0
NSTAE              0           0           0
NSTAV              0           0           0
NSTAM              0           0           0
NSTAC              0           0           0
RES NODE          21        1309
                   3           8           9          10          11          13
                  14          17          18          19          20          21
                  23          24          25          27          28          29
                  30          31          32          33          34          36
                  37          38          39          40          42          43
                  44          45          46          47          48          49
                  50          53          54          55          56          57
                  58          59          61          62          63          64
                  65          66          67          68          69          70
                  72          73          74          75          76          77
                  78          79          80          81          82          83
                  86          87          88          89          90          91
                  92          93          94          95          96          97
                  98          99         100         101         102         103
                 104         105         106         107         108         109
                 110         112         114         115         116         117
                 118         119         120         121         122         123
                 124         125         126         127         128         129
                 130         131         132         133         134         135
                 136         137         138         139         141         142
                 144         145         146         147         148         149
                 150         151         152         153         154         155
                 156         157         158         159         160         161
                 162         163         164         165         166         167
                 168         169         170         173         174         175
                 176         177         178         179         180         181
                 182         183         184         185         186         187
                 188         189         190         191         192         193
                 194         195         196         197         198         199
                 200         201         202         203         204         207
                 208         209         210         211         212         213
                 214         215         216         217         218         219
                 220         221         222         223         224         225
                 226         227         228         229         230         231
                 232         233         234         235         236         237
                 238         239         240         241         242         243
                 246         247         248         249         250         251
                 252         253         254         255         256         257
                 258         259         260         261         262         263
                 264         265         266         267         268         269
                 270         271         272         273         274         275
                 276         277         278         279         280         281
                 282         283         284         285         286         287
                 290         291         292         293         294         296
                 297         298         299         300         301         302
                 303         304         305         306         307         308
                 309         310         311         312         313         314
                 315         316         317         318         319         320
                 321         322         323         324         325         326
                 327         328         329         330         331         332
                 333         334         335         336         337         338
                 339         341         342         343         344         345
                 346         349         350         351         352         353
                 354         355         356         357         358         359
                 360         361         362         363         364         365
                 366         367         368         369         370         371
                 372         373         374         375         376         377
                 378         379         380         381         382         383
                 384         385         386         387         388         389
                 390         391         392         393         394         395
                 396         397         398         399         401         402
                 403         404         405         406         407         408
                 410         411         412         413         414         415
                 416         417         418         419         420         421
                 422         423         424         425         426         427
                 428         429         430         431         432         433
                 434         435         436         437         438         439
                 440         441         442         443         444         445
                 446         447         448         449         450         451
                 452         453         454         455         456         457
                 458         459         460         461         462         463
                 464         465         467         468         469         470
                 471         472         473         474         475         477
                 478         479         480         481         482         483
                 484         485         486         487         488         489
                 490         491         492         493         494         495
                 496         497         498         499         500         501
                 502         503         504         505         506         507
                 508         509         510         511         512         513
                 514         515         516         517         518         519
                 520         521         522         523         524         525
                 526         527         528         529         530         531
                 532         533         534         537         538         539
                 540         541         542         543         544         545
                 547         548         549         550         551         552
                 553         554         555         556         557         558
                 559         560         561         562         563         564
                 565         566         567         568         569         570
                 571         572         573         574         575         576
                 577         578         579         580         581         582
                 583         584         585         586         587         588
                 589         590         591         592         593         594
                 595         596         597         598         599         600
                 601         602         603         604         605         606
                 607         608         609         611         612         613
                 614         615         616         617         618         619
                 621         622         623         624         625         626
                 627         628         629         630         631         632
                 633         634         635         636         637         638
                 639         640         641         642         643         644
                 645         646         647         648         649         650
                 651         652         653         654         655         656
                 657         658         659         660         661         662
                 663         664         665         666         667         668
                 669         670         671         672         673         674
                 675         676         677         678         679         680
                 681         682         683         684         685         686
                 687         688         690         691         692         693
                 694         695         696         697         698         700
                 701         702         703         704         705         706
                 707         708         709         710         711         712
                 713         714         715         716         717         718
                 719         720         721         722         723         724
                 725         726         727         728         729         730
                 731         732         733         734         735         736
                 737         738         739         740         741         742
                 743         744         745         746         747         748
                 749         750         751         752         753         754
                 755         756         757         758         759         760
                 761         762         763         764         765         766
                 767         768         769         770         771         772
                 773         774         776         777         778         779
                 780         781         782         783         785         786
                 787         788         789         790         791         792
                 793         794         795         796         797         798
                 799         800         801         802         803         804
                 805         806         807         808         809         810
                 811         812         813         814         815         816
                 817         818         819         820         821         822
                 823         824         825         826         827         828
                 829         830         831         832         833         834
                 835         836         837         838         839         840
                 841         842         843         844         845         846
                 847         848         849         850         851         852
                 853         854         855         856         857         858
                 859         860         861         862         863         864
                 865         866         867         868         869         871
                 872         873         874         875         876         877
                 878         879         880         881         882         883
                 886         887         888         889         890         891
                 892         893         894         895         896         897
                 898         899         900         901         902         903
                 904         905         906         907         908         909
                 910         911         912         913         914         915
                 916         917         918         919         920         921
                 922         923         924         925         926         927
                 928         929         930         931         932         933
                 934         935         936         937         938         939
                 940         941         942         943         944         945
                 946         947         948         949         950         951
                 952         953         954         955         956         957
                 958         959         960         961         962         963
                 964         965         966         967         968         969
                 970         971         972         973         974         975
                 976         977         978         979         981         982
                 983         984         985         986         987         988
                 989         990         991         992         993         994
                 995         996         998         999        1000        1001
                1002        1003        1004        1005        1006        1007
                1008        1009        1010        1011        1012        1013
                1014        1015        1016        1017        1018        1019
                1020        1021        1022        1023        1024        1025
                1026        1027        1028        1029        1030        1031
                1032        1033        1034        1035        1036        1037
                1038        1039        1040        1041        1042        1043
                1044        1045        1046        1047        1048        1049
                1050        1051        1052        1053        1054        1055
                1056        1057        1058        1059        1060        1061
                1062        1063        1064        1065        1066        1067
                1068        1069        1070        1071        1072        1073
                1074        1075        1076        1077        1078        1079
                1080        1081        1082        1083        1084        1085
                1086        1087        1088        1089        1090        1091
                1093        1094        1095        1096        1097        1098
                1099        1100        1101        1102        1103        1104
                1105        1106        1107        1108        1109        1110
                1111        1113        1114        1115        1116        1117
                1118        1119        1120        1121        1122        1123
                1124        1125        1126        1127        1128        1129
                1130        1131        1132        1133        1134        1135
                1136        1137        1138        1139        1140        1141
                1142        1143        1144        1145        1146        1147
                1148        1149        1150        1151        1152        1153
                1154        1155        1156        1157        1158        1159
                1160        1161        1162        1163        1164        1165
                1166        1167        1168        1169        1170        1171
                1172        1173        1174        1175        1176        1177
                1178        1179        1180        1181        1182        1183
                1184        1186        1187        1188        1189        1190
                1191        1192        1193        1194        1195        1196
                1197        1198        1199        1200        1201        1202
                1203        1204        1205        1206        1208        1209
                1210        1211        1212        1213        1214        1215
                1216        1217        1218        1219        1220        1221
                1222        1223        1224        1225        1226        1227
                1228        1229        1230        1231        1232        1233
                1234        1235        1236        1237        1238        1239
                1240        1241        1242        1243        1244        1245
                1246        1247        1248        1249        1250        1251
                1252        1253        1254        1255        1256        1257
                1258        1259        1260        1261        1262        1264
                1265        1266        1267        1268        1269        1270
                1271        1272        1273        1274        1275        1276
                1277        1278        1279        1280        1281        1282
                1283        1284        1285        1286        1287        1288
                1289        1290        1291        1292        1293        1294
                1295        1296        1297        1298        1299        1300
                1301        1302        1303        1304        1305        1306
                1308        1309        1310        1311        1312        1313
                1314        1315        1316        1317        1318        1319
                1320        1321        1322        1323        1324        1325
                1326        1327        1328        1329        1330        1331
                1332        1333        1334        1335        1336        1337
                1338        1339        1340        1341        1342        1343
                1344        1345        1346        1347        1348        1349
                1350        1351        1352        1353        1354        1355
                1356        1357        1358        1359        1360        1361
                1362        1363        1364        1365        1366        1367
                1368
COMM PE            3
RECV PE           12          28
                   4           7          15          16          26          41
                  60          85         113         143         171         205
                 244         288         295         347         348         409
                 476         546         620         699         784         884
                 885         997        1112        1207
RECV PE           22          28
                   5          12          22          35          51          52
                  71          84         111         140         172         206
                 245         289         340         400         466         535
                 536         610         689         775         870         980
                1092        1185        1263        1307
RECV PE           23           3
                   1           2           6
SEND PE           12          28
                   3          10          14          24          25          40
                  59          83         110         139         170         204
                 243         287         338         346         408         465
                 534         545         619         698         773         868
                 869         979        1091        1184
SEND PE           22          29
                  13          23          36          37          53          72
                  73          74          97         112         141         173
                 207         246         290         341         401         467
                 537         611         690         776         871         872
                 981        1093        1186        1264        1308
SEND PE           23           3
                   3           8          13
