eastcoast_95d_ll_select.grd nodal attributes                                    
        1410
           2
primitive_weighting_in_continuity_equation                                      
unitless                                                                        
           1
  0.500000000E-02
mannings_n_at_sea_floor                                                         
unitless                                                                        
           1
  0.250000000E-01
primitive_weighting_in_continuity_equation                                      
         270
      5834    0.20000000E-01
      5837    0.20000000E-01
      5839    0.20000000E-01
      6241    0.20000000E-01
      6242    0.20000000E-01
      6243    0.20000000E-01
      6244    0.20000000E-01
      6246    0.20000000E-01
      6248    0.20000000E-01
      6250    0.20000000E-01
      6662    0.20000000E-01
      6663    0.20000000E-01
      6664    0.20000000E-01
      6665    0.20000000E-01
      6666    0.20000000E-01
      6667    0.20000000E-01
      6668    0.20000000E-01
      6670    0.20000000E-01
      6671    0.20000000E-01
      6672    0.20000000E-01
      6673    0.20000000E-01
      6674    0.20000000E-01
      6675    0.20000000E-01
      7072    0.20000000E-01
      7074    0.20000000E-01
      7075    0.20000000E-01
      7076    0.20000000E-01
      7077    0.20000000E-01
      7078    0.20000000E-01
      7079    0.20000000E-01
      7080    0.20000000E-01
      7082    0.20000000E-01
      7083    0.20000000E-01
      7086    0.20000000E-01
      7448    0.20000000E-01
      7449    0.20000000E-01
      7450    0.20000000E-01
      7451    0.20000000E-01
      7452    0.20000000E-01
      7453    0.20000000E-01
      7454    0.20000000E-01
      7455    0.20000000E-01
      7456    0.20000000E-01
      7457    0.20000000E-01
      7458    0.20000000E-01
      7460    0.20000000E-01
      7461    0.20000000E-01
      7825    0.20000000E-01
      7827    0.20000000E-01
      7828    0.20000000E-01
      7829    0.20000000E-01
      7830    0.20000000E-01
      7831    0.20000000E-01
      7832    0.20000000E-01
      7833    0.20000000E-01
      7834    0.20000000E-01
      7835    0.20000000E-01
      7836    0.20000000E-01
      7837    0.20000000E-01
      8205    0.20000000E-01
      8206    0.20000000E-01
      8207    0.20000000E-01
      8208    0.20000000E-01
      8209    0.20000000E-01
      8210    0.20000000E-01
      8211    0.20000000E-01
      8212    0.20000000E-01
      8213    0.20000000E-01
      8214    0.20000000E-01
      8215    0.20000000E-01
      8216    0.20000000E-01
      8576    0.20000000E-01
      8610    0.20000000E-01
      8611    0.20000000E-01
      8612    0.20000000E-01
      8613    0.20000000E-01
      8614    0.20000000E-01
      8615    0.20000000E-01
      8616    0.20000000E-01
      8617    0.20000000E-01
      8618    0.20000000E-01
      8619    0.20000000E-01
      8620    0.20000000E-01
      8621    0.20000000E-01
      8980    0.20000000E-01
      8984    0.20000000E-01
      9020    0.20000000E-01
      9021    0.20000000E-01
      9022    0.20000000E-01
      9023    0.20000000E-01
      9024    0.20000000E-01
      9025    0.20000000E-01
      9026    0.20000000E-01
      9027    0.20000000E-01
      9028    0.20000000E-01
      9383    0.20000000E-01
      9384    0.20000000E-01
      9385    0.20000000E-01
      9387    0.20000000E-01
      9388    0.20000000E-01
      9389    0.20000000E-01
      9391    0.20000000E-01
      9392    0.20000000E-01
      9393    0.20000000E-01
      9425    0.20000000E-01
      9426    0.20000000E-01
      9427    0.20000000E-01
      9428    0.20000000E-01
      9429    0.20000000E-01
      9430    0.20000000E-01
      9783    0.20000000E-01
      9784    0.20000000E-01
      9785    0.20000000E-01
      9786    0.20000000E-01
      9787    0.20000000E-01
      9788    0.20000000E-01
      9789    0.20000000E-01
      9790    0.20000000E-01
      9791    0.20000000E-01
      9792    0.20000000E-01
      9793    0.20000000E-01
      9794    0.20000000E-01
      9795    0.20000000E-01
      9828    0.20000000E-01
      9829    0.20000000E-01
      9830    0.20000000E-01
     10130    0.20000000E-01
     10132    0.20000000E-01
     10133    0.20000000E-01
     10134    0.20000000E-01
     10135    0.20000000E-01
     10136    0.20000000E-01
     10137    0.20000000E-01
     10138    0.20000000E-01
     10139    0.20000000E-01
     10140    0.20000000E-01
     10141    0.20000000E-01
     10142    0.20000000E-01
     10143    0.20000000E-01
     10144    0.20000000E-01
     10145    0.20000000E-01
     10147    0.20000000E-01
     10163    0.20000000E-01
     10164    0.20000000E-01
     10165    0.20000000E-01
     10166    0.20000000E-01
     10428    0.20000000E-01
     10429    0.20000000E-01
     10430    0.20000000E-01
     10431    0.20000000E-01
     10432    0.20000000E-01
     10433    0.20000000E-01
     10434    0.20000000E-01
     10435    0.20000000E-01
     10436    0.20000000E-01
     10437    0.20000000E-01
     10438    0.20000000E-01
     10439    0.20000000E-01
     10440    0.20000000E-01
     10441    0.20000000E-01
     10442    0.20000000E-01
     10444    0.20000000E-01
     10446    0.20000000E-01
     10447    0.20000000E-01
     10450    0.20000000E-01
     10452    0.20000000E-01
     10453    0.20000000E-01
     10454    0.20000000E-01
     10671    0.20000000E-01
     10675    0.20000000E-01
     10678    0.20000000E-01
     10679    0.20000000E-01
     10680    0.20000000E-01
     10681    0.20000000E-01
     10682    0.20000000E-01
     10683    0.20000000E-01
     10684    0.20000000E-01
     10685    0.20000000E-01
     10686    0.20000000E-01
     10687    0.20000000E-01
     10688    0.20000000E-01
     10689    0.20000000E-01
     10690    0.20000000E-01
     10691    0.20000000E-01
     10693    0.20000000E-01
     10695    0.20000000E-01
     10696    0.20000000E-01
     10697    0.20000000E-01
     10903    0.20000000E-01
     10904    0.20000000E-01
     10906    0.20000000E-01
     10907    0.20000000E-01
     10908    0.20000000E-01
     10909    0.20000000E-01
     10910    0.20000000E-01
     10913    0.20000000E-01
     10914    0.20000000E-01
     10915    0.20000000E-01
     10916    0.20000000E-01
     10917    0.20000000E-01
     10918    0.20000000E-01
     10919    0.20000000E-01
     10920    0.20000000E-01
     10921    0.20000000E-01
     10922    0.20000000E-01
     10923    0.20000000E-01
     11127    0.20000000E-01
     11128    0.20000000E-01
     11129    0.20000000E-01
     11130    0.20000000E-01
     11131    0.20000000E-01
     11132    0.20000000E-01
     11133    0.20000000E-01
     11134    0.20000000E-01
     11135    0.20000000E-01
     11136    0.20000000E-01
     11137    0.20000000E-01
     11138    0.20000000E-01
     11139    0.20000000E-01
     11140    0.20000000E-01
     11141    0.20000000E-01
     11142    0.20000000E-01
     11143    0.20000000E-01
     11144    0.20000000E-01
     11145    0.20000000E-01
     11327    0.20000000E-01
     11351    0.20000000E-01
     11352    0.20000000E-01
     11353    0.20000000E-01
     11354    0.20000000E-01
     11355    0.20000000E-01
     11356    0.20000000E-01
     11358    0.20000000E-01
     11359    0.20000000E-01
     11360    0.20000000E-01
     11361    0.20000000E-01
     11362    0.20000000E-01
     11363    0.20000000E-01
     11364    0.20000000E-01
     11365    0.20000000E-01
     11366    0.20000000E-01
     11367    0.20000000E-01
     11368    0.20000000E-01
     11548    0.20000000E-01
     11577    0.20000000E-01
     11578    0.20000000E-01
     11579    0.20000000E-01
     11580    0.20000000E-01
     11586    0.20000000E-01
     11587    0.20000000E-01
     11588    0.20000000E-01
     11589    0.20000000E-01
     11590    0.20000000E-01
     11591    0.20000000E-01
     11592    0.20000000E-01
     11593    0.20000000E-01
     11775    0.20000000E-01
     11805    0.20000000E-01
     11808    0.20000000E-01
     11814    0.20000000E-01
     11816    0.20000000E-01
     11817    0.20000000E-01
     12020    0.20000000E-01
     12223    0.20000000E-01
     12234    0.20000000E-01
     12445    0.20000000E-01
     12446    0.20000000E-01
     12447    0.20000000E-01
     12661    0.20000000E-01
     12662    0.20000000E-01
mannings_n_at_sea_floor                                                         
           0
