AL, 09, 2020072906,   , BEST,  12, 148N,  603W,  40, 1005,   ,  34, NEQ,  240,    0,    0,  120, 1013,     , 150,     ,    ,    ,    ,    ,282,  19,    ISAIAS  ,   1,    1, 1, 1, 1, 1,    177.4,   53.5,   53.5,  120.0,    1.3328,   2.3025,   1.6241,   1.6241,   1.8539,  33.8563,  33.8563,  33.8563,  32.4068
AL, 09, 2020072912,   , BEST,  18, 152N,  622W,  40, 1005,   ,  34, NEQ,  240,    0,    0,  120, 1013,     , 150,     ,    ,    ,    ,    ,282,  19,    ISAIAS  ,   2,    1, 1, 1, 1, 1,    178.3,   53.7,   53.7,  120.0,    1.3328,   2.3323,   1.6332,   1.6332,   1.8705,  33.8563,  33.8563,  33.8563,  32.4064
AL, 09, 2020072918,   , BEST,  24, 153N,  640W,  40, 1005,   ,  34, NEQ,  300,    0,    0,  120, 1013,     , 150,     ,    ,    ,    ,    ,273,  17,    ISAIAS  ,   3,    1, 1, 1, 1, 1,    234.2,   67.5,   67.5,   99.9,    1.3724,   2.7073,   1.7579,   1.7579,   1.9445,  34.3564,  34.3564,  34.3564,  34.3564
AL, 09, 2020073000,   , BEST,  30, 158N,  657W,  45, 1004,   ,  34, NEQ,  300,    0,    0,  180, 1013,     , 150,     ,    ,    ,    ,    ,287,  17,    ISAIAS  ,   4,    1, 1, 1, 1, 1,    217.1,   96.6,   70.3,  144.7,    1.6546,   2.9674,   2.2395,   2.0794,   2.5311,  40.0112,  40.0112,  40.0112,  40.0112
AL, 09, 2020073006,   , BEST,  36, 167N,  672W,  50, 1003,   ,  34, NEQ,  300,   60,    0,  180, 1013,     ,  90,     ,    ,    ,    ,    ,302,  17,    ISAIAS  ,   5,    1, 1, 1, 1, 1,    210.5,   36.5,   67.0,  137.7,    1.9358,   3.3070,   2.1719,   2.3714,   2.8336,  45.6192,  45.6192,  45.6192,  45.6192
AL, 09, 2020073006,   , BEST,  42, 167N,  672W,  50, 1003,   ,  50, NEQ,   80,    0,    0,    0, 1013,     ,  90,     ,    ,    ,    ,    ,302,   1,    ISAIAS  ,   6,    2, 1, 1, 1, 1,     80.0,    0.0,    0.0,    0.0,    2.7013,   3.3134,   3.0054,   3.0054,   3.0054,  53.9086,  53.8889,  53.8889,  53.8889
AL, 09, 2020073012,   , BEST,  42, 177N,  685W,  55, 1002,   ,  34, NEQ,  270,   90,    0,  180, 1013,     ,  80,     ,    ,    ,    ,    ,302,   1,    ISAIAS  ,   6,    2, 1, 1, 0, 1,    197.7,   57.3,   91.9,  125.8,    2.9881,   4.5871,   3.4504,   3.7310,   4.0052,  59.4444,  59.4444,  59.4444,  59.4444
AL, 09, 2020073012,   , BEST,  48, 177N,  685W,  55, 1002,   ,  50, NEQ,   80,    0,    0,    0, 1013,     ,  80,     ,    ,    ,    ,    ,302,   1,    ISAIAS  ,   7,    2, 1, 1, 1, 1,     66.9,    0.0,    0.0,    0.0,    2.9881,   3.5279,   3.2618,   3.2727,   3.2590,  59.4444,  59.4444,  59.4444,  59.4444
AL, 09, 2020073016,   , BEST,  48, 184N,  693W,  55, 1002,   ,  34, NEQ,  270,   90,    0,  180, 1013,     ,  80,     ,    ,    ,    ,    ,302,   1,    ISAIAS  ,   7,    2, 1, 1, 0, 1,    198.9,   57.5,   92.4,  126.5,    2.9881,   4.6582,   3.4700,   3.7631,   4.0498,  59.4444,  59.4444,  59.4444,  59.4444
AL, 09, 2020073016,   , BEST,  52, 184N,  693W,  55, 1002,   ,  50, NEQ,   80,    0,    0,    0, 1013,     ,  80,     ,    ,    ,    ,    ,302,   1,    ISAIAS  ,   8,    2, 1, 1, 1, 1,     67.0,    0.0,    0.0,    0.0,    2.9881,   3.5494,   3.2724,   3.2838,   3.2696,  59.4444,  59.4444,  59.4444,  59.4444
AL, 09, 2020073018,   , BEST,  52, 189N,  698W,  60,  999,   ,  34, NEQ,  210,   90,    0,  180, 1013,     ,  80,     ,    ,    ,    ,    ,302,   1,    ISAIAS  ,   8,    2, 1, 1, 0, 1,    137.3,   52.2,   84.4,  116.4,    2.8072,   3.8241,   3.1929,   3.4315,   3.6689,  65.0000,  65.0000,  65.0000,  65.0000
AL, 09, 2020073018,   , BEST,  54, 189N,  698W,  60,  999,   ,  50, NEQ,   80,    0,    0,    0, 1013,     ,  80,     ,    ,    ,    ,    ,302,   1,    ISAIAS  ,   9,    2, 1, 1, 1, 1,     60.5,    0.0,    0.0,    0.0,    2.8072,   3.2542,   3.0290,   3.0348,   3.0276,  65.0000,  65.0000,  65.0000,  65.0000
AL, 09, 2020073100,   , BEST,  54, 199N,  712W,  65,  996,   ,  34, NEQ,  180,   90,   30,  150, 1013,     ,  20,     ,    ,    ,    ,    ,302,   1,    ISAIAS  ,   9,    2, 1, 1, 1, 1,    107.2,   48.4,   14.9,   87.8,    2.7239,   3.4701,   3.0594,   2.8267,   3.3344,  70.5556,  70.5556,  70.5556,  70.5556
AL, 09, 2020073100,   , BEST,  60, 199N,  712W,  65,  996,   ,  50, NEQ,   80,   40,   20,   80, 1013,     ,  20,     ,    ,    ,    ,    ,302,   1,    ISAIAS  ,  10,    3, 1, 1, 1, 1,     55.7,   27.4,   13.7,   56.9,    2.7239,   3.1107,   2.9133,   2.8185,   3.1187,  70.5556,  70.5556,  70.5556,  70.5556
AL, 09, 2020073100,   , BEST,  60, 199N,  712W,  65,  996,   ,  64, NEQ,   25,    0,    0,    0, 1013,     ,  20,     ,    ,    ,    ,    ,302,   1,    ISAIAS  ,  10,    3, 1, 0, 0, 0,     22.9,    0.0,    0.0,    0.0,    2.7239,   2.8826,   2.7995,   2.7995,   2.7995,  70.5556,  70.5556,  70.5556,  70.5556
AL, 09, 2020073106,   , BEST,  60, 205N,  727W,  70,  990,   ,  34, NEQ,  180,   90,   50,  150, 1013,     ,  20,     ,    ,    ,    ,    ,302,   1,    ISAIAS  ,  10,    3, 1, 1, 1, 1,     92.4,   40.7,   21.4,   75.2,    2.3428,   2.8713,   2.5750,   2.4644,   2.7726,  76.1111,  76.1111,  76.1111,  76.1111
AL, 09, 2020073106,   , BEST,  66, 205N,  727W,  70,  990,   ,  50, NEQ,   80,   40,   30,   80, 1013,     ,  20,     ,    ,    ,    ,    ,302,   1,    ISAIAS  ,  11,    3, 1, 1, 1, 1,     48.7,   23.6,   17.9,   49.7,    2.3428,   2.6204,   2.4771,   2.4443,   2.6262,  76.1111,  76.1111,  76.1111,  76.1111
AL, 09, 2020073106,   , BEST,  66, 205N,  727W,  70,  990,   ,  64, NEQ,   40,   20,   10,   30, 1013,     ,  20,     ,    ,    ,    ,    ,302,   1,    ISAIAS  ,  11,    3, 1, 1, 1, 1,     31.1,   16.0,    8.3,   23.9,    2.3428,   2.5199,   2.4336,   2.3897,   2.4785,  76.1111,  76.1111,  76.1111,  76.1111
AL, 09, 2020073109,   , BEST,  66, 209N,  734W,  70,  990,   ,  34, NEQ,  180,   90,   50,  150, 1013,     ,  20,     ,    ,    ,    ,    ,302,   1,    ISAIAS  ,  11,    3, 1, 1, 1, 1,     92.8,   40.9,   21.4,   75.5,    2.3428,   2.8835,   2.5800,   2.4670,   2.7824,  76.1111,  76.1111,  76.1111,  76.1111
AL, 09, 2020073109,   , BEST,  69, 209N,  734W,  70,  990,   ,  50, NEQ,   80,   40,   30,   80, 1013,     ,  20,     ,    ,    ,    ,    ,302,   1,    ISAIAS  ,  12,    3, 1, 1, 1, 1,     48.8,   23.7,   17.9,   49.7,    2.3428,   2.6261,   2.4798,   2.4463,   2.6318,  76.1111,  76.1111,  76.1111,  76.1111
AL, 09, 2020073109,   , BEST,  69, 209N,  734W,  70,  990,   ,  64, NEQ,   40,   20,   10,   30, 1013,     ,  20,     ,    ,    ,    ,    ,302,   1,    ISAIAS  ,  12,    3, 1, 1, 1, 1,     31.1,   16.0,    8.3,   23.9,    2.3428,   2.5233,   2.4354,   2.3905,   2.4811,  76.1111,  76.1111,  76.1111,  76.1111
AL, 09, 2020073112,   , BEST,  69, 213N,  740W,  65,  992,   ,  34, NEQ,  180,   90,   50,  150, 1013,     ,  20,     ,    ,    ,    ,    ,302,   1,    ISAIAS  ,  12,    3, 1, 1, 1, 1,     95.6,   42.0,   22.0,   77.9,    2.2050,   2.7823,   2.4574,   2.3370,   2.6750,  70.5556,  70.5556,  70.5556,  70.5556
AL, 09, 2020073112,   , BEST,  72, 213N,  740W,  65,  992,   ,  50, NEQ,   80,   40,   30,   70, 1013,     ,  20,     ,    ,    ,    ,    ,302,   1,    ISAIAS  ,  13,    3, 1, 1, 1, 1,     51.4,   24.9,   19.1,   45.6,    2.2050,   2.5145,   2.3543,   2.3193,   2.4794,  70.5556,  70.5556,  70.5556,  70.5556
AL, 09, 2020073112,   , BEST,  72, 213N,  740W,  65,  992,   ,  64, NEQ,   30,   20,    0,   20, 1013,     ,  20,     ,    ,    ,    ,    ,302,   1,    ISAIAS  ,  13,    3, 1, 1, 0, 1,     27.0,   20.0,    0.0,   20.0,    2.2050,   2.3671,   2.3715,   2.3122,   2.3409,  70.5556,  71.2804,  70.5556,  70.8061
AL, 09, 2020073118,   , BEST,  72, 221N,  751W,  70,  990,   ,  34, NEQ,  150,   70,   30,  130, 1013,     ,  15,     ,    ,    ,    ,    ,302,   1,    ISAIAS  ,  13,    3, 1, 1, 1, 1,     75.1,   30.8,   12.4,   64.2,    2.3428,   2.8038,   2.5310,   2.4183,   2.7369,  76.1111,  76.1111,  76.1111,  76.1111
AL, 09, 2020073118,   , BEST,  78, 221N,  751W,  70,  990,   ,  50, NEQ,   80,   30,    0,   50, 1013,     ,  15,     ,    ,    ,    ,    ,302,   1,    ISAIAS  ,  14,    3, 1, 1, 1, 1,     49.0,   17.5,    0.0,   30.0,    2.3428,   2.6432,   2.4497,   2.4909,   2.5261,  76.1111,  76.1111,  76.1111,  76.1111
AL, 09, 2020073118,   , BEST,  78, 221N,  751W,  70,  990,   ,  64, NEQ,   30,   20,    0,   20, 1013,     ,  15,     ,    ,    ,    ,    ,302,   1,    ISAIAS  ,  14,    3, 1, 1, 0, 1,     23.2,   16.0,    0.0,   15.8,    2.3428,   2.4846,   2.4404,   2.4443,   2.4393,  76.1111,  76.1111,  76.1111,  76.1111
AL, 09, 2020080100,   , BEST,  78, 229N,  759W,  75,  987,   ,  34, NEQ,  150,   70,   30,  130, 1013,     ,  15,     ,    ,    ,    ,    ,302,   1,    ISAIAS  ,  14,    3, 1, 1, 1, 1,     72.1,   29.4,   11.8,   61.5,    2.3861,   2.8203,   2.5627,   2.4566,   2.7564,  81.6667,  81.6667,  81.6667,  81.6667
AL, 09, 2020080100,   , BEST,  84, 229N,  759W,  75,  987,   ,  50, NEQ,   80,   30,    0,   50, 1013,     ,  15,     ,    ,    ,    ,    ,302,   1,    ISAIAS  ,  15,    3, 1, 1, 1, 1,     46.3,   16.4,    0.0,   28.2,    2.3861,   2.6647,   2.4846,   2.5222,   2.5553,  81.6667,  81.6667,  81.6667,  81.6667
AL, 09, 2020080100,   , BEST,  84, 229N,  759W,  75,  987,   ,  64, NEQ,   30,   20,    0,   20, 1013,     ,  15,     ,    ,    ,    ,    ,302,   1,    ISAIAS  ,  15,    3, 1, 1, 0, 1,     21.1,   14.4,    0.0,   14.2,    2.3861,   2.5127,   2.4720,   2.4743,   2.4714,  81.6667,  81.6667,  81.6667,  81.6667
AL, 09, 2020080106,   , BEST,  84, 236N,  767W,  75,  987,   ,  34, NEQ,  150,   70,   30,  130, 1013,     ,  10,     ,    ,    ,    ,    ,302,   1,    ISAIAS  ,  15,    3, 1, 1, 1, 1,     72.5,   29.6,   11.8,   61.9,    2.3861,   2.8358,   2.5685,   2.4588,   2.7694,  81.6667,  81.6667,  81.6667,  81.6667
AL, 09, 2020080106,   , BEST,  90, 236N,  767W,  75,  987,   ,  50, NEQ,   80,   30,    0,   50, 1013,     ,  10,     ,    ,    ,    ,    ,302,   1,    ISAIAS  ,  16,    3, 1, 1, 1, 1,     46.5,   16.4,    0.0,   28.4,    2.3861,   2.6738,   2.4874,   2.5264,   2.5613,  81.6667,  81.6667,  81.6667,  81.6667
AL, 09, 2020080106,   , BEST,  90, 236N,  767W,  75,  987,   ,  64, NEQ,   30,   20,    0,   20, 1013,     ,  10,     ,    ,    ,    ,    ,302,   1,    ISAIAS  ,  16,    3, 1, 1, 0, 1,     21.1,   14.4,    0.0,   14.3,    2.3861,   2.5164,   2.4745,   2.4769,   2.4739,  81.6667,  81.6667,  81.6667,  81.6667
AL, 09, 2020080112,   , BEST,  90, 243N,  775W,  70,  987,   ,  34, NEQ,  100,   70,   30,  100, 1013,     ,  10,     ,    ,    ,    ,    ,302,   1,    ISAIAS  ,  16,    3, 1, 1, 1, 1,     42.2,   28.0,   11.1,   43.2,    2.0725,   2.3234,   2.2381,   2.1379,   2.3289,  76.1111,  76.1111,  76.1111,  76.1111
AL, 09, 2020080112,   , BEST,  96, 243N,  775W,  70,  987,   ,  50, NEQ,   70,   30,    0,   30, 1013,     ,  10,     ,    ,    ,    ,    ,302,   1,    ISAIAS  ,  17,    3, 1, 1, 1, 1,     40.0,   16.4,    0.0,   16.3,    2.0725,   2.3098,   2.1695,   2.1720,   2.1691,  76.1111,  76.1111,  76.1111,  76.1111
AL, 09, 2020080112,   , BEST,  96, 243N,  775W,  70,  987,   ,  64, NEQ,   20,   15,    0,   20, 1013,     ,  10,     ,    ,    ,    ,    ,302,   1,    ISAIAS  ,  17,    3, 1, 1, 0, 1,     14.9,   11.6,    0.0,   15.4,    2.0725,   2.1602,   2.1412,   2.1539,   2.1634,  76.1111,  76.1111,  76.1111,  76.1111
AL, 09, 2020080113,   , BEST,  96, 244N,  777W,  70,  989,   ,  34, NEQ,  100,   70,   30,  100, 1013,     ,  10,     ,    ,    ,    ,    ,302,   1,    ISAIAS  ,  17,    3, 1, 1, 1, 1,     45.3,   30.2,   12.0,   46.2,    2.2452,   2.5376,   2.4394,   2.3221,   2.5434,  76.1111,  76.1111,  76.1111,  76.1111
AL, 09, 2020080113,   , BEST,  97, 244N,  777W,  70,  989,   ,  50, NEQ,   60,   30,    0,   30, 1013,     ,  10,     ,    ,    ,    ,    ,302,   1,    ISAIAS  ,  18,    3, 1, 1, 1, 1,     35.3,   17.2,    0.0,   17.1,    2.2452,   2.4725,   2.3557,   2.3583,   2.3553,  76.1111,  76.1111,  76.1111,  76.1111
AL, 09, 2020080113,   , BEST,  97, 244N,  777W,  70,  989,   ,  64, NEQ,   20,   15,    0,   20, 1013,     ,  10,     ,    ,    ,    ,    ,302,   1,    ISAIAS  ,  18,    3, 1, 1, 0, 1,     15.2,   11.9,    0.0,   15.7,    2.2452,   2.3428,   2.3213,   2.3352,   2.3460,  76.1111,  76.1111,  76.1111,  76.1111
AL, 09, 2020080118,   , BEST,  97, 248N,  783W,  60,  993,   ,  34, NEQ,  100,   70,    0,   90, 1013,     ,  20,     ,    ,    ,    ,    ,302,   1,    ISAIAS  ,  18,    3, 1, 1, 0, 1,     48.0,   31.9,   38.5,   43.4,    1.9650,   2.2884,   2.1796,   2.2241,   2.2575,  65.0000,  65.0000,  65.0000,  65.0000
AL, 09, 2020080118,   , BEST, 102, 248N,  783W,  60,  993,   ,  50, NEQ,   50,   30,    0,   30, 1013,     ,  20,     ,    ,    ,    ,    ,302,   1,    ISAIAS  ,  19,    2, 1, 1, 1, 1,     33.0,   19.9,    0.0,   19.8,    1.9650,   2.1867,   2.0987,   2.1040,   2.0977,  65.0000,  65.0000,  65.0000,  65.0000
AL, 09, 2020080200,   , BEST, 102, 253N,  789W,  60,  995,   ,  34, NEQ,  100,   70,    0,   90, 1013,     ,  20,     ,    ,    ,    ,    ,302,   1,    ISAIAS  ,  19,    2, 1, 1, 0, 1,     52.0,   34.7,   41.6,   47.0,    2.1834,   2.5793,   2.4472,   2.5001,   2.5410,  65.0000,  65.0000,  65.0000,  65.0000
AL, 09, 2020080200,   , BEST, 108, 253N,  789W,  60,  995,   ,  50, NEQ,   50,   30,    0,   30, 1013,     ,  20,     ,    ,    ,    ,    ,302,   1,    ISAIAS  ,  20,    2, 1, 1, 1, 1,     34.4,   20.8,    0.0,   20.7,    2.1834,   2.4448,   2.3411,   2.3465,   2.3403,  65.0000,  65.0000,  65.0000,  65.0000
AL, 09, 2020080206,   , BEST, 108, 259N,  792W,  55,  996,   ,  34, NEQ,  100,   80,    0,   60, 1013,     ,  40,     ,    ,    ,    ,    ,302,   1,    ISAIAS  ,  20,    2, 1, 1, 0, 1,     52.7,   41.2,   36.4,   29.8,    1.9335,   2.3325,   2.2446,   2.2084,   2.1580,  59.4444,  59.4444,  59.4444,  59.4444
AL, 09, 2020080206,   , BEST, 114, 259N,  792W,  55,  996,   ,  50, NEQ,   50,   30,    0,   20, 1013,     ,  40,     ,    ,    ,    ,    ,302,   1,    ISAIAS  ,  21,    2, 1, 1, 1, 1,     37.7,   23.4,    0.0,   15.2,    1.9335,   2.2183,   2.1096,   2.0885,   2.0478,  59.4444,  59.4444,  59.4444,  59.4444
AL, 09, 2020080212,   , BEST, 114, 266N,  795W,  55,  995,   ,  34, NEQ,  100,   80,    0,   60, 1013,     ,  30,     ,    ,    ,    ,    ,302,   1,    ISAIAS  ,  21,    2, 1, 1, 0, 1,     51.0,   39.7,   35.2,   28.7,    1.8261,   2.2002,   2.1172,   2.0834,   2.0355,  59.4444,  59.4444,  59.4444,  59.4444
AL, 09, 2020080212,   , BEST, 120, 266N,  795W,  55,  995,   ,  50, NEQ,   50,   30,    0,   20, 1013,     ,  30,     ,    ,    ,    ,    ,302,   1,    ISAIAS  ,  22,    2, 1, 1, 1, 1,     37.2,   23.1,    0.0,   15.0,    1.8261,   2.0982,   1.9945,   1.9747,   1.9351,  59.4444,  59.4444,  59.4444,  59.4444
AL, 09, 2020080218,   , BEST, 120, 274N,  796W,  60,  995,   ,  34, NEQ,  100,   80,    0,   60, 1013,     ,  30,     ,    ,    ,    ,    ,302,   1,    ISAIAS  ,  22,    2, 1, 1, 0, 1,     52.7,   41.1,   36.1,   29.7,    2.1834,   2.6162,   2.5200,   2.4788,   2.4261,  65.0000,  65.0000,  65.0000,  65.0000
AL, 09, 2020080218,   , BEST, 126, 274N,  796W,  60,  995,   ,  50, NEQ,   50,   30,    0,   20, 1013,     ,  30,     ,    ,    ,    ,    ,302,   1,    ISAIAS  ,  23,    2, 1, 1, 1, 1,     34.6,   20.9,    0.0,   13.6,    2.1834,   2.4665,   2.3538,   2.3291,   2.2942,  65.0000,  65.0000,  65.0000,  65.0000
AL, 09, 2020080300,   , BEST, 126, 282N,  797W,  60,  995,   ,  34, NEQ,  100,   80,    0,   60, 1013,     ,  30,     ,    ,    ,    ,    ,302,   1,    ISAIAS  ,  23,    2, 1, 1, 0, 1,     53.0,   41.3,   36.2,   29.8,    2.1834,   2.6303,   2.5307,   2.4881,   2.4336,  65.0000,  65.0000,  65.0000,  65.0000
AL, 09, 2020080300,   , BEST, 132, 282N,  797W,  60,  995,   ,  50, NEQ,   50,   30,    0,   20, 1013,     ,  30,     ,    ,    ,    ,    ,302,   1,    ISAIAS  ,  24,    2, 1, 1, 1, 1,     34.6,   20.9,    0.0,   13.6,    2.1834,   2.4747,   2.3589,   2.3331,   2.2973,  65.0000,  65.0000,  65.0000,  65.0000
AL, 09, 2020080306,   , BEST, 132, 291N,  799W,  60,  995,   ,  34, NEQ,  100,  110,    0,   60, 1013,     ,  30,     ,    ,    ,    ,    ,302,   1,    ISAIAS  ,  24,    2, 1, 1, 0, 1,     53.3,   60.7,   45.7,   29.9,    2.1834,   2.6462,   2.7106,   2.5796,   2.4421,  65.0000,  65.0000,  65.0000,  65.0000
AL, 09, 2020080306,   , BEST, 138, 291N,  799W,  60,  995,   ,  50, NEQ,   50,   40,    0,   20, 1013,     ,  30,     ,    ,    ,    ,    ,302,   1,    ISAIAS  ,  25,    2, 1, 1, 1, 1,     34.7,   28.3,    0.0,   13.6,    2.1834,   2.4839,   2.4285,   2.3701,   2.3007,  65.0000,  65.0000,  65.0000,  65.0000
AL, 09, 2020080312,   , BEST, 138, 301N,  800W,  60,  995,   ,  34, NEQ,  100,  110,    0,   60, 1013,     ,  30,     ,    ,    ,    ,    ,302,   1,    ISAIAS  ,  25,    2, 1, 1, 0, 1,     53.7,   61.1,   46.0,   30.1,    2.1834,   2.6638,   2.7307,   2.5943,   2.4515,  65.0000,  65.0000,  65.0000,  65.0000
AL, 09, 2020080312,   , BEST, 144, 301N,  800W,  60,  995,   ,  50, NEQ,   50,   50,    0,   20, 1013,     ,  30,     ,    ,    ,    ,    ,302,   1,    ISAIAS  ,  26,    2, 1, 1, 1, 1,     34.8,   36.0,    0.0,   13.6,    2.1834,   2.4940,   2.5044,   2.4101,   2.3046,  65.0000,  65.0000,  65.0000,  65.0000
AL, 09, 2020080318,   , BEST, 144, 312N,  797W,  65,  991,   ,  34, NEQ,  110,  110,   40,   60, 1013,     ,  20,     ,    ,    ,    ,    ,302,   1,    ISAIAS  ,  26,    2, 1, 1, 1, 1,     54.7,   55.5,   17.2,   27.0,    2.1048,   2.5544,   2.5606,   2.2452,   2.3254,  70.5556,  70.5556,  70.5556,  70.5556
AL, 09, 2020080318,   , BEST, 150, 312N,  797W,  65,  991,   ,  50, NEQ,   50,   50,    0,   20, 1013,     ,  20,     ,    ,    ,    ,    ,302,   1,    ISAIAS  ,  27,    3, 1, 1, 1, 1,     31.1,   32.0,    0.0,   12.0,    2.1048,   2.3595,   2.3668,   2.2878,   2.2027,  70.5556,  70.5556,  70.5556,  70.5556
AL, 09, 2020080318,   , BEST, 150, 312N,  797W,  65,  991,   ,  64, NEQ,   20,   20,    0,    0, 1013,     ,  20,     ,    ,    ,    ,    ,302,   1,    ISAIAS  ,  27,    3, 1, 1, 0, 0,     17.9,   20.0,    0.0,    0.0,    2.1048,   2.2511,   2.3184,   2.1771,   2.1771,  70.5556,  71.3621,  70.5556,  70.5556
AL, 09, 2020080400,   , BEST, 150, 328N,  791W,  80,  986,   ,  34, NEQ,  110,  110,   40,   60, 1013,     ,  20,     ,    ,    ,    ,    ,302,   1,    ISAIAS  ,  27,    3, 1, 1, 1, 1,     54.0,   54.5,   17.1,   26.7,    2.6210,   3.0861,   3.0901,   2.7673,   2.8506,  87.2222,  87.2222,  87.2222,  87.2222
AL, 09, 2020080400,   , BEST, 156, 328N,  791W,  80,  986,   ,  50, NEQ,   50,   50,   30,   30, 1013,     ,  20,     ,    ,    ,    ,    ,302,   1,    ISAIAS  ,  28,    3, 1, 1, 1, 1,     28.3,   28.8,   16.9,   16.6,    2.6210,   2.8643,   2.8682,   2.7657,   2.7636,  87.2222,  87.2222,  87.2222,  87.2222
AL, 09, 2020080400,   , BEST, 156, 328N,  791W,  80,  986,   ,  64, NEQ,   20,   20,   20,    0, 1013,     ,  20,     ,    ,    ,    ,    ,302,   1,    ISAIAS  ,  28,    3, 1, 1, 1, 0,     13.5,   13.8,   14.0,    0.0,    2.6210,   2.7364,   2.7391,   2.7413,   2.7385,  87.2222,  87.2222,  87.2222,  87.2222
AL, 09, 2020080403,   , BEST, 156, 339N,  785W,  80,  986,   ,  34, NEQ,  110,  110,   40,   60, 1013,     ,  20,     ,    ,    ,    ,    ,302,   1,    ISAIAS  ,  28,    3, 1, 1, 1, 1,     54.4,   54.8,   17.1,   26.9,    2.6210,   3.1030,   3.1071,   2.7721,   2.8585,  87.2222,  87.2222,  87.2222,  87.2222
AL, 09, 2020080403,   , BEST, 159, 339N,  785W,  80,  986,   ,  50, NEQ,   50,   50,   30,   30, 1013,     ,  20,     ,    ,    ,    ,    ,302,   1,    ISAIAS  ,  29,    3, 1, 1, 1, 1,     28.4,   28.9,   16.9,   16.7,    2.6210,   2.8722,   2.8763,   2.7703,   2.7684,  87.2222,  87.2222,  87.2222,  87.2222
AL, 09, 2020080403,   , BEST, 159, 339N,  785W,  80,  986,   ,  64, NEQ,   20,   20,   20,    0, 1013,     ,  20,     ,    ,    ,    ,    ,302,   1,    ISAIAS  ,  29,    3, 1, 1, 1, 0,     13.5,   13.8,   14.0,    0.0,    2.6210,   2.7399,   2.7428,   2.7449,   2.7428,  87.2222,  87.2222,  87.2222,  87.2222
AL, 09, 2020080406,   , BEST, 159, 350N,  781W,  60,  992,   ,  34, NEQ,  110,  120,   40,   40, 1013,     ,  40,     ,    ,    ,    ,    ,302,   1,    ISAIAS  ,  29,    3, 1, 1, 1, 1,     56.1,   63.6,   17.4,   17.0,    1.8714,   2.3664,   2.4332,   2.0232,   2.0199,  65.0000,  65.0000,  65.0000,  65.0000
AL, 09, 2020080406,   , BEST, 162, 350N,  781W,  60,  992,   ,  50, NEQ,   50,   50,    0,    0, 1013,     ,  40,     ,    ,    ,    ,    ,302,   1,    ISAIAS  ,  30,    2, 1, 1, 1, 1,     33.2,   34.5,    0.0,    0.0,    1.8714,   2.1629,   2.1745,   2.0206,   2.0156,  65.0000,  65.0000,  65.0000,  65.0000
AL, 09, 2020080412,   , BEST, 162, 377N,  768W,  60,  993,   ,  34, NEQ,  110,  120,   40,   40, 1013,     ,  50,     ,    ,    ,    ,    ,302,   1,    ISAIAS  ,  30,    2, 1, 1, 1, 1,     59.0,   66.8,   18.2,   17.9,    1.9650,   2.5470,   2.6241,   2.1435,   2.1399,  65.0000,  65.0000,  65.0000,  65.0000
AL, 09, 2020080412,   , BEST, 168, 377N,  768W,  60,  993,   ,  50, NEQ,   60,   60,    0,    0, 1013,     ,  50,     ,    ,    ,    ,    ,302,   1,    ISAIAS  ,  31,    2, 1, 1, 1, 1,     41.6,   43.1,    0.0,    0.0,    1.9650,   2.3746,   2.3893,   2.1719,   2.1655,  65.0000,  65.0000,  65.0000,  65.0000
AL, 09, 2020080418,   , BEST, 168, 409N,  751W,  55,  994,   ,  34, NEQ,  110,  150,   40,   40, 1013,     ,  70,     ,    ,    ,    ,    ,302,   1,    ISAIAS  ,  31,    2, 1, 1, 1, 1,     60.9,   92.0,   18.7,   18.2,    1.7300,   2.3522,   2.6711,   1.9193,   1.9143,  59.4444,  59.4444,  59.4444,  59.4444
AL, 09, 2020080418,   , BEST, 174, 409N,  751W,  55,  994,   ,  50, NEQ,   60,   80,    0,    0, 1013,     ,  70,     ,    ,    ,    ,    ,302,   1,    ISAIAS  ,  32,    2, 1, 1, 1, 1,     45.9,   65.8,    0.0,    0.0,    1.7300,   2.1983,   2.4030,   2.0245,   2.0077,  59.4444,  59.4444,  59.4444,  59.4444
AL, 09, 2020080500,   , BEST, 174, 440N,  731W,  45,  998,   ,  34, NEQ,   60,  150,    0,    0, 1013,     , 120,     ,    ,    ,    ,    ,302,   1,    ISAIAS  ,  32,    2, 1, 1, 0, 0,     34.1,  107.3,   31.6,   30.3,    1.4487,   1.8318,   2.6551,   1.8036,   1.7894,  48.3333,  48.3333,  48.3333,  48.3333
AL, 09, 2020080506,   , BEST, 180, 467N,  718W,  35, 1000,   ,  34, NEQ,   90,   90,    0,    0, 1013,     ,  90,     ,    ,    ,    ,    , 19,  29,    ISAIAS  ,  33,    1, 1, 1, 1, 1,     90.0,   72.6,   30.1,   30.1,    0.4515,   1.5569,   1.0453,   0.7103,   0.7103,  31.5248,  25.1193,  25.1193,  25.1193
