eastcoast_95d_ll_select.grd nodal attributes                                    
        1368
           2
primitive_weighting_in_continuity_equation                                      
unitless                                                                        
           1
  0.500000000E-02
mannings_n_at_sea_floor                                                         
unitless                                                                        
           1
  0.250000000E-01
primitive_weighting_in_continuity_equation                                      
         109
     16542    0.20000000E-01
     16797    0.20000000E-01
     17025    0.20000000E-01
     17026    0.20000000E-01
     17228    0.20000000E-01
     17229    0.20000000E-01
     17230    0.20000000E-01
     17434    0.20000000E-01
     17511    0.20000000E-01
     17517    0.20000000E-01
     17720    0.20000000E-01
     18505    0.20000000E-01
     19407    0.20000000E-01
     19409    0.20000000E-01
     19774    0.20000000E-01
     19775    0.20000000E-01
     19776    0.20000000E-01
     20146    0.20000000E-01
     20147    0.20000000E-01
     20148    0.20000000E-01
     20152    0.20000000E-01
     20153    0.20000000E-01
     20155    0.20000000E-01
     20541    0.20000000E-01
     20542    0.20000000E-01
     20543    0.20000000E-01
     20544    0.20000000E-01
     20545    0.20000000E-01
     20547    0.20000000E-01
     20548    0.20000000E-01
     20950    0.20000000E-01
     20951    0.20000000E-01
     20952    0.20000000E-01
     20953    0.20000000E-01
     20960    0.20000000E-01
     20961    0.20000000E-01
     20962    0.20000000E-01
     20963    0.20000000E-01
     20964    0.20000000E-01
     20965    0.20000000E-01
     21369    0.20000000E-01
     21371    0.20000000E-01
     21374    0.20000000E-01
     21375    0.20000000E-01
     21376    0.20000000E-01
     21787    0.20000000E-01
     21788    0.20000000E-01
     21789    0.20000000E-01
     21790    0.20000000E-01
     21791    0.20000000E-01
     21792    0.20000000E-01
     22211    0.20000000E-01
     22212    0.20000000E-01
     22213    0.20000000E-01
     22214    0.20000000E-01
     22215    0.20000000E-01
     22627    0.20000000E-01
     22628    0.20000000E-01
     22629    0.20000000E-01
     22630    0.20000000E-01
     23055    0.20000000E-01
     23056    0.20000000E-01
     23496    0.20000000E-01
     23497    0.20000000E-01
     23946    0.20000000E-01
     23947    0.20000000E-01
     24378    0.20000000E-01
     24379    0.20000000E-01
     24380    0.20000000E-01
     24760    0.20000000E-01
     24761    0.20000000E-01
     24762    0.20000000E-01
     24763    0.20000000E-01
     25117    0.20000000E-01
     25118    0.20000000E-01
     25119    0.20000000E-01
     25120    0.20000000E-01
     25417    0.20000000E-01
     25679    0.20000000E-01
     25680    0.20000000E-01
     25940    0.20000000E-01
     26204    0.20000000E-01
     26463    0.20000000E-01
     26464    0.20000000E-01
     26730    0.20000000E-01
     26732    0.20000000E-01
     26996    0.20000000E-01
     26997    0.20000000E-01
     26998    0.20000000E-01
     26999    0.20000000E-01
     27248    0.20000000E-01
     27249    0.20000000E-01
     27252    0.20000000E-01
     27253    0.20000000E-01
     27254    0.20000000E-01
     27255    0.20000000E-01
     27482    0.20000000E-01
     27483    0.20000000E-01
     27484    0.20000000E-01
     27485    0.20000000E-01
     27486    0.20000000E-01
     27487    0.20000000E-01
     27488    0.20000000E-01
     27716    0.20000000E-01
     27717    0.20000000E-01
     27718    0.20000000E-01
     27719    0.20000000E-01
     27943    0.20000000E-01
     27944    0.20000000E-01
mannings_n_at_sea_floor                                                         
           0
