FileFmt      1050624           0           0
NELG           58369        2590        2450
         428
         468
         483
         515
         552
         559
         561
         568
         613
         616
         628
         637
         688
         691
         692
         705
         715
         738
         761
         771
         783
         804
         842
         846
         847
         866
         878
         900
         923
         930
         933
         953
         965
        1026
        1029
        1031
        1032
        1044
        1054
        1056
        1107
        1122
        1124
        1129
        1143
        1151
        1162
        1209
        1213
        1218
        1220
        1235
        1241
        1266
        1292
        1296
        1306
        1309
        1322
        1328
        1332
        1343
        1371
        1373
        1395
        1403
        1411
        1423
        1428
        1442
        1447
        1458
        1466
        1468
        1474
        1486
        1497
        1501
        1506
        1524
        1529
        1553
        1559
        1564
        1571
        1573
        1588
        1589
        1611
        1623
        1624
        1649
        1654
        1655
        1662
        1684
        1686
        1694
        1703
        1716
        1719
        1722
        1738
        1744
        1751
        1754
        1768
        1769
        1783
        1787
        1802
        1809
        1824
        1827
        1847
        1862
        1863
        1874
        1875
        1879
        1886
        1892
        1911
        1917
        1945
        1949
        1953
        1974
        1989
        1999
        2009
        2026
        2028
        2045
        2051
        2059
        2080
        2084
        2109
        2128
        2142
        2145
        2156
        2183
        2196
        2209
        2214
        2231
        2274
        2283
        2306
        2312
        2347
        2387
        2420
        2494
        2555
        2615
        2711
        2870
        2966
        3212
        3278
        3330
        3419
        3421
        3459
        3519
        3529
        3574
        3635
        3644
        3650
        3681
        3706
        3718
        3741
        3768
        3781
        3801
        3802
        3816
        3834
        3874
        3877
        3886
        3905
        3906
        3913
        3914
        3937
        3941
        3942
        3945
        3962
        3978
        3996
        4016
        4022
        4025
        4027
        4029
        4035
        4036
        4040
        4061
        4066
        4068
        4071
        4095
        4096
        4102
        4113
        4119
        4121
        4137
        4143
        4161
        4164
        4166
        4175
        4185
        4189
        4193
        4194
        4195
        4197
        4202
        4203
        4205
        4217
        4224
        4225
        4226
        4236
        4261
        4263
        4272
        4275
        4276
        4283
        4288
        4290
        4294
        4304
        4311
        4317
        4323
        4325
        4332
        4335
        4347
        4348
        4357
        4358
        4359
        4366
        4370
        4377
        4378
        4383
        4392
        4399
        4401
        4408
        4426
        4429
        4433
        4446
        4450
        4453
        4455
        4458
        4459
        4464
        4465
        4469
        4474
        4475
        4479
        4483
        4488
        4491
        4494
        4499
        4500
        4509
        4519
        4523
        4528
        4529
        4534
        4546
        4547
        4548
        4562
        4567
        4570
        4579
        4583
        4585
        4586
        4596
        4598
        4600
        4606
        4609
        4615
        4616
        4624
        4629
        4631
        4637
        4649
        4651
        4653
        4656
        4658
        4660
        4669
        4671
        4684
        4685
        4691
        4696
        4701
        4707
        4709
        4710
        4718
        4726
        4735
        4738
        4748
        4749
        4751
        4752
        4756
        4758
        4759
        4764
        4772
        4783
        4786
        4788
        4795
        4798
        4808
        4810
        4815
        4835
        4836
        4842
        4846
        4848
        4849
        4854
        4871
        4872
        4883
        4884
        4887
        4894
        4896
        4909
        4923
        4926
        4929
        4935
        4939
        4944
        4948
        4958
        4965
        4976
        4978
        4984
        4990
        4994
        4999
        5002
        5005
        5007
        5021
        5024
        5035
        5049
        5051
        5058
        5067
        5069
        5075
        5081
        5089
        5092
        5093
        5097
        5113
        5124
        5125
        5126
        5142
        5144
        5149
        5155
        5168
        5169
        5187
        5190
        5198
        5203
        5204
        5207
        5211
        5215
        5226
        5230
        5244
        5252
        5253
        5261
        5273
        5280
        5281
        5288
        5303
        5304
        5309
        5324
        5328
        5334
        5344
        5352
        5354
        5358
        5369
        5375
        5381
        5390
        5394
        5395
        5407
        5408
        5424
        5429
        5440
        5446
        5456
        5466
        5471
        5473
        5474
        5487
        5489
       -5491
        5499
        5507
        5511
        5519
        5529
        5534
       -5535
       -5539
        5543
        5549
        5551
       -5552
        5555
        5559
       -5560
        5579
        5581
       -5582
        5587
       -5590
        5592
        5595
        5602
        5606
        5608
        5612
        5613
       -5614
       -5629
        5630
        5639
        5640
        5644
        5651
        5652
        5654
        5658
        5661
        5662
        5666
        5668
        5676
        5681
        5691
        5692
        5695
        5696
        5698
        5699
        5702
        5703
        5709
       -5710
        5711
        5713
        5720
        5723
        5729
        5731
        5738
        5740
        5743
        5746
        5750
        5753
        5759
        5760
        5761
        5762
        5763
        5764
        5766
        5768
        5779
        5782
        5783
       -5786
        5791
        5793
        5794
        5797
        5800
        5803
        5804
        5806
        5813
        5814
        5815
        5816
        5822
       -5828
        5830
        5832
        5833
        5834
        5840
        5844
        5846
        5847
        5854
        5855
        5858
        5861
        5862
        5864
        5865
        5867
        5869
        5875
        5879
        5880
        5881
        5887
        5889
       -5893
        5895
        5896
        5897
        5906
        5907
        5910
        5913
        5914
        5916
        5920
        5921
        5924
        5926
        5928
        5929
        5930
        5935
        5940
        5943
        5947
        5948
        5949
        5954
        5955
        5957
        5961
        5963
        5972
        5973
        5975
        5977
        5980
       -5982
        5983
        5985
        5988
        5989
        5990
        5993
        5994
        5996
        5997
        5998
        5999
        6000
        6001
        6002
        6006
        6013
        6017
        6018
        6019
        6020
        6021
        6023
        6025
        6027
        6031
        6032
        6036
        6037
        6038
        6042
        6043
        6045
        6048
        6049
        6050
        6052
        6053
        6054
        6056
       -6057
        6058
        6060
        6063
        6064
        6067
        6068
        6070
        6073
        6075
        6077
        6078
        6079
        6080
        6083
        6087
        6088
        6091
        6093
        6094
        6095
        6097
        6098
        6099
        6103
        6105
        6109
        6110
        6112
        6113
        6114
        6115
        6116
        6118
        6120
        6122
        6125
        6126
        6127
        6128
        6129
        6134
        6135
        6136
        6137
        6138
        6139
        6140
        6141
        6142
        6145
        6146
       -6150
        6151
        6157
        6159
        6160
        6164
        6169
        6173
        6176
        6177
        6178
        6179
       -6180
        6183
        6188
        6190
        6192
        6193
        6194
        6195
        6197
        6199
        6200
        6202
        6204
        6209
        6211
        6213
        6214
        6215
       -6218
        6220
        6225
        6226
        6229
        6231
        6233
        6237
        6238
        6241
        6244
        6245
        6246
        6248
        6249
        6252
        6255
        6258
        6260
        6261
        6262
        6263
        6264
        6267
       -6269
        6270
        6273
        6274
        6276
       -6278
        6280
        6281
        6283
        6289
        6293
        6296
        6298
        6300
        6305
        6306
        6311
        6312
        6313
        6315
       -6316
        6320
        6321
        6322
        6324
       -6326
        6329
        6331
        6333
        6335
       -6339
        6342
        6346
        6347
        6348
        6352
        6353
        6357
        6362
        6364
        6365
        6367
        6369
        6372
        6373
        6374
        6383
        6388
       -6392
        6394
        6397
        6399
        6400
        6402
        6404
        6405
       -6406
        6407
        6408
        6413
        6417
        6418
        6419
        6425
       -6431
        6432
        6437
        6438
        6445
       -6446
        6448
        6451
        6453
        6455
       -6459
        6462
        6463
        6465
        6467
        6469
       -6473
        6474
        6478
        6484
        6491
       -6492
        6493
       -6496
        6500
        6507
       -6508
        6511
        6513
        6514
        6517
        6521
       -6528
        6532
        6533
        6535
        6539
        6544
        6546
        6552
        6554
       -6556
       -6558
       -6560
       -6561
        6564
        6566
        6567
        6568
        6572
       -6573
       -6577
       -6582
        6588
        6590
        6593
       -6597
       -6599
        6602
        6604
        6609
        6611
        6613
        6617
       -6618
        6619
        6626
       -6627
       -6633
        6641
        6645
        6647
       -6652
        6653
        6659
        6662
        6664
        6666
        6667
       -6670
        6671
        6675
       -6679
        6681
        6682
        6684
        6688
        6697
        6701
        6705
        6709
       -6711
       -6713
        6714
        6715
        6721
       -6722
        6723
        6724
        6725
        6729
        6734
        6738
        6740
        6741
        6744
        6750
        6754
        6755
        6757
        6761
       -6764
        6768
       -6770
        6771
        6777
        6782
        6783
        6792
       -6793
        6798
        6801
        6811
        6812
        6813
        6818
        6821
        6822
        6823
        6824
       -6826
        6832
        6833
        6834
        6840
       -6844
        6853
        6855
        6857
        6859
        6861
       -6867
        6872
        6874
        6877
        6881
        6893
        6895
       -6902
        6906
        6917
        6922
        6923
       -6925
       -6926
        6927
        6933
        6941
        6948
        6953
        6957
        6959
        6960
        6961
        6964
        6968
        6972
        6973
       -6977
        6993
        6996
       -7004
        7008
        7009
       -7014
        7020
        7024
        7028
        7030
        7031
        7039
        7040
        7044
        7048
        7064
        7070
        7075
        7081
        7088
        7089
        7091
        7095
        7101
        7102
       -7103
       -7106
        7123
        7124
        7125
        7127
        7128
        7134
        7136
        7140
        7141
        7146
        7155
        7160
       -7162
        7169
        7179
        7193
        7194
        7203
        7204
        7205
        7207
        7213
        7215
        7218
        7222
       -7227
        7234
        7236
        7237
        7238
        7240
        7241
        7245
        7253
        7259
        7266
        7269
        7273
        7282
        7291
       -7298
        7300
        7304
        7308
        7310
        7311
        7314
        7317
        7323
        7326
        7328
        7335
        7336
        7341
        7342
        7350
        7351
        7353
        7365
        7367
        7371
        7373
        7379
        7385
        7388
       -7395
        7396
        7400
        7403
        7409
        7417
        7425
        7429
        7430
        7436
        7437
        7438
        7440
        7449
        7454
        7455
        7464
        7470
        7479
        7480
        7483
        7487
        7490
        7493
        7498
       -7499
        7504
        7508
        7511
        7513
        7516
        7527
        7532
        7533
        7547
        7548
        7553
        7555
        7556
        7572
        7577
        7580
        7581
        7582
        7591
        7601
        7604
        7608
       -7611
        7620
        7622
        7624
        7638
        7640
        7644
        7645
        7648
        7659
        7667
        7670
        7676
        7678
        7684
        7693
        7703
        7707
        7708
        7711
        7718
        7720
       -7722
        7734
        7735
        7745
        7749
        7750
        7751
        7759
        7777
        7781
        7786
        7793
        7810
        7811
        7814
        7816
        7817
        7819
        7821
        7824
        7831
        7832
        7835
        7837
        7845
       -7851
        7853
        7858
        7866
        7877
        7879
        7880
        7884
        7904
        7905
        7909
        7913
        7919
        7921
        7924
        7931
        7932
        7933
        7937
        7941
        7943
        7948
        7953
       -7961
        7966
       -7967
        7979
        7981
        7985
        7986
        8007
        8015
        8031
        8032
        8037
        8038
        8046
        8049
        8051
        8052
        8060
        8061
        8068
        8080
        8083
        8087
        8088
       -8099
       -8101
        8104
        8113
        8114
        8118
        8125
        8131
        8139
        8145
        8153
        8161
        8163
        8169
        8178
        8183
        8187
        8190
        8191
        8198
        8202
        8203
        8212
        8215
        8223
        8227
        8231
       -8236
        8238
        8252
        8261
        8268
        8269
        8270
        8286
        8294
        8304
        8306
        8311
        8340
        8343
        8347
        8357
        8366
        8396
        8404
        8408
        8419
        8423
        8438
        8458
        8464
        8472
        8483
        8484
        8489
       -8494
        8511
        8532
        8543
        8562
        8587
        8601
        8608
        8641
        8652
        8714
        8741
        8747
        8761
        8768
        8776
        8797
        8813
        8817
        8823
        8829
        8847
        8873
        8889
        8900
        8921
        8924
       -8956
        8957
        8976
        8988
        9037
        9053
        9054
        9057
        9068
        9073
        9077
        9114
        9138
        9154
        9155
        9166
        9175
        9190
        9204
        9215
        9221
        9251
        9255
        9258
        9260
        9265
        9266
        9274
        9283
       -9287
        9310
        9317
        9328
        9329
        9347
        9351
        9380
        9390
        9395
       -9411
        9428
        9430
        9432
        9436
        9439
        9458
        9466
        9472
        9477
        9484
        9488
        9516
        9524
        9526
        9527
        9530
        9536
        9537
        9538
        9546
        9576
        9580
        9586
        9606
        9610
        9619
        9624
        9628
        9634
        9635
        9636
        9642
        9646
       -9656
        9661
        9670
        9678
        9688
        9698
        9706
        9707
        9708
        9715
        9719
        9722
        9736
        9737
        9754
        9756
        9757
        9764
        9777
        9779
        9785
        9787
        9789
        9796
        9799
        9805
        9809
        9819
        9820
        9842
        9853
        9856
        9857
       -9858
        9863
        9871
        9875
        9878
        9883
        9889
        9890
        9896
        9905
        9906
        9910
        9912
        9915
        9920
        9924
        9940
        9941
        9951
        9953
        9958
        9961
        9971
        9973
        9975
        9983
        9986
        9994
       10000
       10001
       10006
       10018
      -10019
      -10027
       10040
       10042
       10055
       10061
       10065
       10066
       10070
       10072
       10073
       10076
       10083
       10086
       10092
       10095
       10111
       10114
       10118
       10121
       10124
       10126
       10128
       10132
       10138
       10140
       10141
       10143
       10144
       10166
       10168
       10169
       10176
       10188
       10189
       10195
       10206
       10218
       10221
       10224
      -10227
       10229
       10238
       10241
       10246
       10248
       10249
       10254
       10268
       10271
       10273
       10281
       10283
       10289
       10293
       10303
       10304
       10315
       10329
       10331
       10332
       10339
       10341
       10352
       10353
       10354
       10356
       10360
       10366
       10377
       10389
       10397
       10403
       10404
      -10417
       10421
       10432
       10439
       10449
       10457
       10460
       10469
       10474
       10480
       10483
       10484
       10485
       10486
       10487
       10488
       10495
       10496
       10503
       10504
       10509
       10510
       10513
       10519
       10522
       10532
       10538
       10545
       10546
       10551
       10557
       10561
       10575
       10590
       10593
       10594
       10599
       10606
       10611
       10616
       10627
       10636
       10638
      -10641
       10651
       10655
       10659
       10660
       10662
       10663
       10674
       10676
       10679
       10686
       10688
       10689
       10692
       10703
       10705
       10710
       10719
       10724
       10729
       10730
       10736
       10745
       10747
       10751
       10753
       10759
       10771
       10773
       10776
       10781
       10783
       10794
       10798
       10800
       10801
       10806
       10807
       10809
       10811
       10814
       10826
       10831
       10833
       10838
       10854
       10857
       10860
       10863
       10865
       10877
       10883
       10884
       10886
       10892
       10893
       10897
       10898
       10899
       10902
       10903
       10913
       10919
       10933
       10937
       10950
       10953
       10955
       10957
       10960
       10963
       10970
       10976
       10978
       10982
       10986
       10987
       10996
       10999
       11001
       11008
       11011
       11012
       11015
       11020
       11021
       11022
       11023
       11024
       11029
       11030
       11032
       11033
       11034
       11040
       11049
       11058
       11059
       11073
       11076
       11082
       11083
       11086
       11088
       11094
       11096
       11106
       11107
       11108
       11110
       11113
       11115
       11122
       11123
       11133
       11135
       11137
       11140
       11142
       11143
       11145
       11155
       11157
       11159
       11163
       11165
       11169
       11177
       11183
       11186
       11191
       11195
       11203
       11204
       11208
       11211
       11217
       11221
       11222
       11225
       11226
       11229
       11237
       11239
       11243
       11249
       11253
       11255
       11256
       11258
       11261
       11264
       11265
       11275
       11277
       11278
       11281
       11284
       11290
       11291
       11292
       11295
       11298
       11299
       11300
       11301
       11303
       11306
       11307
       11309
       11311
       11314
       11331
       11333
       11339
       11340
       11349
       11350
       11351
       11354
       11355
       11360
       11363
       11364
       11367
       11368
       11369
       11370
       11371
       11373
       11381
       11383
       11385
       11386
       11394
       11404
       11408
       11413
       11416
       11417
       11420
       11421
       11422
       11428
       11429
       11431
       11433
       11434
       11436
       11440
       11443
       11444
       11445
       11446
       11447
       11457
       11459
       11463
       11464
       11465
       11466
       11468
       11472
       11473
       11477
       11478
       11481
       11491
       11500
       11503
       11507
       11509
       11510
       11513
       11517
       11520
       11521
       11526
       11532
       11536
       11537
       11538
       11541
       11546
       11547
       11548
       11551
       11552
       11554
       11555
       11556
       11559
       11560
       11564
       11566
       11570
       11575
       11578
       11582
       11583
       11584
       11587
       11589
       11590
       11592
       11599
       11606
       11608
       11609
       11611
       11615
       11617
       11618
       11619
       11621
       11625
       11627
       11628
       11629
       11630
       11634
       11636
       11645
       11649
       11650
       11651
       11656
       11659
       11663
       11664
       11669
       11673
       11677
       11678
       11681
       11682
       11683
       11687
       11689
       11690
       11692
       11693
       11694
       11695
       11696
       11698
       11704
       11706
       11708
       11709
       11711
       11716
       11727
       11729
       11730
       11732
       11734
       11736
       11738
       11739
       11740
       11741
       11742
       11743
       11745
       11750
       11751
       11754
       11759
       11760
       11762
       11764
       11766
       11771
       11772
       11773
       11776
       11778
       11784
       11785
       11789
       11791
       11792
       11795
       11802
       11803
       11805
       11810
       11811
       11812
       11813
       11814
       11815
       11816
       11819
       11820
       11823
       11825
       11826
       11829
       11831
       11832
       11833
       11834
       11835
       11836
       11837
       11838
       11840
       11841
       11843
       11845
       11846
       11847
       11850
       11851
       11854
       11855
       11856
       11862
       11867
       11869
       11870
       11871
       11873
       11875
       11877
       11878
       11880
       11882
       11884
       11885
       11887
       11889
       11890
       11891
       11895
       11898
       11901
       11902
       11907
       11908
       11909
       11910
       11912
       11914
       11915
       11916
       11917
       11918
       11923
       11925
       11927
       11928
       11939
       11944
       11945
       11946
       11948
       11952
       11954
       11955
       11959
       11960
       11961
       11963
       11964
       11966
       11967
       11972
       11973
       11974
       11975
       11976
       11977
       11980
       11982
       11983
       11984
       11985
       11988
       11993
       11994
       12001
       12002
       12003
       12008
       12011
       12017
       12018
       12021
       12027
       12029
       12030
       12035
       12037
       12038
       12039
       12041
       12042
       12043
       12044
       12045
       12046
       12047
       12049
       12054
       12055
       12056
       12058
       12059
       12060
       12061
       12063
       12065
       12066
       12067
       12069
       12070
       12076
       12077
       12080
       12086
       12088
       12089
       12090
       12092
       12093
       12096
       12099
       12100
       12102
       12103
       12104
       12106
       12107
       12108
       12109
       12114
       12116
       12119
       12120
       12121
       12123
       12124
       12125
       12126
       12127
       12129
       12133
       12135
       12137
       12138
       12141
       12144
       12146
       12148
       12150
       12154
       12155
       12158
       12159
       12160
       12161
       12164
       12165
       12166
       12170
       12171
       12173
       12174
       12177
       12182
       12183
       12185
       12187
       12188
       12190
       12191
       12192
       12194
       12196
       12198
       12203
       12206
       12207
       12208
       12214
       12215
       12216
       12217
       12225
       12227
       12228
       12232
       12233
       12234
       12236
       12238
       12239
       12241
       12242
       12244
       12247
       12248
       12250
       12252
       12255
       12256
       12257
       12258
       12259
       12260
       12261
       12262
       12264
       12266
       12268
       12270
       12272
       12273
       12274
       12275
       12280
       12282
       12283
       12284
       12287
       12288
       12291
       12294
       12295
       12297
       12301
       12303
       12305
       12306
       12308
       12311
       12313
       12314
       12316
       12317
       12318
       12320
       12322
       12323
       12324
       12326
       12328
       12329
       12330
       12332
       12333
       12334
       12336
       12339
       12342
       12343
       12344
       12346
       12348
       12349
       12351
       12352
       12354
       12355
       12357
       12358
       12359
       12360
       12362
       12366
       12369
       12374
       12375
       12376
       12381
       12384
       12390
       12392
       12395
       12396
       12397
       12399
       12401
       12405
       12408
       12409
       12415
       12416
       12417
       12418
       12420
       12422
       12423
       12427
       12428
       12430
       12431
       12433
       12434
       12435
       12436
       12437
       12439
       12442
       12443
       12445
       12454
       12458
       12459
       12461
       12462
       12463
       12464
       12465
       12466
       12473
       12478
       12479
       12487
       12488
       12489
       12490
       12491
       12492
       12493
       12494
       12495
       12497
       12498
       12499
       12501
       12504
       12505
       12509
       12514
       12515
       12516
       12520
       12523
       12524
       12526
       12527
       12528
       12529
       12530
       12531
       12532
       12535
       12536
       12539
       12541
       12547
       12551
       12559
       12562
       12564
       12566
       12568
       12572
       12573
       12574
       12576
       12577
       12578
       12579
       12582
       12583
       12584
       12585
       12589
       12590
       12591
       12592
       12594
       12595
       12596
       12597
       12598
       12601
       12602
       12609
       12619
       12620
       12621
       12623
       12624
       12626
       12628
       12633
       12634
       12635
       12643
       12650
       12652
       12653
       12654
       12655
       12657
       12658
       12663
       12664
       12666
       12668
       12671
       12672
       12674
       12675
       12676
       12682
       12684
       12686
       12688
       12689
       12696
       12697
       12698
       12708
       12710
       12713
       12714
       12720
       12727
       12731
       12736
       12737
       12738
       12739
       12740
       12744
       12750
       12752
       12753
       12758
       12759
       12760
       12762
       12767
       12768
       12770
       12772
       12778
       12779
       12783
       12785
       12795
       12798
       12800
       12804
       12808
       12810
       12813
       12814
       12822
       12825
       12827
       12831
       12835
       12836
       12837
       12840
       12841
       12842
       12844
       12845
       12846
       12847
       12852
       12858
       12864
       12871
       12879
       12884
       12889
       12897
       12902
       12910
       12914
       12918
       12924
       12928
       12931
       12946
       12947
       12948
       12951
       12952
       12953
       12954
       12955
       12959
       12961
       12974
       12985
       12986
       12988
       12992
       12994
       13002
       13009
       13016
       13020
       13023
       13031
       13044
       13045
       13052
       13063
       13079
       13089
       13094
       13113
       13117
       13126
       13144
       13167
       13183
       58152
       58153
       58154
       58155
       58156
       58157
       58158
       58159
       58160
       58161
       58162
       58163
       58164
       58165
       58166
      -58215
      -58216
      -58218
NNODG          31435        1437        1368
      -11312
      -11313
      -11314
      -11527
      -11528
      -11529
       11530
       11531
      -11532
      -11753
       11754
       11755
       11756
       11757
       11758
       11759
      -11760
      -11982
       11983
       11984
       11985
       11986
       11987
       11988
       11989
       11990
       11991
      -11992
      -12190
       12191
       12192
       12193
       12194
       12195
       12196
       12197
       12198
       12199
      -12201
      -12399
       12400
       12401
       12402
       12403
       12404
       12405
       12406
       12407
       12408
       12409
       12410
       12411
       12412
       12413
      -12414
      -12614
       12615
       12616
       12617
       12618
       12619
       12620
       12621
       12622
       12623
       12624
       12625
       12626
       12627
       12628
       12629
       12630
      -12631
      -12632
      -12844
       12845
       12846
       12847
       12848
       12849
       12850
       12851
       12852
       12853
       12854
       12855
       12856
       12857
       12858
       12859
       12860
       12861
       12862
       12863
       12864
       12865
       12866
       12867
       12868
       12869
       12870
      -12871
      -13088
       13089
       13090
       13091
       13092
       13093
       13094
       13095
       13096
       13097
       13098
       13099
       13100
       13101
       13102
       13103
       13104
       13105
       13106
       13107
       13108
       13109
       13110
       13111
       13112
       13113
       13114
       13115
       13116
       13117
      -13348
       13349
       13350
       13351
       13352
       13353
       13354
       13355
       13356
       13357
       13358
       13359
       13360
       13361
       13362
       13363
       13364
       13365
       13366
       13367
       13368
       13369
       13370
       13371
       13372
       13373
       13374
       13375
       13376
       13377
       13378
       13379
       13380
       13381
       13382
      -13631
       13632
       13633
       13634
       13635
       13636
       13637
       13638
       13639
       13640
       13641
       13642
       13643
       13644
       13645
       13646
       13647
       13648
       13649
       13650
       13651
       13652
       13653
       13654
       13655
       13656
       13657
       13658
       13659
       13660
       13661
       13662
       13663
       13664
       13665
       13666
       13667
      -13937
       13938
       13939
       13940
       13941
       13942
       13943
       13944
       13945
       13946
       13947
       13948
       13949
       13950
       13951
       13952
       13953
       13954
       13955
       13956
       13957
       13958
       13959
       13960
       13961
       13962
       13963
       13964
       13965
       13966
       13967
       13968
       13969
       13970
       13971
       13972
       13973
       13974
       13975
       13976
      -14272
       14273
       14274
       14275
       14276
       14277
       14278
       14279
       14280
       14281
       14282
       14283
       14284
       14285
       14286
       14287
       14288
       14289
       14290
       14291
       14292
       14293
       14294
       14295
       14296
       14297
       14298
       14299
       14300
       14301
       14302
       14303
       14304
       14305
       14306
       14307
       14308
       14309
       14310
       14311
      -14645
       14646
       14647
       14648
       14649
       14650
       14651
       14652
       14653
       14654
       14655
       14656
       14657
       14658
       14659
       14660
       14661
       14662
       14663
       14664
       14665
       14666
       14667
       14668
       14669
       14670
       14671
       14672
       14673
       14674
       14675
       14676
       14677
       14678
       14679
       14680
       14681
       14682
       14683
       14684
       14685
       14686
       14687
       14688
       14689
       14690
       14691
      -15043
       15044
       15045
       15046
       15047
       15048
       15049
       15050
       15051
       15052
       15053
       15054
       15055
       15056
       15057
       15058
       15059
       15060
       15061
       15062
       15063
       15064
       15065
       15066
       15067
       15068
       15069
       15070
       15071
       15072
       15073
       15074
       15075
       15076
       15077
       15078
       15079
       15080
       15081
       15082
       15083
       15084
       15085
       15086
       15087
       15088
       15089
       15090
       15091
       15092
       15093
       15094
       15095
      -15462
       15463
       15464
       15465
       15466
       15467
       15468
       15469
       15470
       15471
       15472
       15473
       15474
       15475
       15476
       15477
       15478
       15479
       15480
       15481
       15482
       15483
       15484
       15485
       15486
       15487
       15488
       15489
       15490
       15491
       15492
       15493
       15494
       15495
       15496
       15497
       15498
       15499
       15500
       15501
       15502
       15503
       15504
       15505
       15506
       15507
       15508
       15509
       15510
       15511
       15512
       15513
       15514
       15515
       15516
       15517
       15518
       15519
       15520
       15521
      -15856
       15857
       15858
       15859
       15860
       15861
       15862
       15863
       15864
       15865
       15866
       15867
       15868
       15869
       15870
       15871
       15872
       15873
       15874
       15875
       15876
       15877
       15878
       15879
       15880
       15881
       15882
       15883
       15884
       15885
       15886
       15887
       15888
       15889
       15890
       15891
       15892
       15893
       15894
       15895
       15896
       15897
       15898
       15899
       15900
       15901
       15902
       15903
       15904
       15905
       15906
       15907
       15908
       15909
       15910
       15911
       15912
       15913
       15914
       15915
       15916
       15917
       15918
      -16216
       16217
       16218
       16219
       16220
       16221
       16222
       16223
       16224
       16225
       16226
       16227
       16228
       16229
       16230
       16231
       16232
       16233
       16234
       16235
       16236
       16237
       16238
       16239
       16240
       16241
       16242
       16243
       16244
       16245
       16246
       16247
       16248
       16249
       16250
       16251
       16252
       16253
       16254
       16255
       16256
       16257
       16258
       16259
       16260
       16261
       16262
       16263
       16264
       16265
       16266
       16267
       16268
       16269
       16270
       16271
       16272
       16273
       16274
       16275
       16276
       16277
       16278
       16279
       16280
       16281
       16282
       16283
       16284
       16533
       16534
       16535
       16536
       16537
       16538
       16539
       16540
       16541
       16542
       16543
       16544
       16545
       16546
       16547
       16548
       16549
       16550
       16551
       16552
       16553
       16554
       16555
       16556
       16557
       16558
       16559
       16560
       16561
       16562
       16563
       16564
       16565
       16566
       16567
       16568
       16569
       16570
       16571
       16572
       16573
       16574
       16575
       16576
       16577
       16578
       16579
       16580
       16581
       16582
       16583
       16584
       16585
       16586
       16587
       16588
       16589
       16590
       16591
       16592
       16593
       16594
       16595
       16596
       16597
       16598
       16599
       16600
       16601
       16602
       16603
       16604
       16605
       16606
       16788
       16789
       16790
       16791
       16792
       16793
       16794
       16795
       16796
       16797
       16798
       16799
       16800
       16801
       16802
       16803
       16804
       16805
       16806
       16807
       16808
       16809
       16810
       16811
       16812
       16813
      -16814
       16815
       16816
       16817
       16818
       16819
       16820
       16821
       16822
       16823
       16824
       16825
       16826
       16827
       16828
       16829
       16830
       16831
       16832
       16833
       16834
       16835
       16836
       16837
       16838
       16839
       16840
       16841
       16842
       16843
       16844
       16845
       16846
       16847
       16848
       16849
       16850
       16851
       16852
       16853
       16854
       16855
       16856
       16857
       16858
       16859
       16860
       16861
       16862
       16863
       16864
       16865
       16866
       16867
       16868
       17019
       17020
       17021
       17022
       17023
       17024
       17025
       17026
       17027
       17028
       17029
       17030
       17031
       17032
       17033
       17034
       17035
       17036
       17037
       17038
      -17039
      -17040
      -17041
      -17042
      -17044
      -17045
       17046
       17047
       17048
       17049
       17050
       17051
       17052
       17053
       17054
       17055
       17056
       17057
       17058
       17059
       17060
       17061
       17062
       17063
       17064
       17065
       17066
       17067
       17068
       17069
       17070
       17071
       17072
       17073
       17074
       17075
       17076
       17077
       17078
       17079
       17080
       17081
       17082
       17083
       17084
       17085
       17086
       17087
       17088
       17089
       17090
       17091
       17092
       17093
       17094
       17095
       17096
       17097
       17098
       17099
       17100
       17101
       17102
       17103
       17104
       17105
       17223
       17224
       17225
       17226
       17227
       17228
       17229
       17230
       17231
       17232
       17233
       17234
       17235
       17236
       17237
       17238
       17239
       17240
       17241
      -17242
      -17253
      -17254
       17255
       17256
       17257
       17258
       17259
       17260
       17261
       17262
       17263
       17264
       17265
       17266
       17267
       17268
       17269
       17270
       17271
       17272
       17273
       17274
       17275
       17276
       17277
       17278
       17279
       17280
       17281
       17282
       17283
       17284
       17285
       17286
       17287
       17288
       17289
       17290
       17291
       17292
       17293
       17294
       17295
       17296
       17297
       17298
       17299
       17300
       17301
       17302
       17303
       17304
       17305
       17306
       17307
       17308
       17309
       17310
       17311
       17312
       17313
       17314
       17315
       17316
       17317
       17427
       17428
       17429
       17430
       17431
       17432
       17433
       17434
       17435
       17436
       17437
       17438
       17439
       17440
       17441
       17442
       17443
       17444
       17445
      -17446
      -17462
       17463
       17464
       17465
       17466
       17467
       17468
       17469
       17470
       17471
       17472
       17473
       17474
       17475
       17476
       17477
      -17478
      -17479
       17480
       17481
       17482
       17483
       17484
       17485
       17486
       17487
       17488
      -17489
       17490
       17491
       17492
      -17493
       17494
       17495
       17496
       17497
      -17498
      -17499
      -17500
      -17501
      -17502
       17503
      -17504
       17505
       17506
       17507
       17508
       17509
       17510
       17511
       17512
       17513
       17514
       17515
       17516
       17517
       17518
       17519
       17520
       17632
       17633
       17634
       17635
       17636
       17637
       17638
       17639
       17640
       17641
       17642
       17643
       17644
       17645
       17646
       17647
       17648
       17649
      -17650
      -17651
      -17673
       17674
       17675
       17676
       17677
       17678
       17679
       17680
       17681
       17682
       17683
       17684
       17685
      -17686
      -17687
      -17688
      -17689
      -17690
      -17694
       17695
       17696
       17697
       17698
       17699
       17700
       17701
       17702
       17703
       17704
       17705
      -17706
       17708
      -17709
      -17711
      -17712
      -17713
       17719
       17720
       17721
       17838
       17839
       17840
       17841
       17842
       17843
       17844
       17845
       17846
       17847
       17848
      -17849
      -17850
      -17878
       17879
       17880
       17881
       17882
       17883
       17884
       17885
       17886
       17887
       17888
       17889
       17890
      -17891
      -17902
       17903
       17904
       17905
       17906
       17907
       17908
       17909
       17910
       17911
      -17912
      -17913
       18040
       18041
       18042
       18043
       18044
       18045
       18046
       18047
       18048
       18049
      -18050
      -18083
      -18084
       18085
       18086
       18087
       18088
       18089
      -18090
      -18091
      -18092
      -18093
      -18094
      -18095
      -18109
       18260
       18261
       18262
       18263
       18264
       18265
       18266
       18267
       18268
       18269
       18270
      -18313
       18314
       18315
       18316
       18317
      -18318
       18496
       18497
       18498
       18499
       18500
       18501
       18502
       18503
       18504
       18505
       18506
      -18556
       18557
       18558
      -18559
       18762
       18763
       18764
       18765
       18766
       18767
       18768
       18769
       18770
       18771
       18772
      -18827
      -18828
      -18829
       19064
       19065
       19066
       19067
       19068
       19069
       19070
       19071
       19072
       19073
       19074
       19396
       19397
       19398
       19399
       19400
       19401
       19402
       19403
       19404
       19405
       19406
       19407
       19408
       19409
       19760
       19761
       19762
       19763
       19764
       19765
       19766
       19767
       19768
       19769
       19770
       19771
       19772
       19773
       19774
       19775
       19776
       20137
       20138
       20139
       20140
       20141
       20142
       20143
       20144
       20145
       20146
       20147
       20148
       20149
       20150
       20151
       20152
       20153
       20154
       20155
       20532
       20533
       20534
       20535
       20536
       20537
       20538
       20539
       20540
       20541
       20542
       20543
       20544
       20545
       20546
       20547
       20548
       20549
       20550
       20950
       20951
       20952
       20953
       20954
       20955
       20956
       20957
       20958
       20959
       20960
       20961
       20962
       20963
       20964
       20965
       21369
       21370
       21371
       21372
       21373
       21374
       21375
       21376
       21787
       21788
       21789
       21790
       21791
       21792
       22211
       22212
       22213
       22214
       22215
       22627
       22628
       22629
       22630
       23055
       23056
       23496
       23497
       23946
       23947
       24378
       24379
       24380
       24760
       24761
       24762
       24763
       25116
       25117
       25118
       25119
       25120
       25414
       25415
       25416
       25417
       25418
       25419
       25676
       25677
       25678
       25679
       25680
       25681
       25682
       25935
       25936
       25937
       25938
       25939
       25940
       25941
       25942
       26197
       26198
       26199
       26200
       26201
       26202
       26203
       26204
       26205
       26457
       26458
       26459
       26460
       26461
       26462
       26463
       26464
       26465
       26466
       26725
       26726
       26727
       26728
       26729
       26730
       26731
       26732
       26733
       26992
       26993
       26994
       26995
       26996
       26997
       26998
       26999
       27000
       27248
       27249
       27250
       27251
       27252
       27253
       27254
       27255
       27482
       27483
       27484
       27485
       27486
       27487
       27488
       27716
       27717
       27718
       27719
       27942
       27943
       27944
       28146
NFLUXF             0
NETA             103          37           0
NSTAE              0           0           0
NSTAV              0           0           0
NSTAM              0           0           0
NSTAC              0           0           0
RES NODE           8        1278
                   7           8          11          12          13          14
                  15          16          19          20          21          22
                  23          24          25          26          27          30
                  31          32          33          34          35          36
                  37          38          41          42          43          44
                  45          46          47          48          49          50
                  51          52          53          54          57          58
                  59          60          61          62          63          64
                  65          66          67          68          69          70
                  71          72          76          77          78          79
                  80          81          82          83          84          85
                  86          87          88          89          90          91
                  92          93          94          95          96          97
                  98          99         100         101         104         105
                 106         107         108         109         110         111
                 112         113         114         115         116         117
                 118         119         120         121         122         123
                 124         125         126         127         128         129
                 130         131         132         134         135         136
                 137         138         139         140         141         142
                 143         144         145         146         147         148
                 149         150         151         152         153         154
                 155         156         157         158         159         160
                 161         162         163         164         165         166
                 167         169         170         171         172         173
                 174         175         176         177         178         179
                 180         181         182         183         184         185
                 186         187         188         189         190         191
                 192         193         194         195         196         197
                 198         199         200         201         202         203
                 204         206         207         208         209         210
                 211         212         213         214         215         216
                 217         218         219         220         221         222
                 223         224         225         226         227         228
                 229         230         231         232         233         234
                 235         236         237         238         239         240
                 241         242         243         244         246         247
                 248         249         250         251         252         253
                 254         255         256         257         258         259
                 260         261         262         263         264         265
                 266         267         268         269         270         271
                 272         273         274         275         276         277
                 278         279         280         281         282         283
                 284         286         287         288         289         290
                 291         292         293         294         295         296
                 297         298         299         300         301         302
                 303         304         305         306         307         308
                 309         310         311         312         313         314
                 315         316         317         318         319         320
                 321         322         323         324         325         326
                 327         328         329         330         331         333
                 334         335         336         337         338         339
                 340         341         342         343         344         345
                 346         347         348         349         350         351
                 352         353         354         355         356         357
                 358         359         360         361         362         363
                 364         365         366         367         368         369
                 370         371         372         373         374         375
                 376         377         378         379         380         381
                 382         383         384         386         387         388
                 389         390         391         392         393         394
                 395         396         397         398         399         400
                 401         402         403         404         405         406
                 407         408         409         410         411         412
                 413         414         415         416         417         418
                 419         420         421         422         423         424
                 425         426         427         428         429         430
                 431         432         433         434         435         436
                 437         438         439         440         441         442
                 443         444         446         447         448         449
                 450         451         452         453         454         455
                 456         457         458         459         460         461
                 462         463         464         465         466         467
                 468         469         470         471         472         473
                 474         475         476         477         478         479
                 480         481         482         483         484         485
                 486         487         488         489         490         491
                 492         493         494         495         496         497
                 498         499         500         501         502         503
                 504         505         506         507         509         510
                 511         512         513         514         515         516
                 517         518         519         520         521         522
                 523         524         525         526         527         528
                 529         530         531         532         533         534
                 535         536         537         538         539         540
                 541         542         543         544         545         546
                 547         548         549         550         551         552
                 553         554         555         556         557         558
                 559         560         561         562         563         564
                 565         566         567         568         569         570
                 571         572         573         574         575         576
                 577         578         579         580         581         582
                 583         584         585         586         587         588
                 589         590         591         592         593         594
                 595         596         597         598         599         600
                 601         602         603         604         605         606
                 607         608         609         610         611         612
                 613         614         615         616         617         618
                 619         620         621         622         623         624
                 625         626         627         628         629         630
                 631         632         633         634         635         636
                 637         638         639         640         641         642
                 643         644         645         646         647         648
                 649         650         651         652         653         654
                 655         656         657         658         659         660
                 661         662         663         664         665         666
                 667         668         669         670         671         672
                 673         674         675         676         678         679
                 680         681         682         683         684         685
                 686         687         688         689         690         691
                 692         693         694         695         696         697
                 698         699         700         701         702         703
                 704         705         706         707         708         709
                 710         711         712         713         714         715
                 716         717         718         719         720         721
                 722         723         724         725         726         727
                 728         729         730         731         732         733
                 734         735         736         737         738         739
                 740         741         742         743         744         745
                 746         747         748         749         750         751
                 758         759         760         761         762         763
                 764         765         766         767         768         769
                 770         771         772         773         774         775
                 776         777         778         779         780         781
                 782         783         784         785         786         787
                 788         789         790         791         792         793
                 794         795         796         797         798         799
                 800         801         802         803         804         805
                 806         807         808         809         810         811
                 812         813         814         815         816         817
                 818         819         820         821         822         823
                 824         825         826         827         828         829
                 830         831         832         833         834         835
                 836         840         841         842         843         844
                 845         846         847         848         849         850
                 851         852         853         854         855         856
                 857         858         859         860         861         862
                 863         864         865         866         867         868
                 869         870         871         872         873         874
                 875         876         877         878         879         880
                 881         882         883         884         885         886
                 887         888         889         890         891         892
                 893         894         895         896         897         898
                 899         900         901         902         903         904
                 905         906         907         908         909         910
                 911         912         913         914         915         916
                 917         918         919         920         921         924
                 925         926         927         928         929         930
                 931         932         933         934         935         936
                 937         938         941         942         943         944
                 945         946         947         948         949         951
                 952         953         955         956         957         958
                 964         966         967         968         969         970
                 971         972         973         974         975         976
                 977         978         979         980         981         982
                 983         984         985         986         987         988
                 989         990         991         992         993         994
                 995         996         997         998         999        1003
                1004        1005        1006        1007        1008        1009
                1010        1011        1012        1013        1014        1021
                1022        1023        1024        1025        1026        1027
                1028        1029        1030        1031        1033        1038
                1039        1040        1041        1042        1043        1044
                1045        1046        1047        1048        1049        1050
                1051        1055        1056        1057        1058        1059
                1060        1061        1062        1063        1064        1065
                1066        1069        1070        1071        1072        1073
                1074        1075        1076        1077        1080        1081
                1082        1083        1084        1085        1086        1087
                1088        1089        1093        1094        1095        1096
                1097        1105        1106        1107        1108        1109
                1110        1111        1112        1113        1114        1115
                1117        1118        1119        1120        1122        1123
                1124        1125        1126        1127        1128        1129
                1130        1131        1132        1134        1135        1137
                1138        1139        1140        1141        1142        1143
                1144        1145        1146        1147        1151        1152
                1153        1154        1155        1156        1157        1158
                1159        1160        1161        1162        1163        1164
                1165        1166        1167        1168        1169        1170
                1171        1172        1173        1174        1175        1176
                1177        1178        1179        1180        1181        1182
                1183        1184        1185        1186        1187        1188
                1189        1190        1191        1192        1193        1194
                1195        1196        1197        1198        1199        1200
                1201        1202        1203        1204        1205        1206
                1207        1208        1209        1210        1211        1212
                1213        1214        1215        1216        1217        1218
                1219        1220        1221        1222        1223        1224
                1225        1226        1227        1228        1229        1230
                1231        1232        1233        1234        1235        1236
                1237        1238        1239        1240        1241        1242
                1243        1244        1245        1246        1247        1248
                1249        1250        1251        1252        1253        1254
                1255        1256        1257        1258        1259        1260
                1261        1262        1263        1264        1265        1266
                1267        1268        1269        1270        1271        1272
                1273        1274        1275        1276        1277        1278
                1279        1280        1281        1282        1283        1284
                1285        1286        1287        1288        1289        1290
                1291        1292        1293        1294        1295        1296
                1297        1298        1299        1300        1301        1302
                1303        1304        1305        1306        1307        1308
                1309        1310        1311        1312        1313        1314
                1315        1316        1317        1318        1319        1320
                1321        1322        1323        1324        1325        1326
                1327        1328        1329        1330        1331        1332
                1333        1334        1335        1336        1337        1338
                1339        1340        1341        1342        1343        1344
                1345        1346        1347        1348        1349        1350
                1351        1352        1353        1354        1355        1356
                1357        1358        1359        1360        1361        1362
                1363        1364        1365        1366        1367        1368
COMM PE            5
RECV PE            6          25
                 677         752         753         754         755         756
                 757         837         838         839         922         923
                1000        1001        1002        1052        1053        1054
                1090        1091        1092        1116        1133        1148
                1149
RECV PE            7          21
                   1           2           4           5           6          10
                  18          29          40          56          75         103
                 133         168         205         245         285         332
                 385         445         508
RECV PE           10           9
                   3           9          17          28          39          55
                  73          74         102
RECV PE           19          15
                 950         954         959         960         961         962
                 963         965        1032        1034        1035        1036
                1037        1078        1079
RECV PE           20          20
                 939         940        1015        1016        1017        1018
                1019        1020        1067        1068        1098        1099
                1100        1101        1102        1103        1104        1121
                1136        1150
SEND PE            6          25
                 600         674         675         676         678         679
                 680         751         758         759         836         840
                 921         924         997         998         999        1003
                1051        1055        1057        1093        1117        1134
                1135
SEND PE            7          23
                   7           8          11          12          13          14
                  19          30          41          57          76         104
                 134         169         206         207         246         247
                 286         333         334         386         446
SEND PE           10           8
                   8          16          27          38          54          72
                 100         101
SEND PE           19          15
                 861         864         868         869         870         871
                 874         949         953         956         957         958
                1030        1031        1033
SEND PE           20          19
                 853         854         855         935         936         937
                 938         941        1014        1021        1062        1063
                1064        1065        1066        1069        1097        1120
                1135
