EWN Feature Mesh nodal attributes
9377
2
primitive_weighting_in_continuity_equation
unitless
1
2.9999999999999999E-02
mannings_n_at_sea_floor
unitless
1
2.5000000000000001E-02
primitive_weighting_in_continuity_equation
2761
1 0.02
2 0.005
3 0.005
4 0.005
5 0.005
6 0.005
7 0.005
8 0.005
9 0.005
10 0.005
11 0.005
12 0.005
13 0.005
14 0.005
15 0.005
16 0.005
17 0.005
18 0.005
19 0.005
20 0.005
21 0.005
22 0.005
23 0.005
24 0.005
25 0.005
26 0.005
27 0.005
28 0.005
29 0.005
30 0.005
31 0.005
32 0.005
33 0.005
34 0.005
35 0.005
36 0.005
37 0.005
38 0.005
39 0.005
40 0.005
41 0.005
42 0.005
43 0.005
44 0.005
45 0.005
46 0.005
47 0.005
48 0.005
49 0.005
50 0.005
51 0.005
52 0.005
53 0.005
54 0.005
55 0.005
56 0.005
57 0.02
58 0.005
59 0.005
60 0.005
61 0.005
62 0.005
63 0.005
64 0.005
65 0.005
66 0.005
67 0.005
68 0.005
69 0.005
70 0.005
71 0.005
72 0.005
73 0.005
74 0.005
75 0.005
76 0.005
77 0.02
78 0.02
79 0.005
80 0.005
81 0.005
82 0.005
83 0.005
84 0.005
85 0.005
86 0.005
87 0.005
88 0.005
89 0.005
90 0.02
91 0.005
92 0.005
93 0.005
94 0.005
95 0.005
96 0.005
97 0.005
98 0.005
99 0.005
100 0.005
101 0.005
102 0.005
103 0.02
104 0.005
105 0.02
106 0.005
107 0.005
108 0.005
109 0.005
110 0.005
111 0.005
112 0.005
113 0.005
114 0.005
115 0.005
116 0.005
117 0.005
118 0.005
119 0.005
120 0.005
121 0.005
122 0.02
123 0.005
124 0.005
125 0.005
126 0.005
127 0.005
128 0.005
129 0.005
130 0.005
131 0.005
132 0.005
133 0.005
134 0.005
135 0.005
136 0.005
137 0.02
138 0.005
139 0.005
140 0.005
141 0.005
142 0.005
143 0.005
144 0.005
145 0.005
146 0.005
147 0.005
148 0.005
149 0.005
150 0.005
151 0.005
152 0.005
153 0.005
154 0.005
155 0.005
156 0.005
157 0.005
158 0.005
159 0.02
160 0.005
161 0.005
162 0.005
163 0.005
164 0.005
165 0.005
166 0.005
167 0.005
168 0.02
169 0.005
170 0.005
171 0.02
172 0.005
173 0.005
174 0.005
175 0.005
176 0.005
177 0.005
178 0.005
179 0.005
180 0.005
181 0.005
182 0.005
183 0.005
184 0.005
185 0.005
186 0.005
187 0.005
188 0.005
189 0.005
190 0.005
191 0.005
192 0.005
193 0.005
194 0.005
195 0.005
196 0.005
197 0.005
198 0.005
199 0.005
200 0.005
201 0.005
202 0.005
203 0.005
204 0.005
205 0.005
206 0.005
207 0.005
208 0.005
209 0.005
210 0.005
211 0.005
212 0.005
213 0.005
214 0.02
215 0.02
216 0.005
217 0.005
218 0.005
219 0.005
220 0.005
221 0.005
222 0.005
223 0.005
224 0.02
225 0.005
226 0.02
227 0.005
228 0.005
229 0.005
230 0.005
231 0.005
232 0.005
233 0.005
234 0.005
235 0.005
236 0.005
237 0.005
238 0.005
239 0.005
240 0.005
241 0.005
242 0.005
243 0.005
244 0.005
245 0.005
246 0.005
247 0.005
248 0.005
249 0.005
250 0.005
251 0.005
252 0.005
253 0.005
254 0.005
255 0.005
256 0.005
257 0.005
258 0.005
259 0.005
260 0.005
261 0.005
262 0.005
263 0.005
264 0.005
265 0.005
266 0.005
267 0.005
268 0.005
269 0.005
270 0.005
271 0.005
272 0.005
273 0.005
274 0.02
275 0.005
276 0.02
277 0.005
278 0.005
279 0.005
280 0.005
281 0.005
282 0.005
283 0.005
284 0.005
285 0.005
286 0.005
287 0.005
288 0.02
289 0.005
290 0.005
291 0.005
292 0.005
293 0.005
294 0.005
295 0.005
296 0.005
297 0.005
298 0.005
299 0.005
300 0.005
301 0.005
302 0.005
303 0.005
304 0.005
305 0.005
306 0.005
307 0.005
308 0.005
309 0.005
310 0.005
311 0.005
312 0.005
313 0.005
314 0.005
315 0.005
316 0.005
317 0.005
318 0.005
319 0.005
320 0.005
321 0.005
322 0.005
323 0.005
324 0.005
325 0.005
326 0.005
327 0.005
328 0.005
329 0.005
330 0.005
331 0.005
332 0.005
333 0.005
334 0.005
335 0.005
336 0.005
337 0.02
338 0.005
339 0.005
340 0.02
341 0.005
342 0.005
343 0.005
344 0.005
345 0.005
346 0.005
347 0.005
348 0.005
349 0.005
350 0.005
351 0.005
352 0.02
353 0.005
354 0.005
355 0.005
356 0.005
357 0.005
358 0.005
359 0.005
360 0.005
361 0.005
362 0.005
363 0.005
364 0.005
365 0.005
366 0.005
367 0.005
368 0.005
369 0.005
370 0.005
371 0.005
372 0.005
373 0.005
374 0.005
375 0.005
376 0.005
377 0.005
378 0.005
379 0.005
380 0.005
381 0.005
382 0.005
383 0.005
384 0.005
385 0.005
386 0.005
387 0.005
388 0.005
389 0.005
390 0.005
391 0.005
392 0.005
393 0.005
394 0.005
395 0.02
396 0.005
397 0.02
398 0.02
399 0.005
400 0.005
401 0.005
402 0.005
403 0.005
404 0.005
405 0.005
406 0.005
407 0.005
408 0.005
409 0.005
410 0.005
411 0.005
412 0.005
413 0.005
414 0.005
415 0.005
416 0.005
417 0.005
418 0.005
419 0.005
420 0.005
421 0.005
422 0.005
423 0.005
424 0.005
425 0.005
426 0.005
427 0.005
428 0.005
429 0.005
430 0.005
431 0.005
432 0.005
433 0.005
434 0.005
435 0.005
436 0.005
437 0.005
438 0.005
439 0.005
440 0.005
441 0.005
442 0.005
443 0.005
444 0.005
445 0.005
446 0.005
447 0.005
448 0.005
449 0.005
450 0.005
451 0.005
452 0.005
453 0.005
454 0.005
455 0.005
456 0.005
457 0.005
458 0.005
459 0.005
460 0.005
461 0.005
462 0.005
463 0.005
464 0.005
465 0.005
466 0.005
467 0.005
468 0.005
469 0.005
470 0.005
471 0.005
472 0.005
473 0.005
474 0.005
475 0.005
476 0.005
477 0.005
478 0.005
479 0.005
480 0.005
481 0.005
482 0.005
483 0.005
484 0.005
485 0.005
486 0.005
487 0.005
488 0.005
489 0.005
490 0.005
491 0.005
492 0.005
493 0.005
494 0.005
495 0.005
496 0.005
497 0.005
498 0.005
499 0.005
500 0.005
501 0.005
502 0.005
503 0.005
504 0.005
505 0.005
506 0.005
507 0.005
508 0.005
509 0.005
510 0.005
511 0.005
512 0.005
513 0.005
514 0.005
515 0.005
516 0.005
517 0.005
518 0.005
519 0.005
520 0.005
521 0.005
522 0.005
523 0.005
524 0.005
525 0.005
526 0.005
527 0.005
528 0.005
529 0.005
530 0.005
531 0.005
532 0.005
533 0.005
534 0.005
535 0.005
536 0.005
537 0.005
538 0.005
539 0.005
540 0.005
541 0.005
542 0.005
543 0.005
544 0.005
545 0.005
546 0.005
547 0.005
548 0.005
549 0.005
550 0.005
551 0.005
552 0.005
553 0.005
554 0.005
555 0.005
556 0.005
557 0.005
558 0.005
559 0.005
560 0.005
561 0.005
562 0.005
563 0.005
564 0.005
565 0.005
566 0.005
567 0.005
568 0.005
569 0.005
570 0.005
571 0.005
572 0.005
573 0.005
574 0.005
575 0.005
576 0.005
577 0.005
578 0.005
579 0.005
580 0.005
581 0.005
582 0.005
583 0.005
584 0.005
585 0.005
586 0.005
587 0.005
588 0.005
589 0.005
590 0.005
591 0.005
592 0.005
593 0.005
594 0.005
595 0.005
596 0.005
597 0.005
598 0.005
599 0.005
600 0.005
601 0.005
602 0.005
603 0.005
604 0.005
605 0.005
606 0.005
607 0.005
608 0.005
609 0.005
610 0.005
611 0.005
612 0.005
613 0.005
614 0.005
615 0.005
616 0.005
617 0.005
618 0.005
619 0.005
620 0.005
621 0.005
622 0.005
623 0.005
624 0.005
625 0.005
626 0.005
627 0.005
628 0.005
629 0.005
630 0.005
631 0.005
632 0.005
633 0.005
634 0.005
635 0.005
636 0.005
637 0.005
638 0.005
639 0.005
640 0.005
641 0.005
642 0.005
643 0.005
644 0.005
645 0.005
646 0.005
647 0.005
648 0.005
649 0.005
650 0.005
651 0.005
652 0.005
653 0.005
654 0.005
655 0.005
656 0.005
657 0.005
658 0.005
659 0.005
660 0.005
661 0.005
662 0.005
663 0.005
664 0.005
665 0.005
666 0.005
667 0.005
668 0.005
669 0.005
670 0.005
671 0.005
672 0.005
673 0.005
674 0.005
675 0.005
676 0.005
677 0.005
678 0.005
679 0.005
680 0.005
681 0.005
682 0.005
683 0.005
684 0.005
685 0.005
686 0.005
687 0.005
688 0.005
689 0.005
690 0.005
691 0.005
692 0.005
693 0.005
694 0.005
695 0.005
696 0.005
697 0.005
698 0.005
699 0.005
700 0.005
701 0.005
702 0.005
703 0.005
704 0.005
705 0.005
706 0.005
707 0.005
708 0.005
709 0.005
710 0.005
711 0.005
712 0.005
713 0.005
714 0.005
715 0.005
716 0.005
717 0.005
718 0.005
719 0.005
720 0.005
721 0.005
722 0.005
723 0.005
724 0.005
725 0.005
726 0.005
727 0.005
728 0.005
729 0.005
730 0.005
731 0.005
732 0.005
733 0.005
734 0.005
735 0.005
736 0.005
737 0.005
738 0.005
739 0.005
740 0.005
741 0.005
742 0.005
743 0.005
744 0.005
745 0.005
746 0.005
747 0.005
748 0.005
749 0.005
750 0.005
751 0.005
752 0.005
753 0.005
754 0.005
755 0.005
756 0.005
757 0.005
758 0.005
759 0.005
760 0.005
761 0.005
762 0.005
763 0.005
764 0.005
765 0.005
766 0.005
767 0.005
768 0.005
769 0.005
770 0.005
771 0.005
772 0.005
773 0.005
774 0.005
775 0.005
776 0.005
777 0.005
778 0.005
779 0.005
780 0.005
781 0.005
782 0.005
783 0.005
784 0.005
785 0.005
786 0.005
787 0.005
788 0.005
789 0.005
790 0.005
791 0.005
792 0.005
793 0.005
794 0.005
795 0.005
796 0.005
797 0.005
798 0.005
799 0.005
800 0.005
801 0.005
802 0.005
803 0.005
804 0.005
805 0.005
806 0.005
807 0.005
808 0.005
809 0.005
810 0.005
811 0.005
812 0.005
813 0.005
814 0.005
815 0.005
816 0.005
817 0.005
818 0.005
819 0.005
820 0.005
821 0.005
822 0.005
823 0.005
824 0.005
825 0.005
826 0.005
827 0.005
828 0.005
829 0.005
830 0.005
831 0.005
832 0.005
833 0.005
834 0.005
835 0.005
836 0.005
837 0.005
838 0.005
839 0.005
840 0.005
841 0.005
842 0.005
843 0.005
844 0.005
845 0.005
846 0.005
847 0.005
848 0.005
849 0.005
850 0.005
851 0.005
852 0.005
853 0.005
854 0.005
855 0.005
856 0.005
857 0.005
858 0.005
859 0.005
860 0.005
861 0.005
862 0.005
863 0.005
864 0.005
865 0.005
866 0.005
867 0.005
868 0.005
869 0.005
870 0.005
871 0.005
872 0.005
873 0.005
874 0.005
875 0.005
876 0.005
877 0.005
878 0.005
879 0.005
880 0.005
881 0.005
882 0.005
883 0.005
884 0.005
885 0.005
886 0.005
887 0.005
888 0.005
889 0.005
890 0.005
891 0.005
892 0.005
893 0.005
894 0.005
895 0.005
896 0.005
897 0.005
898 0.005
899 0.005
900 0.005
901 0.005
902 0.005
903 0.005
904 0.005
905 0.005
906 0.005
907 0.005
908 0.005
909 0.005
910 0.005
911 0.005
912 0.005
913 0.005
914 0.005
915 0.005
916 0.005
917 0.005
918 0.005
919 0.005
920 0.005
921 0.005
922 0.005
923 0.005
924 0.005
925 0.005
926 0.005
927 0.005
928 0.005
929 0.005
930 0.005
931 0.005
932 0.02
933 0.005
934 0.005
935 0.005
936 0.005
937 0.005
938 0.005
939 0.005
940 0.005
941 0.005
942 0.005
943 0.005
944 0.005
945 0.005
946 0.005
947 0.005
948 0.005
949 0.005
950 0.005
951 0.005
952 0.005
953 0.005
954 0.005
955 0.005
956 0.005
957 0.005
958 0.005
959 0.005
960 0.005
961 0.005
962 0.005
963 0.005
964 0.005
965 0.005
966 0.005
967 0.005
968 0.005
969 0.005
970 0.005
971 0.005
972 0.005
973 0.005
974 0.005
975 0.005
976 0.005
977 0.005
978 0.005
979 0.005
980 0.005
981 0.005
982 0.005
983 0.005
984 0.005
985 0.005
986 0.005
987 0.005
988 0.005
989 0.005
990 0.005
991 0.005
992 0.005
993 0.005
994 0.005
995 0.005
996 0.005
997 0.005
998 0.005
999 0.005
1000 0.005
1001 0.005
1002 0.005
1003 0.005
1004 0.005
1005 0.005
1006 0.005
1007 0.005
1008 0.005
1009 0.005
1010 0.005
1011 0.005
1012 0.005
1013 0.005
1014 0.005
1015 0.005
1016 0.005
1017 0.005
1018 0.005
1019 0.005
1020 0.005
1021 0.005
1022 0.005
1023 0.005
1024 0.005
1025 0.005
1026 0.005
1027 0.005
1028 0.005
1029 0.005
1030 0.005
1031 0.005
1032 0.005
1033 0.005
1034 0.005
1035 0.005
1036 0.005
1037 0.005
1038 0.005
1039 0.005
1040 0.005
1041 0.005
1042 0.005
1043 0.005
1044 0.005
1045 0.02
1046 0.005
1047 0.005
1048 0.005
1049 0.005
1050 0.005
1051 0.005
1052 0.005
1053 0.005
1054 0.005
1055 0.005
1056 0.005
1057 0.005
1058 0.005
1059 0.005
1060 0.005
1061 0.005
1062 0.005
1063 0.005
1064 0.005
1065 0.005
1066 0.005
1067 0.005
1068 0.005
1069 0.005
1070 0.005
1071 0.005
1072 0.005
1073 0.005
1074 0.005
1075 0.005
1076 0.02
1077 0.005
1078 0.005
1079 0.005
1080 0.005
1081 0.005
1082 0.005
1083 0.005
1084 0.005
1085 0.005
1086 0.005
1087 0.005
1088 0.005
1089 0.005
1090 0.005
1091 0.005
1092 0.005
1093 0.005
1094 0.005
1095 0.005
1096 0.005
1097 0.005
1098 0.005
1099 0.005
1100 0.005
1101 0.005
1102 0.005
1103 0.005
1104 0.02
1105 0.02
1106 0.005
1107 0.005
1108 0.005
1109 0.005
1110 0.005
1111 0.005
1112 0.005
1113 0.005
1114 0.005
1115 0.005
1116 0.005
1117 0.005
1118 0.005
1119 0.005
1120 0.005
1121 0.02
1122 0.005
1123 0.005
1124 0.005
1125 0.005
1126 0.005
1127 0.005
1128 0.005
1129 0.005
1130 0.005
1131 0.02
1132 0.005
1133 0.005
1134 0.005
1135 0.005
1136 0.005
1137 0.005
1138 0.005
1139 0.005
1140 0.005
1141 0.005
1142 0.005
1143 0.005
1144 0.005
1145 0.005
1146 0.005
1147 0.005
1148 0.02
1149 0.005
1151 0.005
1152 0.005
1153 0.005
1154 0.005
1155 0.005
1156 0.005
1157 0.005
1158 0.005
1159 0.005
1160 0.005
1161 0.005
1162 0.005
1163 0.005
1164 0.005
1165 0.005
1166 0.005
1167 0.005
1168 0.005
1169 0.005
1170 0.005
1171 0.005
1172 0.005
1173 0.005
1174 0.005
1175 0.005
1176 0.005
1177 0.005
1178 0.005
1179 0.005
1180 0.005
1181 0.005
1183 0.005
1184 0.005
1185 0.005
1186 0.005
1187 0.005
1188 0.005
1189 0.005
1190 0.005
1191 0.005
1192 0.005
1193 0.005
1194 0.005
1195 0.005
1196 0.005
1197 0.005
1198 0.005
1199 0.005
1200 0.005
1201 0.005
1202 0.005
1203 0.005
1204 0.005
1205 0.005
1206 0.005
1207 0.005
1208 0.005
1209 0.02
1210 0.005
1211 0.005
1212 0.005
1213 0.005
1214 0.005
1216 0.005
1217 0.005
1218 0.005
1219 0.005
1220 0.005
1221 0.005
1222 0.005
1223 0.005
1224 0.005
1225 0.005
1226 0.005
1227 0.005
1228 0.005
1229 0.005
1230 0.005
1231 0.005
1232 0.005
1233 0.005
1234 0.005
1235 0.005
1236 0.005
1237 0.005
1238 0.005
1239 0.005
1240 0.005
1241 0.005
1242 0.02
1243 0.005
1244 0.005
1245 0.005
1246 0.005
1247 0.005
1248 0.005
1249 0.005
1250 0.005
1251 0.005
1252 0.005
1253 0.005
1254 0.005
1255 0.005
1256 0.005
1257 0.005
1258 0.005
1259 0.005
1260 0.005
1261 0.005
1262 0.005
1263 0.005
1264 0.005
1265 0.005
1266 0.005
1267 0.005
1268 0.005
1269 0.005
1270 0.005
1271 0.005
1272 0.005
1273 0.005
1274 0.02
1275 0.005
1276 0.005
1277 0.005
1278 0.005
1279 0.005
1280 0.005
1281 0.005
1282 0.005
1283 0.005
1284 0.005
1285 0.005
1286 0.005
1287 0.005
1288 0.005
1289 0.005
1290 0.005
1291 0.005
1292 0.005
1293 0.005
1294 0.005
1295 0.005
1296 0.005
1297 0.005
1298 0.005
1299 0.005
1300 0.005
1301 0.005
1302 0.005
1303 0.005
1304 0.005
1305 0.02
1309 0.005
1310 0.005
1311 0.005
1312 0.005
1313 0.005
1314 0.005
1315 0.005
1316 0.02
1317 0.005
1318 0.005
1319 0.005
1320 0.005
1321 0.005
1322 0.005
1323 0.005
1324 0.005
1325 0.005
1326 0.005
1327 0.005
1328 0.005
1329 0.005
1330 0.005
1331 0.005
1332 0.005
1333 0.005
1334 0.005
1335 0.005
1336 0.005
1337 0.005
1338 0.005
1339 0.02
1341 0.02
1343 0.02
1344 0.02
1348 0.02
1349 0.005
1350 0.02
1351 0.02
1354 0.005
1355 0.005
1357 0.005
1358 0.005
1359 0.005
1360 0.005
1361 0.005
1362 0.005
1363 0.005
1364 0.005
1365 0.005
1366 0.005
1367 0.005
1368 0.005
1369 0.005
1370 0.005
1371 0.005
1372 0.005
1373 0.005
1374 0.005
1375 0.005
1376 0.005
1377 0.005
1378 0.005
1379 0.005
1380 0.005
1381 0.005
1382 0.005
1383 0.005
1384 0.005
1385 0.02
1389 0.005
1392 0.005
1393 0.005
1394 0.02
1395 0.02
1396 0.02
1397 0.02
1398 0.02
1399 0.02
1405 0.005
1408 0.005
1410 0.02
1416 0.005
1417 0.005
1418 0.005
1419 0.02
1420 0.005
1421 0.005
1422 0.02
1423 0.005
1424 0.005
1425 0.005
1426 0.005
1427 0.005
1429 0.005
1430 0.02
1431 0.005
1432 0.005
1433 0.005
1434 0.005
1435 0.005
1436 0.005
1437 0.005
1438 0.005
1439 0.005
1440 0.005
1441 0.005
1442 0.005
1443 0.005
1444 0.005
1445 0.005
1446 0.005
1447 0.005
1448 0.005
1449 0.005
1450 0.005
1451 0.005
1452 0.005
1453 0.005
1454 0.005
1455 0.005
1456 0.005
1457 0.005
1458 0.005
1459 0.02
1460 0.005
1461 0.02
1462 0.02
1463 0.005
1464 0.005
1465 0.02
1466 0.005
1467 0.005
1468 0.02
1469 0.02
1470 0.005
1471 0.005
1472 0.005
1473 0.02
1476 0.02
1477 0.005
1478 0.005
1479 0.005
1480 0.005
1481 0.005
1482 0.005
1483 0.005
1484 0.02
1485 0.02
1486 0.02
1487 0.02
1488 0.005
1489 0.005
1490 0.005
1493 0.005
1494 0.005
1495 0.02
1497 0.02
1500 0.02
1501 0.005
1502 0.005
1503 0.005
1504 0.005
1505 0.005
1506 0.005
1507 0.005
1508 0.005
1509 0.005
1510 0.005
1511 0.005
1512 0.005
1513 0.005
1514 0.005
1515 0.005
1516 0.005
1517 0.005
1518 0.005
1519 0.005
1520 0.005
1521 0.005
1522 0.005
1523 0.005
1524 0.005
1525 0.005
1526 0.005
1527 0.005
1528 0.005
1529 0.005
1530 0.005
1531 0.005
1532 0.005
1533 0.005
1534 0.005
1535 0.005
1536 0.005
1537 0.005
1538 0.005
1539 0.005
1540 0.005
1541 0.005
1542 0.005
1543 0.005
1544 0.02
1545 0.005
1546 0.005
1547 0.005
1548 0.005
1549 0.02
1550 0.005
1551 0.005
1552 0.02
1553 0.005
1554 0.005
1555 0.02
1556 0.005
1557 0.02
1558 0.02
1559 0.005
1560 0.005
1561 0.005
1562 0.005
1563 0.02
1564 0.005
1565 0.02
1566 0.005
1567 0.005
1568 0.005
1569 0.005
1570 0.005
1571 0.005
1572 0.005
1573 0.005
1574 0.005
1575 0.005
1576 0.005
1577 0.005
1578 0.005
1579 0.005
1580 0.005
1581 0.02
1582 0.02
1586 0.02
1587 0.02
1588 0.02
1589 0.02
1590 0.02
1591 0.005
1592 0.005
1593 0.005
1594 0.005
1595 0.005
1596 0.005
1597 0.005
1598 0.005
1599 0.005
1600 0.005
1601 0.005
1602 0.005
1603 0.005
1604 0.005
1605 0.005
1606 0.005
1607 0.005
1608 0.005
1609 0.005
1610 0.005
1611 0.005
1612 0.005
1613 0.005
1614 0.005
1615 0.005
1616 0.005
1617 0.005
1618 0.005
1619 0.005
1620 0.005
1621 0.005
1622 0.005
1623 0.005
1624 0.005
1625 0.005
1626 0.005
1627 0.005
1628 0.005
1629 0.005
1630 0.005
1631 0.005
1632 0.005
1633 0.005
1634 0.02
1635 0.005
1636 0.005
1637 0.005
1638 0.005
1639 0.02
1640 0.005
1641 0.005
1642 0.005
1643 0.005
1644 0.005
1645 0.005
1646 0.005
1647 0.005
1648 0.005
1649 0.005
1650 0.005
1651 0.005
1652 0.005
1653 0.005
1654 0.005
1655 0.005
1656 0.005
1657 0.02
1658 0.005
1659 0.005
1660 0.005
1661 0.005
1662 0.005
1663 0.005
1664 0.005
1665 0.005
1666 0.005
1667 0.005
1668 0.005
1669 0.005
1670 0.005
1671 0.005
1672 0.005
1673 0.005
1674 0.005
1675 0.005
1676 0.02
1677 0.02
1678 0.02
1679 0.005
1680 0.02
1681 0.02
1682 0.02
1683 0.02
1684 0.02
1688 0.02
1689 0.005
1690 0.005
1691 0.005
1692 0.005
1693 0.005
1694 0.005
1695 0.005
1696 0.005
1697 0.005
1698 0.005
1699 0.005
1700 0.005
1701 0.005
1702 0.005
1703 0.005
1704 0.005
1705 0.005
1706 0.005
1707 0.005
1708 0.02
1709 0.005
1710 0.005
1711 0.005
1712 0.005
1713 0.005
1714 0.005
1715 0.005
1716 0.005
1717 0.005
1718 0.005
1719 0.005
1720 0.005
1721 0.005
1722 0.005
1723 0.005
1724 0.005
1725 0.005
1726 0.005
1727 0.005
1728 0.005
1729 0.005
1730 0.005
1731 0.005
1732 0.005
1733 0.005
1734 0.005
1735 0.005
1736 0.005
1737 0.005
1738 0.005
1739 0.005
1740 0.005
1741 0.02
1742 0.02
1743 0.005
1744 0.005
1745 0.005
1746 0.005
1747 0.005
1748 0.005
1749 0.005
1750 0.005
1751 0.005
1752 0.005
1753 0.005
1754 0.005
1755 0.005
1756 0.005
1757 0.02
1758 0.005
1759 0.005
1760 0.005
1761 0.005
1762 0.005
1763 0.005
1764 0.005
1765 0.005
1766 0.005
1767 0.005
1768 0.005
1769 0.005
1770 0.005
1771 0.005
1772 0.005
1773 0.005
1774 0.005
1775 0.02
1776 0.005
1777 0.02
1778 0.02
1779 0.02
1780 0.02
1781 0.005
1782 0.005
1783 0.005
1784 0.02
1785 0.005
1786 0.005
1787 0.005
1788 0.005
1789 0.005
1790 0.005
1791 0.005
1792 0.005
1793 0.005
1794 0.005
1795 0.005
1796 0.005
1797 0.005
1798 0.005
1799 0.005
1800 0.005
1801 0.005
1802 0.005
1803 0.005
1804 0.005
1805 0.005
1806 0.005
1807 0.005
1808 0.005
1809 0.005
1810 0.005
1811 0.005
1812 0.005
1813 0.005
1814 0.005
1815 0.005
1816 0.005
1817 0.005
1818 0.005
1819 0.005
1820 0.005
1821 0.005
1822 0.005
1823 0.005
1824 0.005
1825 0.005
1826 0.005
1827 0.005
1828 0.005
1829 0.005
1830 0.005
1831 0.005
1832 0.005
1833 0.005
1837 0.02
1838 0.005
1839 0.005
1840 0.005
1841 0.005
1842 0.005
1843 0.005
1844 0.005
1845 0.005
1846 0.005
1847 0.005
1848 0.005
1849 0.005
1850 0.005
1851 0.02
1852 0.005
1853 0.005
1854 0.005
1855 0.005
1856 0.005
1857 0.005
1858 0.005
1859 0.005
1860 0.005
1861 0.005
1862 0.005
1863 0.02
1864 0.02
1865 0.02
1866 0.005
1867 0.005
1868 0.005
1869 0.02
1870 0.02
1871 0.02
1872 0.005
1873 0.005
1874 0.005
1875 0.005
1876 0.005
1877 0.005
1878 0.02
1879 0.005
1880 0.005
1881 0.005
1882 0.005
1883 0.005
1884 0.005
1885 0.005
1886 0.005
1887 0.005
1888 0.005
1889 0.005
1890 0.005
1891 0.005
1892 0.005
1893 0.005
1894 0.005
1895 0.005
1896 0.005
1897 0.005
1898 0.005
1899 0.005
1900 0.005
1901 0.005
1902 0.005
1903 0.005
1904 0.005
1905 0.005
1906 0.005
1907 0.005
1908 0.005
1909 0.005
1910 0.005
1911 0.005
1912 0.005
1913 0.005
1914 0.005
1915 0.005
1916 0.005
1917 0.005
1918 0.005
1919 0.005
1920 0.005
1921 0.005
1922 0.005
1923 0.005
1924 0.005
1925 0.005
1926 0.005
1927 0.005
1928 0.005
1929 0.005
1930 0.005
1931 0.005
1932 0.005
1933 0.005
1934 0.02
1935 0.02
1936 0.005
1937 0.005
1938 0.005
1939 0.005
1940 0.02
1941 0.005
1942 0.005
1943 0.005
1944 0.005
1945 0.005
1946 0.005
1947 0.005
1948 0.005
1949 0.005
1950 0.005
1951 0.005
1952 0.005
1953 0.005
1954 0.005
1955 0.005
1956 0.005
1957 0.005
1958 0.005
1959 0.005
1960 0.005
1961 0.005
1962 0.005
1963 0.005
1964 0.005
1965 0.005
1966 0.02
1967 0.005
1968 0.005
1969 0.005
1970 0.005
1971 0.005
1972 0.005
1973 0.005
1974 0.005
1975 0.005
1976 0.005
1977 0.005
1978 0.005
1979 0.005
1980 0.005
1981 0.005
1982 0.005
1983 0.005
1984 0.005
1985 0.005
1986 0.005
1987 0.005
1988 0.005
1989 0.005
1990 0.005
1991 0.005
1992 0.005
1993 0.005
1994 0.005
1995 0.005
1996 0.005
1997 0.005
1998 0.005
1999 0.005
2000 0.005
2001 0.005
2002 0.005
2003 0.005
2004 0.005
2005 0.005
2006 0.005
2007 0.005
2008 0.005
2009 0.005
2010 0.005
2011 0.005
2012 0.005
2013 0.005
2014 0.005
2015 0.005
2016 0.005
2017 0.005
2018 0.005
2019 0.005
2020 0.005
2021 0.005
2022 0.005
2023 0.005
2024 0.005
2025 0.005
2026 0.005
2027 0.005
2028 0.005
2030 0.005
2031 0.005
2032 0.005
2033 0.02
2034 0.005
2035 0.005
2036 0.005
2037 0.005
2038 0.005
2039 0.005
2040 0.005
2041 0.005
2042 0.005
2043 0.005
2044 0.005
2045 0.005
2046 0.005
2047 0.005
2048 0.005
2049 0.005
2050 0.005
2051 0.005
2052 0.005
2053 0.005
2054 0.005
2055 0.005
2056 0.005
2057 0.005
2058 0.005
2059 0.005
2060 0.005
2061 0.005
2062 0.005
2063 0.005
2064 0.005
2065 0.005
2066 0.005
2067 0.005
2068 0.005
2069 0.005
2070 0.005
2071 0.005
2072 0.005
2073 0.005
2074 0.005
2075 0.005
2076 0.005
2077 0.005
2078 0.005
2079 0.005
2080 0.005
2081 0.005
2082 0.005
2083 0.005
2084 0.005
2085 0.005
2086 0.005
2087 0.005
2088 0.005
2089 0.005
2090 0.005
2091 0.005
2092 0.005
2093 0.005
2094 0.005
2095 0.005
2096 0.005
2097 0.005
2098 0.005
2099 0.005
2100 0.005
2101 0.005
2102 0.005
2103 0.005
2104 0.005
2105 0.005
2106 0.005
2107 0.005
2108 0.005
2109 0.005
2110 0.005
2111 0.005
2112 0.02
2113 0.005
2114 0.02
2115 0.005
2116 0.005
2117 0.005
2118 0.005
2119 0.005
2120 0.005
2121 0.005
2122 0.005
2123 0.005
2124 0.005
2125 0.005
2126 0.005
2127 0.005
2128 0.005
2129 0.005
2130 0.005
2131 0.005
2132 0.005
2133 0.005
2134 0.005
2135 0.005
2136 0.005
2137 0.005
2138 0.005
2139 0.005
2140 0.005
2141 0.005
2142 0.005
2143 0.005
2144 0.005
2145 0.005
2146 0.005
2147 0.005
2148 0.005
2149 0.005
2150 0.005
2151 0.005
2152 0.005
2153 0.005
2154 0.005
2155 0.005
2156 0.005
2157 0.005
2158 0.005
2159 0.005
2160 0.005
2161 0.005
2162 0.005
2163 0.005
2164 0.005
2165 0.005
2166 0.005
2167 0.005
2168 0.005
2169 0.005
2170 0.005
2171 0.005
2172 0.005
2173 0.005
2174 0.005
2175 0.005
2176 0.005
2177 0.005
2178 0.005
2179 0.005
2180 0.005
2181 0.005
2182 0.005
2183 0.02
2184 0.005
2187 0.02
2188 0.005
2189 0.005
2190 0.005
2191 0.005
2192 0.005
2193 0.005
2194 0.005
2195 0.005
2196 0.005
2197 0.005
2198 0.005
2199 0.005
2200 0.005
2201 0.005
2202 0.005
2203 0.005
2204 0.005
2205 0.005
2206 0.005
2207 0.005
2208 0.005
2209 0.005
2210 0.005
2211 0.005
2212 0.005
2213 0.005
2214 0.005
2215 0.005
2216 0.005
2217 0.005
2218 0.005
2219 0.005
2220 0.005
2221 0.005
2222 0.005
2223 0.005
2224 0.005
2225 0.005
2226 0.005
2227 0.005
2228 0.005
2229 0.005
2230 0.005
2231 0.005
2232 0.005
2233 0.005
2234 0.005
2235 0.005
2236 0.005
2237 0.005
2238 0.005
2239 0.005
2240 0.005
2241 0.005
2242 0.005
2243 0.005
2244 0.005
2245 0.005
2246 0.005
2247 0.005
2251 0.005
2252 0.005
2253 0.005
2254 0.005
2255 0.005
2256 0.005
2257 0.005
2258 0.005
2259 0.005
2260 0.005
2261 0.005
2262 0.005
2263 0.005
2264 0.005
2265 0.005
2266 0.005
2267 0.005
2268 0.005
2269 0.005
2270 0.005
2271 0.005
2272 0.005
2273 0.005
2274 0.005
2275 0.005
2276 0.005
2277 0.005
2278 0.005
2279 0.005
2280 0.005
2281 0.005
2282 0.005
2283 0.005
2284 0.005
2285 0.005
2286 0.005
2287 0.005
2288 0.005
2289 0.005
2290 0.005
2291 0.005
2292 0.005
2293 0.005
2294 0.005
2295 0.005
2296 0.005
2297 0.005
2298 0.005
2299 0.005
2300 0.005
2301 0.005
2302 0.005
2303 0.005
2304 0.005
2306 0.005
2307 0.005
2308 0.005
2309 0.005
2310 0.005
2311 0.005
2312 0.005
2313 0.005
2314 0.005
2315 0.005
2316 0.005
2317 0.005
2318 0.005
2319 0.005
2320 0.005
2321 0.005
2322 0.005
2323 0.005
2324 0.005
2325 0.005
2326 0.005
2327 0.005
2328 0.005
2329 0.005
2330 0.005
2331 0.005
2332 0.005
2333 0.005
2334 0.005
2335 0.005
2336 0.005
2337 0.005
2338 0.005
2339 0.005
2340 0.005
2341 0.005
2342 0.005
2343 0.005
2344 0.005
2345 0.005
2346 0.005
2347 0.005
2348 0.005
2349 0.005
2350 0.005
2351 0.02
2352 0.02
2353 0.005
2354 0.005
2355 0.005
2356 0.005
2357 0.02
2358 0.005
2359 0.005
2360 0.005
2361 0.005
2362 0.005
2363 0.005
2364 0.005
2365 0.005
2366 0.005
2367 0.005
2368 0.005
2369 0.005
2370 0.005
2371 0.005
2372 0.005
2373 0.005
2374 0.005
2375 0.005
2376 0.005
2377 0.005
2378 0.005
2379 0.005
2380 0.005
2381 0.005
2382 0.02
2383 0.005
2384 0.005
2385 0.005
2386 0.005
2387 0.005
2388 0.005
2389 0.005
2390 0.005
2391 0.02
2392 0.005
2393 0.005
2394 0.005
2395 0.005
2396 0.005
2397 0.005
2398 0.005
2399 0.005
2400 0.005
2401 0.005
2402 0.005
2403 0.005
2404 0.005
2405 0.005
2406 0.005
2407 0.005
2408 0.005
2409 0.005
2410 0.005
2411 0.005
2412 0.005
2413 0.005
2414 0.005
2415 0.005
2416 0.005
2417 0.005
2418 0.005
2419 0.005
2420 0.005
2421 0.005
2422 0.005
2423 0.005
2424 0.005
2425 0.005
2426 0.005
2427 0.005
2428 0.005
2429 0.005
2430 0.005
2431 0.005
2432 0.02
2433 0.005
2434 0.005
2435 0.005
2436 0.005
2437 0.005
2438 0.005
2439 0.005
2440 0.005
2441 0.005
2442 0.005
2443 0.005
2444 0.005
2445 0.005
2446 0.005
2447 0.005
2448 0.005
2449 0.005
2450 0.005
2451 0.005
2452 0.005
2453 0.005
2454 0.005
2455 0.005
2456 0.005
2457 0.005
2458 0.005
2459 0.005
2460 0.005
2461 0.005
2462 0.005
2463 0.005
2464 0.005
2465 0.005
2466 0.005
2467 0.005
2468 0.005
2469 0.005
2470 0.005
2471 0.005
2472 0.005
2473 0.005
2474 0.005
2475 0.005
2476 0.005
2477 0.005
2478 0.005
2479 0.005
2480 0.005
2484 0.005
2485 0.005
2486 0.005
2487 0.005
2488 0.005
2489 0.005
2490 0.005
2491 0.005
2492 0.005
2493 0.005
2494 0.005
2495 0.005
2496 0.005
2497 0.005
2498 0.005
2499 0.005
2500 0.005
2501 0.005
2502 0.005
2503 0.005
2504 0.005
2505 0.005
2506 0.005
2507 0.005
2508 0.005
2509 0.005
2510 0.005
2513 0.005
2514 0.005
2516 0.005
2517 0.005
2518 0.005
2519 0.005
2520 0.005
2521 0.005
2522 0.005
2523 0.005
2524 0.005
2525 0.005
2526 0.005
2527 0.005
2528 0.005
2529 0.005
2530 0.005
2531 0.005
2532 0.005
2533 0.005
2534 0.005
2535 0.005
2536 0.005
2537 0.005
2538 0.005
2539 0.005
2540 0.005
2541 0.005
2542 0.005
2543 0.005
2544 0.005
2545 0.005
2546 0.005
2548 0.005
2549 0.005
2550 0.005
2551 0.005
2554 0.005
2555 0.005
2557 0.005
2558 0.005
2559 0.005
2560 0.005
2561 0.005
2562 0.005
2563 0.005
2564 0.005
2565 0.005
2566 0.005
2567 0.005
2568 0.005
2569 0.005
2570 0.005
2571 0.005
2572 0.005
2573 0.005
2574 0.005
2575 0.005
2576 0.005
2577 0.005
2578 0.005
2579 0.005
2580 0.005
2581 0.005
2582 0.005
2583 0.005
2584 0.005
2585 0.005
2586 0.005
2587 0.005
2588 0.005
2589 0.005
2590 0.005
2591 0.005
2597 0.005
2598 0.005
2599 0.005
2600 0.005
2601 0.005
2602 0.005
2603 0.005
2604 0.005
2605 0.005
2606 0.005
2607 0.005
2608 0.005
2609 0.005
2610 0.005
2611 0.005
2612 0.005
2613 0.005
2614 0.005
2615 0.005
2616 0.005
2617 0.005
2618 0.005
2619 0.005
2620 0.005
2621 0.005
2622 0.005
2623 0.005
2624 0.005
2625 0.005
2629 0.005
2630 0.005
2631 0.005
2632 0.005
2633 0.005
2634 0.005
2635 0.005
2636 0.005
2637 0.005
2638 0.005
2639 0.005
2640 0.005
2641 0.005
2642 0.005
2643 0.005
2644 0.005
2645 0.005
2646 0.005
2647 0.005
2648 0.005
2649 0.005
2650 0.005
2651 0.005
2652 0.005
2653 0.005
2654 0.005
2655 0.005
2656 0.005
2657 0.005
2658 0.005
2659 0.005
2660 0.005
2661 0.005
2662 0.005
2663 0.005
2664 0.005
2665 0.005
2666 0.005
2667 0.005
2668 0.005
2669 0.005
2670 0.005
2671 0.005
2672 0.005
2673 0.005
2674 0.005
2675 0.005
2676 0.005
2677 0.005
2678 0.005
2679 0.005
2680 0.005
2681 0.005
2682 0.005
2683 0.005
2684 0.005
2685 0.005
2686 0.005
2687 0.005
2688 0.005
2689 0.005
2690 0.005
2691 0.005
2692 0.005
2693 0.005
2694 0.005
2695 0.005
2696 0.005
2697 0.005
2698 0.005
2702 0.005
2703 0.005
2704 0.005
2705 0.005
2706 0.005
2707 0.005
2708 0.005
2709 0.005
2710 0.005
2711 0.005
2712 0.005
2713 0.005
2714 0.005
2715 0.005
2716 0.005
2717 0.005
2718 0.005
2719 0.005
2720 0.005
2721 0.005
2722 0.005
2723 0.005
2740 0.005
2741 0.005
2742 0.005
2743 0.005
2744 0.005
2745 0.005
2746 0.005
2747 0.005
2748 0.005
2749 0.005
2750 0.005
2751 0.005
2752 0.005
2753 0.005
2754 0.005
2755 0.005
2756 0.005
2757 0.005
2758 0.005
2759 0.005
2760 0.005
2787 0.005
2788 0.005
2789 0.005
2790 0.005
2791 0.005
2792 0.005
2793 0.005
2794 0.005
2795 0.005
2799 0.005
2801 0.005
2802 0.005
2803 0.005
2804 0.005
2805 0.005
2806 0.005
2807 0.005
2808 0.005
2844 0.005
2845 0.005
2846 0.005
2847 0.005
2848 0.005
2849 0.005
2850 0.005
2851 0.005
2852 0.005
2853 0.005
2854 0.02
2861 0.005
2862 0.005
2863 0.005
2864 0.005
2865 0.005
2866 0.005
2867 0.005
2868 0.005
2869 0.005
2914 0.005
2915 0.005
2916 0.005
2917 0.005
2918 0.005
2919 0.005
2920 0.005
2921 0.005
2922 0.005
2923 0.02
2931 0.005
2933 0.005
2934 0.005
2935 0.005
2936 0.005
2938 0.005
2939 0.005
2988 0.005
2989 0.005
2993 0.005
2994 0.005
2995 0.005
2996 0.005
2997 0.005
2998 0.005
2999 0.005
3000 0.02
3001 0.02
3030 0.005
3032 0.005
3033 0.005
3034 0.005
3094 0.005
3095 0.005
3100 0.005
3101 0.005
3102 0.005
3103 0.005
3104 0.005
3105 0.005
3106 0.005
3107 0.005
3108 0.02
3227 0.005
3235 0.005
3236 0.005
3237 0.005
3238 0.005
3239 0.005
3240 0.005
3241 0.005
3394 0.005
3395 0.005
3396 0.005
3397 0.005
3557 0.005
mannings_n_at_sea_floor
4168
2699 0.016
2700 0.016
2701 0.016
2724 0.016
2725 0.016
2726 0.016
2727 0.016
2728 0.016
2729 0.016
2730 0.016
2731 0.016
2732 0.016
2733 0.016
2734 0.016
2735 0.016
2736 0.016
2737 0.016
2739 0.016
2761 0.016
2762 0.016
2763 0.016
2764 0.016
2765 0.016
2766 0.016
2767 0.016
2768 0.016
2769 0.016
2770 0.016
2771 0.016
2772 0.016
2774 0.016
2775 0.016
2776 0.016
2777 0.016
2778 0.016
2779 0.016
2780 0.016
2781 0.016
2782 0.016
2783 0.016
2784 0.016
2785 0.016
2786 0.016
2809 0.016
2810 0.016
2811 0.016
2812 0.016
2813 0.016
2814 0.016
2815 0.016
2816 0.016
2817 0.016
2821 0.016
2825 0.016
2826 0.016
2827 0.016
2828 0.016
2829 0.016
2831 0.016
2834 0.016
2835 0.016
2836 0.016
2837 0.016
2838 0.016
2839 0.016
2840 0.016
2841 0.016
2842 0.016
2843 0.016
2870 0.016
2872 0.016
2873 0.016
2874 0.016
2875 0.016
2876 0.016
2877 0.016
2878 0.016
2879 0.016
2880 0.016
2885 0.016
2886 0.016
2887 0.016
2889 0.016
2891 0.016
2892 0.016
2893 0.016
2894 0.016
2895 0.016
2896 0.016
2898 0.016
2899 0.016
2900 0.016
2902 0.016
2903 0.016
2904 0.016
2905 0.016
2906 0.016
2907 0.016
2908 0.016
2909 0.016
2910 0.016
2911 0.016
2912 0.016
2913 0.016
2940 0.016
2943 0.016
2944 0.016
2945 0.016
2946 0.016
2947 0.016
2948 0.016
2949 0.016
2950 0.016
2951 0.016
2952 0.016
2953 0.016
2955 0.016
2957 0.016
2958 0.016
2959 0.016
2960 0.016
2961 0.016
2962 0.016
2963 0.016
2964 0.016
2965 0.016
2966 0.016
2967 0.016
2968 0.016
2969 0.016
2970 0.016
2971 0.016
2972 0.016
2973 0.016
2975 0.016
2976 0.016
2977 0.016
2978 0.016
2979 0.016
2980 0.016
2981 0.016
2982 0.016
2983 0.016
2984 0.016
2985 0.016
2986 0.016
2987 0.016
2991 0.016
2992 0.016
3003 0.015
3004 0.015
3007 0.015
3013 0.015
3048 0.016
3049 0.016
3050 0.016
3051 0.016
3053 0.016
3058 0.016
3059 0.016
3060 0.016
3061 0.016
3062 0.016
3063 0.016
3064 0.016
3065 0.016
3066 0.016
3067 0.016
3068 0.016
3069 0.016
3070 0.016
3071 0.016
3072 0.016
3073 0.016
3074 0.016
3075 0.016
3076 0.016
3078 0.016
3084 0.016
3085 0.016
3086 0.016
3087 0.016
3088 0.016
3089 0.016
3090 0.016
3091 0.016
3098 0.016
3099 0.016
3119 0.016
3129 0.015
3172 0.016
3173 0.016
3174 0.016
3176 0.016
3178 0.016
3179 0.016
3180 0.016
3182 0.016
3186 0.016
3187 0.016
3188 0.016
3189 0.016
3190 0.016
3191 0.016
3192 0.016
3193 0.016
3194 0.016
3195 0.016
3196 0.016
3197 0.016
3198 0.016
3199 0.016
3200 0.016
3201 0.016
3202 0.016
3203 0.016
3205 0.016
3206 0.016
3207 0.016
3208 0.016
3209 0.016
3210 0.016
3211 0.016
3212 0.016
3213 0.016
3214 0.016
3215 0.016
3216 0.016
3217 0.016
3219 0.016
3220 0.016
3221 0.016
3222 0.016
3223 0.016
3233 0.016
3234 0.016
3268 0.016
3270 0.016
3278 0.015
3279 0.016
3286 0.016
3320 0.016
3321 0.016
3324 0.016
3325 0.016
3326 0.016
3329 0.016
3331 0.016
3334 0.016
3335 0.016
3336 0.016
3337 0.016
3338 0.016
3339 0.016
3340 0.016
3341 0.016
3342 0.016
3343 0.016
3344 0.016
3345 0.016
3346 0.016
3347 0.016
3348 0.016
3349 0.016
3350 0.016
3351 0.016
3352 0.016
3353 0.016
3354 0.016
3355 0.016
3356 0.016
3357 0.016
3360 0.016
3361 0.016
3363 0.016
3364 0.016
3365 0.016
3366 0.016
3367 0.016
3368 0.016
3369 0.016
3370 0.016
3371 0.016
3372 0.016
3374 0.016
3375 0.016
3376 0.016
3377 0.016
3389 0.016
3390 0.016
3391 0.016
3410 0.016
3411 0.016
3412 0.016
3414 0.016
3415 0.016
3421 0.016
3422 0.016
3427 0.016
3428 0.016
3429 0.016
3439 0.015
3447 0.016
3478 0.016
3479 0.016
3481 0.016
3482 0.016
3483 0.016
3484 0.016
3488 0.016
3491 0.016
3492 0.016
3493 0.016
3494 0.016
3495 0.016
3496 0.016
3497 0.016
3498 0.016
3499 0.016
3500 0.016
3501 0.016
3502 0.016
3503 0.016
3504 0.016
3505 0.016
3506 0.016
3507 0.016
3508 0.016
3509 0.016
3510 0.016
3511 0.016
3512 0.016
3513 0.016
3514 0.016
3515 0.016
3516 0.016
3517 0.016
3518 0.016
3519 0.016
3520 0.016
3521 0.016
3522 0.016
3523 0.016
3524 0.016
3525 0.016
3526 0.016
3527 0.016
3528 0.016
3529 0.016
3530 0.016
3531 0.016
3532 0.016
3533 0.016
3536 0.016
3550 0.016
3551 0.016
3573 0.016
3574 0.016
3575 0.016
3576 0.016
3577 0.016
3578 0.016
3579 0.016
3580 0.016
3581 0.016
3584 0.016
3585 0.016
3586 0.016
3587 0.016
3588 0.016
3590 0.015
3591 0.016
3592 0.016
3593 0.016
3599 0.015
3600 0.015
3602 0.015
3609 0.016
3610 0.016
3636 0.016
3640 0.016
3641 0.016
3642 0.016
3643 0.016
3644 0.016
3645 0.016
3646 0.016
3647 0.016
3649 0.016
3650 0.016
3658 0.016
3659 0.016
3660 0.016
3661 0.016
3663 0.016
3664 0.016
3665 0.016
3666 0.016
3667 0.016
3668 0.016
3669 0.016
3670 0.016
3671 0.016
3672 0.016
3673 0.016
3674 0.016
3675 0.016
3676 0.016
3677 0.016
3678 0.016
3679 0.016
3680 0.016
3681 0.016
3682 0.016
3683 0.016
3684 0.016
3685 0.016
3686 0.016
3687 0.016
3688 0.016
3689 0.016
3690 0.016
3691 0.016
3692 0.016
3693 0.016
3694 0.016
3695 0.016
3696 0.016
3697 0.016
3698 0.016
3713 0.016
3733 0.016
3734 0.016
3735 0.016
3736 0.016
3737 0.016
3738 0.016
3739 0.016
3740 0.016
3742 0.016
3743 0.016
3744 0.016
3745 0.016
3746 0.016
3747 0.016
3748 0.016
3749 0.015
3750 0.015
3751 0.015
3755 0.015
3756 0.015
3758 0.015
3761 0.015
3764 0.016
3765 0.016
3788 0.016
3789 0.016
3790 0.016
3791 0.016
3792 0.016
3793 0.016
3794 0.016
3795 0.016
3796 0.016
3797 0.016
3798 0.016
3799 0.016
3808 0.016
3814 0.016
3815 0.016
3817 0.016
3818 0.016
3819 0.016
3820 0.016
3821 0.016
3822 0.016
3823 0.016
3824 0.016
3825 0.016
3826 0.016
3827 0.016
3828 0.016
3829 0.016
3830 0.016
3831 0.016
3832 0.016
3833 0.016
3834 0.016
3835 0.016
3836 0.016
3837 0.016
3838 0.016
3839 0.016
3840 0.016
3841 0.016
3842 0.016
3843 0.016
3844 0.016
3845 0.016
3846 0.016
3847 0.016
3848 0.016
3849 0.016
3850 0.016
3851 0.016
3852 0.016
3863 0.016
3883 0.016
3884 0.016
3885 0.016
3886 0.015
3887 0.016
3888 0.016
3889 0.015
3890 0.016
3891 0.016
3892 0.016
3893 0.016
3894 0.016
3895 0.016
3896 0.015
3897 0.015
3898 0.015
3901 0.015
3902 0.015
3904 0.015
3929 0.016
3930 0.016
3931 0.016
3932 0.016
3933 0.016
3934 0.016
3935 0.016
3936 0.016
3937 0.016
3939 0.016
3940 0.016
3941 0.016
3942 0.016
3943 0.016
3953 0.016
3958 0.016
3959 0.016
3961 0.016
3962 0.016
3963 0.016
3964 0.016
3965 0.016
3966 0.016
3967 0.016
3968 0.016
3969 0.016
3970 0.016
3971 0.016
3972 0.016
3973 0.016
3974 0.016
3975 0.016
3976 0.016
3977 0.016
3978 0.016
3979 0.016
3980 0.016
3981 0.016
3982 0.016
3983 0.016
3984 0.016
3985 0.016
3986 0.016
3987 0.016
3988 0.016
3989 0.016
3990 0.016
3991 0.016
3994 0.016
3995 0.016
3996 0.016
3997 0.016
3998 0.016
4022 0.015
4023 0.015
4024 0.015
4025 0.015
4026 0.015
4027 0.016
4028 0.016
4029 0.016
4030 0.016
4031 0.015
4032 0.015
4033 0.015
4034 0.015
4035 0.015
4036 0.015
4037 0.015
4038 0.015
4039 0.015
4041 0.016
4060 0.016
4061 0.016
4062 0.016
4063 0.016
4064 0.016
4066 0.016
4067 0.016
4068 0.016
4071 0.016
4072 0.016
4073 0.016
4074 0.016
4077 0.016
4087 0.016
4088 0.016
4090 0.016
4091 0.016
4093 0.016
4094 0.016
4097 0.016
4098 0.016
4099 0.016
4100 0.016
4101 0.016
4102 0.016
4103 0.016
4104 0.016
4105 0.016
4106 0.016
4107 0.016
4108 0.016
4109 0.016
4110 0.016
4111 0.016
4112 0.016
4113 0.016
4114 0.016
4115 0.016
4116 0.016
4117 0.016
4118 0.016
4119 0.016
4120 0.016
4121 0.016
4122 0.016
4123 0.016
4124 0.016
4125 0.016
4156 0.015
4157 0.015
4158 0.015
4159 0.016
4160 0.016
4161 0.016
4162 0.016
4163 0.016
4164 0.016
4165 0.016
4166 0.015
4167 0.015
4168 0.015
4169 0.015
4170 0.015
4171 0.015
4192 0.016
4193 0.016
4194 0.016
4195 0.016
4196 0.016
4198 0.016
4201 0.016
4207 0.016
4208 0.016
4209 0.016
4210 0.016
4212 0.016
4215 0.016
4227 0.016
4228 0.016
4229 0.016
4230 0.016
4231 0.016
4232 0.016
4233 0.016
4236 0.016
4237 0.016
4238 0.016
4239 0.016
4240 0.016
4241 0.016
4242 0.016
4243 0.016
4244 0.016
4245 0.016
4246 0.016
4247 0.016
4248 0.016
4249 0.016
4250 0.016
4251 0.016
4252 0.016
4253 0.016
4254 0.016
4255 0.016
4256 0.016
4257 0.016
4258 0.016
4259 0.016
4261 0.016
4293 0.15
4294 0.15
4295 0.15
4296 0.15
4298 0.016
4299 0.015
4300 0.015
4301 0.015
4302 0.016
4303 0.016
4304 0.016
4305 0.015
4306 0.016
4307 0.016
4308 0.016
4309 0.015
4310 0.015
4311 0.015
4312 0.015
4337 0.016
4338 0.016
4339 0.016
4340 0.016
4341 0.016
4342 0.016
4369 0.016
4370 0.016
4371 0.016
4372 0.016
4373 0.016
4374 0.016
4375 0.016
4376 0.016
4377 0.016
4378 0.016
4379 0.016
4380 0.016
4381 0.016
4382 0.016
4383 0.016
4384 0.016
4385 0.016
4386 0.016
4387 0.016
4388 0.016
4389 0.016
4390 0.016
4391 0.016
4392 0.016
4393 0.016
4395 0.016
4421 0.15
4422 0.15
4423 0.15
4436 0.15
4437 0.15
4438 0.15
4439 0.15
4440 0.15
4443 0.016
4444 0.015
4445 0.015
4446 0.016
4447 0.015
4448 0.016
4449 0.016
4450 0.015
4451 0.015
4453 0.015
4489 0.016
4490 0.016
4491 0.016
4492 0.016
4495 0.016
4496 0.016
4497 0.016
4499 0.016
4500 0.016
4504 0.016
4505 0.016
4506 0.016
4507 0.016
4508 0.016
4513 0.016
4515 0.016
4516 0.016
4517 0.016
4520 0.016
4522 0.016
4523 0.016
4524 0.016
4525 0.016
4526 0.016
4527 0.016
4528 0.016
4529 0.016
4530 0.016
4531 0.016
4532 0.016
4533 0.016
4534 0.016
4535 0.016
4536 0.016
4537 0.016
4538 0.016
4539 0.016
4540 0.016
4541 0.016
4542 0.016
4543 0.016
4544 0.016
4545 0.016
4572 0.15
4573 0.15
4574 0.15
4575 0.15
4576 0.15
4577 0.15
4592 0.15
4593 0.15
4594 0.15
4595 0.15
4596 0.15
4598 0.016
4599 0.016
4600 0.015
4601 0.015
4602 0.015
4603 0.015
4604 0.015
4613 0.016
4614 0.016
4620 0.016
4622 0.016
4623 0.016
4638 0.016
4639 0.016
4640 0.016
4641 0.016
4642 0.016
4645 0.016
4647 0.016
4648 0.016
4649 0.016
4650 0.016
4651 0.016
4655 0.016
4656 0.016
4659 0.016
4660 0.016
4661 0.016
4662 0.016
4663 0.016
4664 0.016
4665 0.016
4666 0.016
4667 0.016
4668 0.016
4669 0.016
4670 0.016
4671 0.016
4672 0.016
4673 0.016
4674 0.016
4675 0.016
4676 0.016
4677 0.016
4678 0.016
4679 0.016
4680 0.016
4681 0.016
4682 0.016
4683 0.016
4684 0.016
4685 0.016
4686 0.016
4714 0.15
4715 0.15
4716 0.15
4717 0.15
4718 0.15
4719 0.15
4720 0.15
4721 0.15
4734 0.15
4735 0.15
4736 0.15
4737 0.15
4738 0.15
4740 0.016
4741 0.016
4742 0.016
4743 0.016
4744 0.015
4745 0.015
4746 0.015
4754 0.016
4755 0.016
4756 0.016
4757 0.016
4760 0.016
4762 0.016
4763 0.016
4764 0.016
4765 0.016
4766 0.016
4775 0.016
4776 0.016
4780 0.016
4781 0.016
4782 0.016
4783 0.016
4787 0.016
4788 0.016
4789 0.016
4790 0.016
4795 0.016
4796 0.016
4797 0.016
4800 0.016
4801 0.016
4802 0.016
4803 0.016
4804 0.016
4805 0.016
4806 0.016
4807 0.016
4808 0.016
4809 0.016
4810 0.016
4811 0.016
4812 0.016
4813 0.016
4814 0.016
4815 0.016
4816 0.016
4817 0.016
4818 0.016
4819 0.016
4820 0.016
4821 0.016
4822 0.016
4823 0.016
4824 0.016
4825 0.016
4835 0.016
4842 0.016
4843 0.016
4844 0.016
4845 0.016
4846 0.016
4851 0.016
4853 0.016
4854 0.15
4855 0.15
4856 0.15
4857 0.15
4858 0.15
4859 0.15
4860 0.15
4861 0.15
4862 0.15
4863 0.15
4874 0.15
4875 0.15
4876 0.15
4877 0.15
4878 0.15
4879 0.15
4881 0.016
4882 0.016
4883 0.016
4884 0.016
4885 0.016
4886 0.016
4887 0.015
4888 0.015
4889 0.015
4894 0.016
4895 0.016
4896 0.016
4897 0.016
4898 0.016
4899 0.016
4900 0.016
4901 0.016
4902 0.016
4903 0.016
4904 0.016
4905 0.016
4906 0.016
4915 0.016
4916 0.016
4917 0.016
4922 0.016
4923 0.016
4924 0.016
4927 0.016
4928 0.016
4930 0.016
4935 0.016
4936 0.016
4937 0.016
4940 0.016
4941 0.016
4942 0.016
4943 0.016
4944 0.016
4945 0.016
4946 0.016
4947 0.016
4948 0.016
4949 0.016
4950 0.016
4951 0.016
4952 0.016
4953 0.016
4954 0.016
4955 0.016
4956 0.016
4957 0.016
4958 0.016
4959 0.016
4960 0.016
4961 0.016
4962 0.016
4963 0.016
4971 0.016
4979 0.016
4980 0.016
4981 0.016
4982 0.016
4983 0.016
4984 0.016
4989 0.016
4990 0.016
4991 0.016
4992 0.016
4993 0.15
4994 0.15
4995 0.15
4996 0.15
4997 0.15
4998 0.15
4999 0.15
5000 0.15
5001 0.15
5002 0.15
5003 0.15
5004 0.15
5005 0.15
5019 0.15
5020 0.15
5021 0.15
5022 0.15
5023 0.15
5024 0.15
5025 0.15
5027 0.016
5028 0.016
5029 0.016
5030 0.016
5031 0.015
5037 0.016
5038 0.016
5039 0.016
5040 0.016
5041 0.016
5042 0.016
5043 0.016
5044 0.016
5045 0.016
5046 0.015
5047 0.016
5048 0.015
5058 0.016
5060 0.016
5061 0.016
5066 0.016
5067 0.016
5068 0.016
5071 0.016
5072 0.016
5076 0.016
5081 0.016
5082 0.016
5083 0.016
5084 0.016
5088 0.016
5089 0.016
5090 0.016
5091 0.016
5092 0.016
5093 0.016
5094 0.016
5095 0.016
5096 0.016
5097 0.016
5098 0.016
5099 0.016
5100 0.016
5101 0.016
5102 0.016
5103 0.016
5104 0.016
5105 0.016
5106 0.016
5107 0.016
5108 0.016
5115 0.016
5116 0.016
5117 0.016
5124 0.016
5125 0.016
5126 0.016
5127 0.016
5128 0.016
5129 0.016
5130 0.016
5134 0.016
5135 0.016
5136 0.016
5137 0.016
5138 0.15
5139 0.15
5140 0.15
5141 0.15
5142 0.15
5143 0.15
5144 0.15
5145 0.15
5146 0.15
5147 0.15
5148 0.15
5149 0.15
5165 0.15
5166 0.15
5167 0.15
5168 0.15
5169 0.15
5170 0.15
5171 0.15
5172 0.15
5175 0.016
5179 0.015
5184 0.016
5185 0.016
5187 0.016
5189 0.016
5190 0.016
5191 0.016
5192 0.016
5193 0.016
5194 0.015
5195 0.016
5196 0.015
5205 0.016
5206 0.016
5207 0.016
5209 0.016
5210 0.016
5214 0.016
5216 0.016
5217 0.016
5218 0.016
5221 0.016
5224 0.016
5225 0.016
5226 0.016
5231 0.016
5232 0.016
5233 0.016
5234 0.016
5235 0.016
5237 0.016
5238 0.016
5239 0.016
5240 0.016
5241 0.016
5242 0.016
5243 0.016
5244 0.016
5245 0.016
5246 0.016
5247 0.016
5248 0.016
5249 0.016
5250 0.016
5251 0.016
5252 0.016
5253 0.016
5254 0.016
5255 0.016
5256 0.016
5262 0.016
5263 0.016
5264 0.016
5265 0.016
5273 0.016
5274 0.016
5275 0.016
5276 0.016
5277 0.016
5278 0.016
5282 0.016
5283 0.016
5287 0.15
5288 0.15
5289 0.15
5290 0.15
5291 0.15
5293 0.15
5294 0.15
5295 0.15
5306 0.15
5307 0.15
5308 0.15
5309 0.15
5310 0.15
5311 0.15
5312 0.15
5313 0.15
5314 0.15
5333 0.016
5334 0.016
5335 0.016
5336 0.016
5337 0.016
5338 0.015
5339 0.016
5340 0.015
5351 0.016
5353 0.016
5354 0.016
5355 0.016
5356 0.016
5357 0.016
5359 0.016
5361 0.016
5362 0.016
5363 0.016
5366 0.016
5369 0.016
5370 0.016
5372 0.016
5378 0.016
5379 0.016
5380 0.016
5381 0.016
5382 0.016
5384 0.016
5385 0.016
5386 0.016
5387 0.016
5388 0.016
5389 0.016
5390 0.016
5391 0.016
5392 0.016
5393 0.016
5394 0.016
5395 0.016
5396 0.016
5397 0.016
5398 0.016
5399 0.016
5400 0.016
5401 0.016
5402 0.016
5408 0.016
5409 0.016
5410 0.016
5411 0.016
5413 0.016
5416 0.016
5417 0.016
5418 0.016
5419 0.016
5420 0.016
5421 0.016
5422 0.016
5432 0.15
5433 0.15
5434 0.15
5435 0.15
5436 0.15
5437 0.15
5444 0.15
5445 0.15
5446 0.15
5447 0.15
5448 0.15
5449 0.15
5450 0.15
5451 0.15
5452 0.15
5453 0.15
5454 0.15
5469 0.016
5477 0.016
5478 0.016
5480 0.015
5481 0.015
5494 0.016
5495 0.016
5496 0.016
5498 0.016
5500 0.016
5501 0.016
5505 0.016
5506 0.016
5507 0.016
5510 0.016
5512 0.016
5515 0.016
5516 0.016
5522 0.016
5523 0.016
5524 0.016
5525 0.016
5527 0.016
5528 0.016
5529 0.016
5530 0.016
5531 0.016
5532 0.016
5533 0.016
5534 0.016
5535 0.016
5536 0.016
5537 0.016
5538 0.016
5539 0.016
5540 0.016
5541 0.016
5542 0.016
5543 0.016
5544 0.016
5545 0.016
5552 0.016
5553 0.016
5554 0.016
5555 0.016
5556 0.016
5557 0.016
5558 0.016
5559 0.016
5560 0.016
5561 0.016
5562 0.016
5563 0.016
5564 0.016
5565 0.016
5566 0.016
5577 0.15
5578 0.15
5579 0.15
5580 0.15
5585 0.15
5586 0.15
5587 0.08
5588 0.08
5589 0.15
5590 0.15
5591 0.15
5592 0.15
5593 0.08
5594 0.08
5595 0.15
5596 0.15
5597 0.15
5606 0.016
5607 0.016
5612 0.016
5616 0.016
5617 0.016
5624 0.016
5625 0.015
5626 0.015
5627 0.016
5633 0.016
5635 0.016
5636 0.016
5637 0.016
5638 0.016
5639 0.016
5640 0.016
5641 0.016
5642 0.016
5643 0.016
5646 0.016
5647 0.016
5648 0.016
5652 0.016
5653 0.016
5654 0.016
5655 0.016
5656 0.016
5657 0.016
5659 0.016
5664 0.016
5665 0.016
5666 0.016
5669 0.016
5670 0.016
5671 0.016
5672 0.016
5673 0.016
5674 0.016
5675 0.016
5676 0.016
5677 0.016
5678 0.016
5679 0.016
5680 0.016
5681 0.016
5682 0.016
5683 0.016
5684 0.016
5685 0.016
5686 0.016
5698 0.016
5700 0.016
5701 0.016
5702 0.016
5704 0.016
5706 0.016
5707 0.016
5708 0.016
5709 0.016
5711 0.016
5714 0.016
5722 0.15
5723 0.15
5724 0.15
5727 0.15
5728 0.15
5729 0.15
5730 0.08
5731 0.08
5732 0.08
5733 0.15
5734 0.15
5735 0.15
5736 0.15
5737 0.08
5738 0.08
5739 0.08
5740 0.08
5741 0.08
5748 0.016
5749 0.016
5751 0.016
5756 0.015
5759 0.015
5761 0.016
5763 0.016
5764 0.016
5769 0.016
5770 0.015
5771 0.015
5772 0.016
5773 0.016
5777 0.016
5778 0.016
5779 0.016
5780 0.016
5781 0.016
5782 0.016
5783 0.016
5784 0.016
5785 0.016
5786 0.016
5790 0.016
5791 0.016
5792 0.016
5793 0.016
5794 0.016
5795 0.016
5796 0.016
5797 0.016
5798 0.016
5799 0.016
5800 0.016
5801 0.016
5802 0.016
5803 0.016
5804 0.016
5805 0.016
5807 0.016
5811 0.016
5812 0.016
5816 0.016
5817 0.016
5818 0.016
5819 0.016
5820 0.016
5821 0.016
5822 0.016
5823 0.016
5824 0.016
5825 0.016
5826 0.016
5827 0.016
5828 0.016
5829 0.016
5830 0.016
5831 0.016
5832 0.016
5852 0.016
5853 0.016
5854 0.016
5855 0.016
5857 0.016
5858 0.016
5859 0.016
5862 0.016
5863 0.016
5872 0.15
5873 0.015
5875 0.15
5876 0.15
5877 0.015
5878 0.015
5879 0.015
5880 0.015
5881 0.015
5882 0.015
5883 0.08
5884 0.08
5885 0.08
5886 0.08
5887 0.08
5888 0.015
5889 0.08
5890 0.08
5891 0.08
5892 0.08
5893 0.08
5894 0.08
5895 0.016
5899 0.016
5902 0.016
5903 0.016
5904 0.016
5910 0.015
5912 0.015
5916 0.016
5917 0.016
5922 0.015
5923 0.015
5924 0.016
5925 0.016
5928 0.016
5929 0.016
5930 0.016
5932 0.016
5933 0.016
5934 0.016
5935 0.016
5936 0.016
5937 0.016
5941 0.016
5942 0.016
5943 0.016
5944 0.016
5945 0.016
5946 0.016
5947 0.016
5948 0.016
5949 0.016
5950 0.016
5951 0.016
5952 0.016
5953 0.016
5954 0.016
5956 0.016
5957 0.016
5959 0.016
5962 0.016
5963 0.016
5967 0.016
5968 0.016
5969 0.016
5970 0.016
5971 0.016
5972 0.016
5973 0.016
5974 0.016
5975 0.016
5976 0.016
5977 0.016
5978 0.016
5979 0.016
5980 0.016
5983 0.016
5985 0.016
5989 0.016
5990 0.016
6008 0.016
6009 0.016
6010 0.016
6011 0.016
6012 0.016
6013 0.016
6014 0.016
6017 0.016
6018 0.016
6020 0.016
6025 0.015
6026 0.015
6027 0.015
6028 0.015
6030 0.015
6031 0.015
6032 0.015
6033 0.015
6034 0.015
6035 0.015
6036 0.015
6037 0.015
6038 0.08
6039 0.08
6040 0.08
6041 0.08
6042 0.08
6043 0.015
6044 0.015
6045 0.08
6046 0.08
6047 0.08
6048 0.08
6049 0.08
6050 0.016
6052 0.016
6053 0.016
6054 0.016
6055 0.016
6059 0.016
6060 0.016
6067 0.015
6068 0.015
6071 0.016
6072 0.016
6073 0.016
6077 0.016
6078 0.016
6079 0.015
6080 0.016
6081 0.016
6082 0.016
6083 0.016
6084 0.016
6085 0.016
6086 0.016
6087 0.016
6088 0.016
6089 0.016
6090 0.016
6091 0.016
6092 0.016
6093 0.016
6097 0.016
6098 0.016
6099 0.016
6100 0.016
6101 0.016
6102 0.016
6103 0.016
6104 0.016
6105 0.016
6106 0.016
6107 0.016
6109 0.016
6110 0.016
6111 0.016
6114 0.016
6115 0.016
6118 0.016
6119 0.016
6120 0.016
6121 0.016
6122 0.016
6123 0.016
6124 0.016
6125 0.016
6126 0.016
6127 0.016
6128 0.016
6129 0.016
6130 0.016
6131 0.016
6132 0.016
6133 0.016
6134 0.016
6135 0.016
6136 0.016
6137 0.016
6138 0.016
6139 0.016
6140 0.016
6141 0.016
6157 0.016
6158 0.016
6159 0.016
6160 0.016
6161 0.016
6162 0.016
6163 0.016
6164 0.016
6168 0.016
6169 0.016
6171 0.016
6181 0.015
6182 0.015
6183 0.015
6184 0.015
6185 0.015
6188 0.08
6189 0.08
6190 0.015
6191 0.015
6192 0.015
6193 0.08
6194 0.08
6195 0.08
6196 0.08
6197 0.015
6198 0.015
6199 0.08
6200 0.08
6201 0.08
6202 0.08
6203 0.016
6204 0.016
6206 0.016
6207 0.016
6208 0.016
6209 0.016
6210 0.016
6212 0.016
6217 0.016
6223 0.015
6224 0.015
6227 0.016
6228 0.016
6229 0.016
6232 0.016
6233 0.016
6234 0.015
6235 0.016
6236 0.016
6237 0.016
6238 0.016
6239 0.016
6240 0.016
6241 0.016
6242 0.016
6243 0.016
6244 0.016
6245 0.016
6246 0.016
6247 0.016
6248 0.016
6250 0.016
6251 0.016
6252 0.016
6253 0.016
6254 0.016
6255 0.016
6256 0.016
6257 0.016
6258 0.016
6259 0.016
6260 0.016
6261 0.016
6262 0.016
6263 0.016
6265 0.016
6266 0.016
6267 0.016
6269 0.016
6270 0.016
6271 0.016
6272 0.016
6273 0.016
6274 0.016
6275 0.016
6276 0.016
6277 0.016
6278 0.016
6279 0.016
6280 0.016
6281 0.016
6282 0.016
6283 0.016
6284 0.016
6285 0.016
6286 0.016
6287 0.016
6288 0.016
6289 0.016
6290 0.016
6291 0.016
6313 0.016
6314 0.016
6315 0.016
6316 0.016
6317 0.016
6318 0.016
6320 0.016
6321 0.016
6322 0.016
6323 0.016
6324 0.016
6325 0.016
6326 0.016
6327 0.016
6335 0.015
6336 0.015
6337 0.015
6338 0.015
6339 0.015
6340 0.016
6341 0.015
6342 0.015
6343 0.08
6344 0.08
6345 0.08
6346 0.015
6347 0.015
6348 0.015
6349 0.08
6350 0.08
6351 0.08
6352 0.015
6353 0.08
6354 0.08
6355 0.08
6356 0.08
6357 0.016
6358 0.016
6359 0.016
6361 0.016
6362 0.016
6363 0.016
6364 0.016
6365 0.016
6366 0.016
6369 0.016
6378 0.016
6383 0.015
6384 0.015
6387 0.016
6388 0.016
6389 0.016
6391 0.016
6392 0.015
6393 0.016
6394 0.016
6395 0.016
6396 0.016
6397 0.016
6398 0.016
6399 0.016
6400 0.016
6401 0.016
6402 0.016
6403 0.016
6404 0.016
6405 0.016
6406 0.016
6407 0.016
6408 0.016
6409 0.016
6410 0.016
6411 0.016
6412 0.016
6413 0.016
6414 0.016
6415 0.016
6416 0.016
6417 0.016
6418 0.016
6419 0.016
6420 0.016
6421 0.016
6422 0.016
6423 0.016
6424 0.016
6425 0.016
6426 0.016
6427 0.016
6428 0.016
6429 0.016
6430 0.016
6431 0.016
6432 0.016
6433 0.016
6434 0.016
6435 0.016
6436 0.016
6437 0.016
6438 0.016
6439 0.016
6440 0.016
6441 0.016
6442 0.016
6443 0.016
6444 0.016
6445 0.016
6446 0.016
6447 0.016
6448 0.016
6449 0.016
6450 0.016
6460 0.016
6462 0.016
6464 0.016
6465 0.016
6467 0.016
6468 0.016
6472 0.016
6473 0.016
6474 0.016
6475 0.016
6476 0.016
6477 0.016
6478 0.016
6479 0.016
6480 0.016
6481 0.016
6482 0.016
6488 0.016
6489 0.015
6490 0.015
6491 0.015
6492 0.015
6493 0.016
6494 0.015
6496 0.015
6497 0.08
6498 0.08
6499 0.08
6500 0.08
6501 0.015
6502 0.015
6503 0.015
6504 0.08
6505 0.08
6506 0.08
6507 0.015
6508 0.08
6509 0.08
6510 0.08
6511 0.016
6512 0.016
6513 0.016
6514 0.016
6515 0.016
6516 0.016
6517 0.016
6518 0.016
6519 0.016
6520 0.016
6521 0.016
6522 0.016
6536 0.016
6537 0.016
6542 0.016
6543 0.015
6547 0.016
6548 0.016
6549 0.016
6550 0.015
6551 0.016
6552 0.016
6553 0.016
6554 0.015
6555 0.015
6556 0.016
6557 0.016
6558 0.016
6559 0.016
6560 0.016
6561 0.016
6562 0.016
6563 0.016
6564 0.016
6565 0.016
6566 0.016
6567 0.016
6568 0.016
6569 0.016
6570 0.016
6571 0.016
6572 0.016
6573 0.016
6574 0.016
6575 0.016
6576 0.016
6577 0.016
6578 0.016
6579 0.016
6580 0.016
6581 0.016
6582 0.016
6583 0.016
6584 0.016
6585 0.016
6586 0.016
6587 0.016
6588 0.016
6589 0.016
6590 0.016
6591 0.016
6592 0.016
6593 0.016
6594 0.016
6595 0.016
6596 0.016
6597 0.016
6598 0.016
6599 0.016
6600 0.016
6601 0.016
6602 0.016
6603 0.016
6604 0.016
6605 0.016
6606 0.016
6607 0.016
6608 0.016
6609 0.016
6610 0.016
6611 0.016
6612 0.016
6614 0.016
6615 0.016
6619 0.016
6620 0.016
6622 0.016
6623 0.016
6624 0.016
6625 0.08
6626 0.08
6627 0.015
6628 0.08
6629 0.016
6630 0.016
6631 0.016
6632 0.016
6633 0.016
6638 0.016
6639 0.016
6640 0.016
6641 0.016
6643 0.016
6644 0.016
6645 0.016
6652 0.015
6653 0.015
6654 0.016
6656 0.015
6657 0.08
6658 0.08
6659 0.08
6660 0.08
6661 0.08
6662 0.08
6663 0.015
6664 0.015
6665 0.08
6666 0.08
6667 0.08
6668 0.08
6669 0.08
6670 0.08
6671 0.016
6672 0.016
6673 0.016
6674 0.016
6675 0.016
6676 0.016
6677 0.016
6678 0.016
6679 0.016
6680 0.016
6681 0.016
6702 0.016
6705 0.016
6706 0.016
6709 0.016
6710 0.016
6711 0.016
6712 0.015
6713 0.015
6715 0.016
6716 0.016
6717 0.016
6718 0.016
6719 0.016
6720 0.016
6721 0.015
6722 0.015
6723 0.016
6724 0.016
6725 0.016
6726 0.016
6727 0.016
6728 0.016
6729 0.016
6730 0.016
6731 0.016
6732 0.016
6733 0.016
6734 0.016
6735 0.016
6736 0.016
6737 0.016
6738 0.016
6739 0.016
6740 0.016
6741 0.016
6742 0.016
6743 0.016
6744 0.016
6745 0.016
6746 0.016
6747 0.016
6748 0.016
6749 0.016
6750 0.016
6751 0.016
6752 0.016
6753 0.016
6754 0.016
6755 0.016
6756 0.016
6757 0.016
6758 0.016
6759 0.016
6760 0.016
6761 0.016
6762 0.016
6763 0.016
6764 0.016
6765 0.016
6766 0.016
6767 0.016
6768 0.016
6769 0.016
6770 0.016
6771 0.016
6772 0.016
6773 0.016
6774 0.016
6775 0.016
6776 0.016
6777 0.016
6778 0.016
6779 0.016
6780 0.016
6781 0.016
6782 0.016
6783 0.016
6784 0.016
6785 0.016
6786 0.016
6787 0.016
6788 0.08
6789 0.08
6790 0.08
6791 0.016
6792 0.016
6793 0.016
6794 0.016
6795 0.016
6796 0.016
6797 0.016
6802 0.016
6806 0.016
6807 0.016
6813 0.016
6815 0.016
6817 0.08
6818 0.08
6819 0.08
6820 0.08
6823 0.08
6824 0.08
6825 0.015
6826 0.015
6827 0.08
6828 0.08
6829 0.015
6830 0.08
6831 0.016
6832 0.016
6833 0.016
6834 0.016
6835 0.016
6836 0.016
6837 0.016
6838 0.016
6839 0.016
6840 0.016
6861 0.016
6862 0.016
6863 0.016
6864 0.016
6865 0.016
6866 0.016
6867 0.016
6868 0.016
6869 0.016
6870 0.016
6871 0.015
6872 0.015
6874 0.016
6875 0.016
6876 0.016
6877 0.016
6878 0.016
6879 0.016
6880 0.016
6881 0.016
6882 0.016
6883 0.016
6884 0.016
6885 0.016
6886 0.016
6887 0.016
6888 0.016
6889 0.016
6890 0.016
6891 0.016
6892 0.016
6893 0.016
6894 0.016
6895 0.016
6896 0.016
6897 0.016
6898 0.016
6899 0.016
6900 0.016
6901 0.016
6902 0.016
6903 0.016
6904 0.016
6905 0.016
6906 0.016
6907 0.016
6908 0.016
6909 0.016
6910 0.016
6911 0.016
6912 0.016
6913 0.016
6914 0.016
6915 0.016
6916 0.016
6917 0.016
6918 0.016
6919 0.016
6920 0.016
6921 0.016
6922 0.016
6923 0.016
6924 0.016
6925 0.016
6926 0.016
6927 0.016
6928 0.016
6929 0.016
6930 0.016
6931 0.016
6932 0.016
6933 0.016
6934 0.016
6935 0.016
6936 0.016
6937 0.016
6938 0.016
6939 0.016
6940 0.016
6941 0.08
6942 0.08
6943 0.08
6944 0.016
6945 0.016
6946 0.016
6947 0.016
6948 0.016
6949 0.016
6950 0.016
6959 0.016
6960 0.016
6969 0.08
6970 0.08
6971 0.08
6972 0.08
6975 0.08
6976 0.08
6977 0.08
6978 0.08
6979 0.08
6980 0.08
6981 0.08
6982 0.016
6983 0.016
6984 0.016
6985 0.016
6986 0.016
6987 0.016
6988 0.016
6989 0.016
6990 0.016
6991 0.016
7010 0.016
7011 0.016
7012 0.016
7013 0.016
7014 0.016
7015 0.016
7016 0.016
7017 0.016
7018 0.015
7019 0.015
7020 0.015
7021 0.016
7022 0.016
7023 0.016
7024 0.016
7025 0.016
7026 0.016
7027 0.016
7028 0.016
7029 0.016
7030 0.016
7031 0.016
7032 0.016
7033 0.016
7034 0.016
7035 0.016
7036 0.016
7037 0.016
7038 0.016
7039 0.016
7040 0.016
7041 0.016
7042 0.016
7043 0.016
7044 0.016
7045 0.016
7046 0.016
7047 0.016
7048 0.016
7049 0.016
7050 0.016
7051 0.016
7052 0.016
7053 0.016
7054 0.016
7055 0.016
7056 0.016
7057 0.016
7058 0.016
7059 0.016
7060 0.016
7061 0.016
7062 0.016
7063 0.016
7064 0.016
7065 0.016
7066 0.016
7067 0.016
7068 0.016
7069 0.016
7070 0.016
7071 0.016
7072 0.016
7073 0.016
7074 0.016
7075 0.016
7076 0.016
7077 0.016
7078 0.016
7079 0.016
7080 0.016
7081 0.016
7082 0.016
7083 0.016
7084 0.016
7085 0.08
7086 0.08
7087 0.08
7088 0.08
7089 0.08
7090 0.016
7091 0.016
7092 0.016
7093 0.016
7094 0.016
7095 0.016
7096 0.016
7114 0.08
7115 0.08
7120 0.08
7121 0.08
7122 0.08
7123 0.08
7124 0.08
7125 0.08
7127 0.016
7128 0.016
7129 0.016
7130 0.016
7131 0.016
7132 0.016
7133 0.016
7134 0.016
7144 0.015
7145 0.015
7154 0.016
7155 0.016
7156 0.016
7157 0.016
7158 0.016
7160 0.015
7161 0.015
7162 0.016
7163 0.016
7164 0.016
7165 0.016
7166 0.016
7167 0.016
7168 0.016
7169 0.016
7170 0.016
7171 0.016
7172 0.016
7173 0.016
7174 0.016
7175 0.016
7176 0.016
7177 0.016
7178 0.016
7179 0.016
7180 0.016
7181 0.016
7182 0.016
7183 0.016
7184 0.016
7185 0.016
7186 0.016
7187 0.016
7188 0.016
7189 0.016
7190 0.016
7191 0.016
7192 0.016
7193 0.016
7194 0.016
7195 0.016
7196 0.016
7197 0.016
7198 0.016
7199 0.016
7200 0.016
7201 0.016
7202 0.016
7203 0.016
7204 0.016
7205 0.016
7206 0.016
7207 0.016
7208 0.016
7209 0.016
7210 0.016
7211 0.016
7212 0.016
7213 0.016
7214 0.016
7215 0.016
7216 0.016
7217 0.016
7218 0.016
7219 0.016
7220 0.016
7221 0.016
7222 0.08
7223 0.08
7224 0.08
7225 0.08
7226 0.08
7228 0.016
7229 0.016
7230 0.016
7231 0.016
7232 0.016
7233 0.016
7234 0.016
7247 0.016
7253 0.08
7254 0.08
7260 0.08
7261 0.08
7262 0.08
7263 0.08
7264 0.08
7265 0.08
7268 0.016
7269 0.016
7270 0.016
7271 0.016
7272 0.016
7273 0.016
7274 0.016
7285 0.015
7286 0.015
7287 0.015
7292 0.016
7293 0.016
7294 0.016
7296 0.016
7297 0.016
7298 0.016
7301 0.015
7302 0.016
7303 0.016
7304 0.016
7305 0.016
7306 0.016
7307 0.016
7308 0.016
7309 0.016
7310 0.016
7311 0.016
7312 0.016
7313 0.016
7314 0.016
7315 0.016
7316 0.016
7317 0.016
7318 0.016
7319 0.016
7320 0.016
7321 0.016
7322 0.016
7323 0.016
7324 0.016
7325 0.016
7326 0.016
7327 0.016
7328 0.016
7329 0.016
7330 0.016
7331 0.016
7332 0.016
7333 0.016
7334 0.016
7335 0.016
7336 0.016
7337 0.016
7338 0.016
7339 0.016
7340 0.016
7341 0.016
7342 0.016
7343 0.016
7344 0.016
7345 0.016
7346 0.016
7347 0.016
7348 0.016
7349 0.016
7350 0.016
7351 0.016
7352 0.016
7353 0.016
7354 0.016
7355 0.016
7356 0.08
7357 0.08
7358 0.08
7359 0.08
7360 0.08
7361 0.08
7362 0.016
7363 0.016
7364 0.016
7365 0.016
7366 0.016
7367 0.016
7368 0.016
7372 0.016
7373 0.016
7382 0.016
7387 0.08
7388 0.08
7394 0.08
7395 0.08
7396 0.08
7397 0.08
7398 0.08
7402 0.016
7403 0.016
7404 0.016
7405 0.016
7406 0.016
7407 0.016
7408 0.016
7409 0.016
7425 0.015
7426 0.015
7434 0.016
7435 0.016
7436 0.016
7437 0.016
7438 0.016
7439 0.016
7440 0.016
7441 0.016
7442 0.016
7443 0.016
7444 0.016
7445 0.016
7446 0.016
7447 0.016
7448 0.016
7449 0.016
7450 0.015
7452 0.016
7453 0.016
7454 0.016
7455 0.016
7456 0.016
7457 0.016
7458 0.016
7459 0.016
7460 0.016
7461 0.016
7462 0.016
7463 0.016
7464 0.016
7465 0.016
7466 0.016
7467 0.016
7468 0.016
7469 0.016
7470 0.016
7471 0.016
7472 0.016
7473 0.016
7474 0.016
7475 0.016
7476 0.016
7477 0.016
7478 0.016
7479 0.016
7480 0.016
7481 0.016
7482 0.016
7483 0.016
7484 0.016
7485 0.016
7486 0.016
7487 0.016
7488 0.016
7489 0.016
7490 0.016
7491 0.016
7492 0.016
7493 0.016
7494 0.016
7495 0.016
7496 0.016
7497 0.016
7498 0.016
7499 0.016
7500 0.08
7501 0.08
7502 0.08
7503 0.08
7504 0.016
7505 0.016
7506 0.08
7508 0.016
7509 0.016
7510 0.016
7511 0.016
7512 0.016
7513 0.016
7514 0.016
7515 0.016
7526 0.016
7530 0.016
7534 0.08
7535 0.08
7536 0.08
7537 0.08
7541 0.08
7542 0.08
7543 0.08
7549 0.016
7550 0.016
7551 0.016
7552 0.016
7553 0.016
7554 0.016
7555 0.016
7556 0.016
7578 0.016
7579 0.016
7580 0.016
7581 0.016
7582 0.016
7583 0.016
7584 0.016
7585 0.016
7586 0.016
7587 0.016
7588 0.016
7589 0.016
7591 0.015
7592 0.015
7593 0.016
7594 0.016
7595 0.016
7596 0.016
7597 0.016
7598 0.016
7599 0.016
7600 0.016
7602 0.016
7603 0.016
7604 0.016
7605 0.016
7606 0.016
7607 0.016
7608 0.016
7609 0.016
7610 0.016
7611 0.016
7612 0.016
7613 0.016
7614 0.016
7615 0.016
7616 0.016
7617 0.016
7618 0.016
7619 0.016
7620 0.016
7621 0.016
7622 0.016
7623 0.016
7624 0.016
7625 0.016
7626 0.016
7627 0.016
7628 0.016
7629 0.016
7630 0.016
7631 0.016
7632 0.016
7633 0.016
7634 0.016
7635 0.016
7636 0.016
7637 0.016
7638 0.016
7639 0.08
7640 0.08
7641 0.08
7642 0.08
7643 0.08
7644 0.08
7645 0.016
7646 0.016
7647 0.016
7648 0.016
7649 0.016
7650 0.016
7651 0.016
7652 0.016
7653 0.016
7654 0.016
7655 0.016
7656 0.016
7658 0.016
7659 0.016
7660 0.016
7661 0.016
7664 0.016
7666 0.016
7667 0.016
7668 0.016
7669 0.016
7671 0.016
7672 0.016
7677 0.08
7678 0.08
7679 0.08
7683 0.08
7684 0.08
7685 0.08
7693 0.016
7694 0.016
7695 0.016
7696 0.016
7697 0.016
7698 0.016
7699 0.016
7700 0.016
7718 0.016
7719 0.016
7720 0.016
7721 0.016
7722 0.016
7723 0.016
7724 0.016
7725 0.016
7727 0.015
7728 0.015
7729 0.016
7730 0.016
7731 0.016
7732 0.016
7733 0.016
7734 0.016
7735 0.016
7736 0.016
7737 0.016
7738 0.016
7739 0.016
7740 0.016
7741 0.016
7742 0.016
7743 0.016
7744 0.016
7745 0.016
7746 0.016
7747 0.016
7748 0.016
7749 0.016
7750 0.016
7751 0.016
7752 0.016
7753 0.016
7754 0.016
7755 0.016
7757 0.016
7758 0.016
7759 0.016
7760 0.016
7761 0.016
7762 0.016
7763 0.016
7764 0.016
7765 0.016
7766 0.016
7767 0.016
7768 0.016
7769 0.016
7770 0.016
7771 0.016
7772 0.08
7773 0.08
7774 0.08
7775 0.08
7776 0.08
7777 0.08
7778 0.016
7779 0.016
7780 0.016
7781 0.016
7782 0.016
7783 0.016
7784 0.016
7785 0.016
7786 0.016
7787 0.016
7788 0.016
7789 0.016
7790 0.016
7791 0.016
7792 0.016
7793 0.016
7794 0.016
7795 0.016
7796 0.016
7797 0.016
7798 0.016
7799 0.016
7800 0.016
7801 0.016
7802 0.016
7803 0.016
7804 0.016
7805 0.016
7806 0.016
7807 0.016
7808 0.016
7809 0.016
7810 0.016
7813 0.08
7814 0.08
7818 0.08
7819 0.08
7820 0.08
7830 0.016
7831 0.016
7832 0.016
7833 0.016
7834 0.016
7835 0.016
7836 0.016
7837 0.016
7854 0.015
7855 0.016
7856 0.016
7857 0.016
7858 0.016
7859 0.016
7860 0.016
7861 0.016
7862 0.016
7863 0.016
7864 0.016
7865 0.016
7866 0.016
7867 0.016
7868 0.016
7869 0.016
7870 0.016
7871 0.016
7872 0.016
7873 0.016
7874 0.016
7875 0.016
7876 0.016
7877 0.016
7878 0.016
7879 0.016
7880 0.016
7881 0.016
7882 0.016
7883 0.016
7884 0.016
7885 0.016
7886 0.016
7887 0.016
7890 0.016
7891 0.016
7892 0.016
7893 0.016
7894 0.016
7895 0.016
7896 0.016
7897 0.016
7898 0.016
7899 0.016
7900 0.016
7901 0.016
7902 0.016
7903 0.016
7904 0.08
7905 0.08
7906 0.08
7907 0.08
7908 0.08
7909 0.08
7910 0.08
7911 0.08
7912 0.016
7913 0.016
7915 0.016
7916 0.016
7917 0.016
7918 0.016
7919 0.016
7920 0.016
7921 0.016
7922 0.016
7923 0.016
7924 0.016
7925 0.016
7926 0.016
7927 0.016
7928 0.016
7929 0.016
7930 0.016
7931 0.016
7932 0.016
7933 0.016
7934 0.016
7935 0.016
7936 0.016
7937 0.016
7938 0.016
7939 0.016
7940 0.016
7942 0.08
7943 0.08
7944 0.08
7945 0.08
7946 0.08
7947 0.08
7948 0.08
7949 0.08
7955 0.015
7956 0.015
7960 0.016
7961 0.016
7962 0.016
7963 0.016
7964 0.016
7965 0.016
7966 0.016
7967 0.016
7980 0.016
7981 0.016
7982 0.016
7983 0.016
7984 0.016
7985 0.016
7986 0.016
7987 0.016
7988 0.016
7989 0.016
7990 0.016
7991 0.016
7992 0.016
7993 0.016
7994 0.016
7995 0.016
7996 0.016
7997 0.016
7998 0.016
7999 0.016
8000 0.016
8001 0.016
8002 0.016
8003 0.016
8004 0.016
8005 0.016
8006 0.016
8007 0.016
8008 0.016
8009 0.015
8010 0.015
8011 0.015
8012 0.016
8013 0.016
8014 0.016
8015 0.016
8016 0.016
8017 0.016
8018 0.016
8019 0.016
8020 0.016
8021 0.016
8022 0.016
8023 0.016
8024 0.016
8025 0.016
8026 0.08
8027 0.08
8028 0.08
8029 0.08
8030 0.016
8031 0.016
8032 0.08
8033 0.08
8036 0.016
8038 0.016
8040 0.016
8041 0.016
8042 0.016
8043 0.016
8044 0.016
8045 0.016
8046 0.016
8047 0.016
8048 0.016
8049 0.016
8050 0.016
8051 0.016
8052 0.016
8053 0.016
8054 0.016
8055 0.016
8056 0.016
8057 0.016
8058 0.016
8059 0.016
8060 0.016
8061 0.016
8062 0.016
8063 0.08
8064 0.08
8065 0.08
8066 0.08
8067 0.08
8068 0.08
8069 0.08
8070 0.08
8073 0.08
8075 0.015
8076 0.015
8077 0.015
8078 0.015
8080 0.015
8081 0.016
8082 0.016
8083 0.016
8084 0.016
8085 0.016
8086 0.016
8087 0.016
8088 0.016
8089 0.016
8090 0.016
8103 0.016
8104 0.016
8105 0.016
8106 0.016
8107 0.016
8108 0.016
8109 0.016
8110 0.016
8111 0.016
8112 0.016
8113 0.016
8114 0.016
8115 0.016
8116 0.016
8117 0.016
8118 0.016
8119 0.016
8120 0.016
8121 0.016
8122 0.016
8123 0.016
8124 0.016
8125 0.016
8126 0.015
8127 0.015
8128 0.015
8129 0.015
8130 0.016
8131 0.016
8132 0.016
8133 0.016
8134 0.016
8135 0.016
8136 0.016
8137 0.016
8138 0.016
8139 0.016
8140 0.016
8141 0.016
8142 0.016
8143 0.016
8144 0.016
8145 0.016
8146 0.016
8147 0.08
8148 0.016
8149 0.016
8150 0.016
8151 0.016
8153 0.016
8154 0.016
8155 0.016
8156 0.016
8157 0.016
8158 0.016
8159 0.016
8160 0.016
8161 0.016
8162 0.016
8163 0.016
8164 0.016
8165 0.016
8166 0.016
8167 0.016
8168 0.016
8169 0.016
8170 0.016
8171 0.016
8172 0.016
8173 0.016
8174 0.016
8175 0.016
8176 0.016
8177 0.016
8178 0.08
8179 0.08
8180 0.08
8181 0.08
8182 0.08
8183 0.08
8184 0.08
8185 0.08
8192 0.015
8193 0.08
8194 0.015
8195 0.015
8196 0.015
8197 0.015
8198 0.015
8199 0.016
8200 0.016
8201 0.016
8202 0.016
8203 0.016
8204 0.016
8205 0.016
8206 0.016
8207 0.016
8209 0.015
8219 0.015
8220 0.016
8221 0.016
8222 0.016
8223 0.016
8224 0.016
8225 0.016
8226 0.016
8227 0.016
8228 0.016
8229 0.016
8230 0.016
8231 0.016
8232 0.016
8233 0.016
8234 0.016
8235 0.016
8236 0.016
8237 0.015
8238 0.015
8239 0.015
8240 0.015
8241 0.016
8242 0.016
8243 0.016
8244 0.016
8245 0.016
8246 0.016
8247 0.016
8248 0.016
8249 0.016
8250 0.016
8251 0.016
8252 0.016
8253 0.016
8254 0.016
8255 0.016
8256 0.016
8257 0.016
8258 0.016
8259 0.016
8260 0.016
8261 0.016
8262 0.016
8266 0.016
8267 0.016
8268 0.016
8269 0.016
8270 0.016
8271 0.016
8272 0.016
8273 0.016
8274 0.016
8275 0.016
8276 0.016
8277 0.016
8278 0.016
8279 0.016
8280 0.016
8281 0.016
8282 0.016
8283 0.016
8284 0.016
8285 0.016
8286 0.016
8287 0.015
8288 0.015
8289 0.016
8290 0.016
8291 0.016
8292 0.016
8293 0.015
8297 0.015
8298 0.015
8299 0.015
8300 0.015
8301 0.015
8302 0.015
8303 0.015
8304 0.015
8305 0.016
8306 0.016
8307 0.016
8308 0.016
8309 0.016
8310 0.016
8311 0.016
8312 0.016
8313 0.016
8314 0.016
8315 0.016
8316 0.015
8317 0.015
8325 0.016
8326 0.016
8327 0.016
8328 0.016
8329 0.016
8330 0.016
8331 0.016
8332 0.016
8333 0.016
8334 0.016
8335 0.016
8336 0.016
8337 0.016
8338 0.015
8339 0.015
8340 0.016
8341 0.015
8342 0.016
8343 0.016
8344 0.016
8345 0.016
8346 0.016
8347 0.016
8348 0.016
8349 0.016
8350 0.016
8351 0.016
8352 0.016
8353 0.016
8354 0.016
8355 0.016
8356 0.016
8357 0.016
8358 0.016
8359 0.016
8360 0.016
8361 0.016
8362 0.016
8363 0.016
8367 0.016
8370 0.016
8371 0.016
8372 0.016
8373 0.016
8374 0.016
8375 0.016
8376 0.016
8377 0.016
8378 0.016
8379 0.016
8380 0.016
8381 0.016
8382 0.016
8383 0.016
8384 0.016
8385 0.016
8386 0.016
8387 0.016
8388 0.016
8389 0.016
8390 0.016
8391 0.016
8392 0.015
8393 0.015
8394 0.016
8395 0.016
8396 0.016
8397 0.016
8398 0.016
8399 0.015
8400 0.015
8401 0.015
8402 0.015
8403 0.015
8404 0.016
8405 0.015
8406 0.015
8407 0.015
8408 0.015
8409 0.016
8410 0.016
8411 0.016
8412 0.016
8413 0.016
8414 0.016
8415 0.016
8416 0.016
8417 0.016
8418 0.016
8419 0.015
8420 0.015
8426 0.015
8427 0.016
8428 0.016
8429 0.016
8430 0.016
8431 0.016
8432 0.016
8433 0.016
8434 0.016
8435 0.016
8436 0.016
8437 0.016
8438 0.016
8439 0.015
8440 0.016
8441 0.016
8442 0.016
8443 0.016
8444 0.016
8445 0.016
8446 0.016
8447 0.016
8448 0.016
8449 0.016
8450 0.016
8451 0.016
8452 0.016
8453 0.016
8454 0.016
8455 0.016
8456 0.016
8457 0.016
8458 0.016
8459 0.016
8460 0.016
8461 0.016
8462 0.016
8463 0.016
8464 0.016
8465 0.016
8468 0.016
8470 0.016
8471 0.016
8472 0.016
8473 0.016
8474 0.016
8475 0.016
8476 0.016
8477 0.016
8478 0.016
8479 0.016
8480 0.016
8481 0.016
8482 0.016
8483 0.016
8484 0.016
8485 0.016
8486 0.016
8487 0.016
8488 0.016
8489 0.016
8490 0.015
8491 0.016
8492 0.016
8493 0.016
8494 0.016
8495 0.015
8496 0.015
8497 0.015
8498 0.016
8499 0.016
8500 0.015
8501 0.015
8502 0.016
8503 0.016
8504 0.015
8505 0.016
8506 0.016
8507 0.016
8508 0.016
8509 0.016
8510 0.016
8511 0.016
8512 0.016
8513 0.016
8514 0.016
8516 0.015
8524 0.016
8525 0.016
8526 0.016
8527 0.016
8528 0.016
8529 0.016
8530 0.015
8531 0.015
8532 0.016
8533 0.016
8534 0.016
8535 0.016
8536 0.016
8537 0.016
8538 0.016
8539 0.016
8540 0.016
8541 0.016
8542 0.016
8543 0.016
8544 0.016
8545 0.016
8546 0.016
8547 0.016
8548 0.016
8549 0.016
8550 0.016
8551 0.016
8552 0.016
8553 0.016
8554 0.016
8555 0.016
8556 0.016
8557 0.016
8558 0.016
8559 0.016
8560 0.016
8563 0.016
8564 0.016
8565 0.016
8566 0.016
8567 0.016
8568 0.016
8569 0.016
8570 0.016
8571 0.016
8572 0.016
8573 0.016
8574 0.016
8575 0.016
8576 0.016
8577 0.016
8578 0.016
8579 0.016
8580 0.016
8581 0.016
8582 0.016
8583 0.016
8584 0.015
8585 0.015
8586 0.016
8587 0.016
8588 0.015
8589 0.016
8590 0.016
8591 0.016
8592 0.016
8593 0.016
8594 0.016
8595 0.016
8596 0.016
8597 0.016
8598 0.016
8599 0.016
8600 0.016
8601 0.016
8602 0.015
8603 0.015
8608 0.015
8609 0.016
8610 0.016
8611 0.016
8612 0.016
8613 0.016
8614 0.016
8615 0.016
8616 0.016
8617 0.016
8618 0.016
8619 0.016
8620 0.016
8621 0.016
8622 0.016
8623 0.016
8624 0.016
8625 0.016
8626 0.016
8627 0.016
8628 0.016
8629 0.016
8630 0.016
8631 0.016
8632 0.016
8633 0.016
8634 0.016
8635 0.016
8636 0.016
8637 0.016
8638 0.016
8639 0.016
8640 0.016
8641 0.016
8642 0.016
8643 0.016
8644 0.016
8645 0.016
8646 0.016
8647 0.016
8648 0.016
8651 0.016
8652 0.016
8653 0.016
8654 0.016
8655 0.016
8656 0.016
8657 0.016
8658 0.016
8659 0.016
8660 0.016
8661 0.016
8662 0.016
8663 0.016
8664 0.016
8665 0.016
8666 0.016
8667 0.016
8668 0.016
8669 0.016
8670 0.016
8671 0.016
8672 0.016
8673 0.015
8674 0.016
8675 0.016
8676 0.016
8677 0.016
8678 0.016
8679 0.016
8680 0.016
8681 0.016
8682 0.016
8683 0.016
8684 0.016
8685 0.016
8686 0.016
8687 0.016
8688 0.016
8689 0.016
8690 0.016
8691 0.016
8692 0.016
8693 0.016
8694 0.015
8697 0.015
8698 0.016
8699 0.016
8700 0.016
8701 0.016
8702 0.016
8703 0.016
8704 0.016
8705 0.016
8706 0.016
8707 0.016
8708 0.016
8709 0.016
8710 0.016
8711 0.016
8712 0.016
8713 0.016
8716 0.016
8717 0.016
8718 0.016
8719 0.016
8720 0.016
8721 0.016
8723 0.016
8724 0.016
8725 0.016
8726 0.016
8727 0.016
8728 0.016
8729 0.016
8730 0.016
8731 0.016
8732 0.016
8733 0.016
8735 0.016
8736 0.016
8737 0.016
8738 0.016
8739 0.016
8740 0.016
8741 0.016
8742 0.016
8743 0.016
8744 0.016
8745 0.016
8746 0.016
8747 0.016
8748 0.016
8749 0.016
8750 0.016
8751 0.016
8752 0.016
8753 0.016
8754 0.016
8755 0.016
8756 0.016
8757 0.016
8758 0.016
8759 0.016
8760 0.016
8761 0.016
8762 0.016
8763 0.016
8764 0.016
8765 0.016
8766 0.016
8767 0.016
8768 0.016
8769 0.016
8770 0.016
8771 0.016
8772 0.016
8773 0.016
8774 0.016
8775 0.016
8776 0.016
8777 0.016
8778 0.016
8779 0.015
8780 0.015
8781 0.015
8782 0.016
8783 0.016
8784 0.016
8785 0.015
8786 0.016
8787 0.016
8788 0.016
8789 0.016
8790 0.016
8791 0.016
8792 0.016
8793 0.016
8796 0.016
8797 0.016
8798 0.016
8799 0.016
8800 0.016
8801 0.016
8802 0.016
8803 0.016
8806 0.016
8808 0.016
8809 0.016
8810 0.016
8811 0.016
8812 0.016
8813 0.016
8814 0.016
8815 0.016
8816 0.016
8817 0.016
8818 0.016
8819 0.016
8820 0.016
8821 0.016
8822 0.016
8823 0.016
8824 0.016
8825 0.016
8826 0.016
8827 0.016
8828 0.016
8829 0.016
8830 0.016
8831 0.016
8832 0.016
8833 0.016
8834 0.016
8835 0.016
8836 0.016
8837 0.016
8838 0.016
8839 0.016
8840 0.016
8841 0.016
8842 0.016
8843 0.016
8844 0.016
8845 0.016
8846 0.016
8847 0.016
8848 0.016
8849 0.016
8850 0.016
8851 0.016
8852 0.016
8853 0.016
8854 0.016
8855 0.016
8856 0.016
8857 0.016
8858 0.016
8859 0.016
8860 0.015
8861 0.015
8862 0.015
8863 0.016
8864 0.015
8865 0.016
8866 0.016
8867 0.016
8868 0.016
8869 0.016
8870 0.016
8871 0.016
8872 0.016
8876 0.016
8877 0.016
8878 0.016
8879 0.016
8880 0.016
8881 0.016
8883 0.016
8884 0.016
8887 0.016
8888 0.016
8889 0.016
8890 0.016
8892 0.016
8893 0.016
8894 0.016
8895 0.016
8896 0.016
8897 0.016
8898 0.016
8899 0.016
8900 0.016
8901 0.016
8902 0.016
8903 0.016
8904 0.016
8905 0.016
8906 0.016
8907 0.016
8908 0.016
8909 0.016
8910 0.016
8911 0.016
8912 0.016
8913 0.016
8914 0.016
8915 0.016
8916 0.016
8917 0.016
8918 0.016
8919 0.016
8920 0.016
8921 0.016
8922 0.016
8923 0.016
8924 0.016
8925 0.016
8926 0.016
8927 0.016
8928 0.016
8929 0.016
8930 0.016
8931 0.016
8932 0.016
8933 0.016
8934 0.016
8935 0.016
8936 0.015
8937 0.015
8938 0.015
8939 0.016
8940 0.016
8941 0.016
8942 0.016
8943 0.016
8944 0.016
8945 0.016
8946 0.016
8947 0.016
8951 0.016
8952 0.016
8953 0.016
8954 0.016
8955 0.016
8956 0.016
8962 0.016
8963 0.016
8964 0.016
8966 0.016
8967 0.016
8969 0.016
8970 0.016
8971 0.016
8972 0.016
8973 0.016
8974 0.016
8978 0.016
8979 0.016
8980 0.016
8981 0.016
8982 0.016
8983 0.016
8984 0.016
8985 0.016
8986 0.016
8988 0.016
8989 0.016
8990 0.016
8991 0.016
8992 0.016
8993 0.016
8994 0.016
8995 0.016
8996 0.016
8997 0.016
8998 0.016
8999 0.016
9000 0.016
9001 0.016
9002 0.016
9003 0.016
9004 0.016
9005 0.016
9006 0.016
9007 0.016
9008 0.016
9009 0.015
9010 0.016
9011 0.016
9012 0.016
9013 0.016
9014 0.016
9015 0.016
9016 0.016
9017 0.016
9018 0.016
9021 0.016
9022 0.016
9023 0.016
9024 0.016
9025 0.016
9032 0.016
9038 0.016
9041 0.016
9044 0.016
9045 0.016
9046 0.016
9047 0.016
9048 0.016
9049 0.016
9050 0.016
9051 0.016
9052 0.016
9053 0.016
9054 0.016
9055 0.016
9056 0.016
9057 0.016
9058 0.016
9059 0.016
9060 0.016
9061 0.016
9062 0.016
9063 0.016
9064 0.016
9065 0.016
9066 0.016
9067 0.016
9068 0.016
9069 0.016
9070 0.016
9071 0.016
9072 0.016
9073 0.016
9074 0.016
9075 0.016
9076 0.016
9077 0.016
9078 0.016
9079 0.016
9081 0.016
9082 0.016
9083 0.016
9085 0.016
9086 0.016
9087 0.016
9088 0.016
9105 0.016
9107 0.016
9108 0.016
9109 0.016
9110 0.016
9111 0.016
9112 0.016
9113 0.016
9114 0.016
9115 0.016
9116 0.016
9117 0.016
9118 0.016
9119 0.016
9120 0.016
9121 0.016
9122 0.016
9123 0.016
9124 0.016
9125 0.016
9126 0.016
9127 0.016
9128 0.016
9129 0.016
9130 0.016
9131 0.016
9132 0.016
9133 0.016
9134 0.016
9135 0.016
9136 0.016
9137 0.016
9138 0.016
9139 0.016
9140 0.016
9141 0.016
9145 0.016
9146 0.016
9147 0.016
9161 0.016
9163 0.016
9164 0.016
9165 0.016
9166 0.016
9167 0.016
9168 0.016
9169 0.016
9170 0.016
9171 0.016
9172 0.016
9173 0.016
9174 0.016
9175 0.016
9176 0.016
9177 0.016
9178 0.016
9179 0.016
9180 0.016
9181 0.016
9182 0.016
9183 0.016
9184 0.016
9185 0.016
9186 0.016
9187 0.016
9188 0.016
9189 0.016
9190 0.016
9191 0.016
9192 0.016
9193 0.016
9194 0.016
9196 0.016
9197 0.016
9198 0.016
9199 0.016
9213 0.016
9215 0.016
9216 0.016
9218 0.016
9219 0.016
9220 0.016
9221 0.016
9222 0.016
9223 0.016
9224 0.016
9225 0.016
9226 0.016
9227 0.016
9228 0.016
9229 0.016
9230 0.016
9231 0.016
9232 0.016
9233 0.016
9234 0.016
9235 0.016
9236 0.016
9237 0.016
9238 0.016
9239 0.016
9240 0.016
9241 0.016
9242 0.016
9255 0.016
9256 0.016
9257 0.016
9258 0.016
9259 0.016
9260 0.016
9261 0.016
9262 0.016
9263 0.016
9264 0.016
9265 0.016
9266 0.016
9267 0.016
9268 0.016
9269 0.016
9270 0.016
9271 0.016
9272 0.016
9273 0.016
9274 0.016
9275 0.016
9276 0.016
9277 0.016
9286 0.016
9292 0.016
9293 0.016
9294 0.016
9296 0.016
9297 0.016
9298 0.016
9299 0.016
9300 0.016
9301 0.016
9302 0.016
9303 0.016
9304 0.016
9305 0.016
9306 0.016
9307 0.016
9314 0.016
9319 0.016
9322 0.016
9323 0.016
9324 0.016
9325 0.016
9328 0.016
9329 0.016
9330 0.016
9331 0.016
9332 0.016
9333 0.016
9341 0.016
9350 0.016
9351 0.016
9352 0.016
9353 0.016
9368 0.016