eastcoast_95d_ll_select.grd nodal attributes                                    
        5320
           2
primitive_weighting_in_continuity_equation                                      
unitless                                                                        
           1
  0.500000000E-02
mannings_n_at_sea_floor                                                         
unitless                                                                        
           1
  0.250000000E-01
primitive_weighting_in_continuity_equation                                      
         829
       934    0.20000000E-01
       947    0.20000000E-01
      1002    0.20000000E-01
      1074    0.20000000E-01
      1075    0.20000000E-01
      1094    0.20000000E-01
      1143    0.20000000E-01
      1144    0.20000000E-01
      1145    0.20000000E-01
      1219    0.20000000E-01
      1220    0.20000000E-01
      1221    0.20000000E-01
      1228    0.20000000E-01
      1229    0.20000000E-01
      1230    0.20000000E-01
      1305    0.20000000E-01
      1306    0.20000000E-01
      1313    0.20000000E-01
      1314    0.20000000E-01
      1315    0.20000000E-01
      1316    0.20000000E-01
      1317    0.20000000E-01
      1325    0.20000000E-01
      1408    0.20000000E-01
      1409    0.20000000E-01
      1410    0.20000000E-01
      1411    0.20000000E-01
      1412    0.20000000E-01
      1421    0.20000000E-01
      1422    0.20000000E-01
      1423    0.20000000E-01
      1503    0.20000000E-01
      1504    0.20000000E-01
      1505    0.20000000E-01
      1506    0.20000000E-01
      1507    0.20000000E-01
      1508    0.20000000E-01
      1510    0.20000000E-01
      1512    0.20000000E-01
      1513    0.20000000E-01
      1514    0.20000000E-01
      1515    0.20000000E-01
      1516    0.20000000E-01
      1610    0.20000000E-01
      1611    0.20000000E-01
      1612    0.20000000E-01
      1613    0.20000000E-01
      1614    0.20000000E-01
      1615    0.20000000E-01
      1616    0.20000000E-01
      1617    0.20000000E-01
      1618    0.20000000E-01
      1619    0.20000000E-01
      1620    0.20000000E-01
      1621    0.20000000E-01
      1622    0.20000000E-01
      1722    0.20000000E-01
      1723    0.20000000E-01
      1724    0.20000000E-01
      1725    0.20000000E-01
      1726    0.20000000E-01
      1727    0.20000000E-01
      1835    0.20000000E-01
      1836    0.20000000E-01
      1837    0.20000000E-01
      1838    0.20000000E-01
      1839    0.20000000E-01
      1844    0.20000000E-01
      1846    0.20000000E-01
      1847    0.20000000E-01
      1848    0.20000000E-01
      1958    0.20000000E-01
      1959    0.20000000E-01
      1960    0.20000000E-01
      1961    0.20000000E-01
      1962    0.20000000E-01
      1963    0.20000000E-01
      1964    0.20000000E-01
      1965    0.20000000E-01
      1967    0.20000000E-01
      1968    0.20000000E-01
      1969    0.20000000E-01
      1970    0.20000000E-01
      1971    0.20000000E-01
      1972    0.20000000E-01
      1973    0.20000000E-01
      2088    0.20000000E-01
      2089    0.20000000E-01
      2090    0.20000000E-01
      2091    0.20000000E-01
      2092    0.20000000E-01
      2094    0.20000000E-01
      2095    0.20000000E-01
      2096    0.20000000E-01
      2097    0.20000000E-01
      2098    0.20000000E-01
      2099    0.20000000E-01
      2100    0.20000000E-01
      2101    0.20000000E-01
      2232    0.20000000E-01
      2233    0.20000000E-01
      2234    0.20000000E-01
      2235    0.20000000E-01
      2236    0.20000000E-01
      2237    0.20000000E-01
      2238    0.20000000E-01
      2239    0.20000000E-01
      2240    0.20000000E-01
      2241    0.20000000E-01
      2242    0.20000000E-01
      2243    0.20000000E-01
      2244    0.20000000E-01
      2247    0.20000000E-01
      2387    0.20000000E-01
      2388    0.20000000E-01
      2389    0.20000000E-01
      2390    0.20000000E-01
      2391    0.20000000E-01
      2392    0.20000000E-01
      2393    0.20000000E-01
      2394    0.20000000E-01
      2395    0.20000000E-01
      2396    0.20000000E-01
      2397    0.20000000E-01
      2400    0.20000000E-01
      2533    0.20000000E-01
      2534    0.20000000E-01
      2535    0.20000000E-01
      2536    0.20000000E-01
      2537    0.20000000E-01
      2538    0.20000000E-01
      2539    0.20000000E-01
      2540    0.20000000E-01
      2541    0.20000000E-01
      2542    0.20000000E-01
      2544    0.20000000E-01
      2693    0.20000000E-01
      2694    0.20000000E-01
      2695    0.20000000E-01
      2696    0.20000000E-01
      2697    0.20000000E-01
      2698    0.20000000E-01
      2699    0.20000000E-01
      2700    0.20000000E-01
      2869    0.20000000E-01
      2870    0.20000000E-01
      2871    0.20000000E-01
      2872    0.20000000E-01
      2873    0.20000000E-01
      2874    0.20000000E-01
      2875    0.20000000E-01
      2876    0.20000000E-01
      3068    0.20000000E-01
      3069    0.20000000E-01
      3070    0.20000000E-01
      3071    0.20000000E-01
      3072    0.20000000E-01
      3073    0.20000000E-01
      3102    0.20000000E-01
      3263    0.20000000E-01
      3264    0.20000000E-01
      3265    0.20000000E-01
      3266    0.20000000E-01
      3451    0.20000000E-01
      3485    0.20000000E-01
      3641    0.20000000E-01
      3677    0.20000000E-01
      3678    0.20000000E-01
      3867    0.20000000E-01
      4879    0.20000000E-01
      5248    0.20000000E-01
      5255    0.20000000E-01
      5261    0.20000000E-01
      5568    0.20000000E-01
      5569    0.20000000E-01
      5570    0.20000000E-01
      5571    0.20000000E-01
      5575    0.20000000E-01
      5576    0.20000000E-01
      5577    0.20000000E-01
      5578    0.20000000E-01
      5579    0.20000000E-01
      5581    0.20000000E-01
      5582    0.20000000E-01
      5584    0.20000000E-01
      5585    0.20000000E-01
      5586    0.20000000E-01
      5587    0.20000000E-01
      5588    0.20000000E-01
      5590    0.20000000E-01
      5592    0.20000000E-01
      5834    0.20000000E-01
      5837    0.20000000E-01
      5839    0.20000000E-01
      5928    0.20000000E-01
      5929    0.20000000E-01
      5930    0.20000000E-01
      5931    0.20000000E-01
      5935    0.20000000E-01
      5936    0.20000000E-01
      5937    0.20000000E-01
      5938    0.20000000E-01
      5939    0.20000000E-01
      5940    0.20000000E-01
      5941    0.20000000E-01
      5942    0.20000000E-01
      5943    0.20000000E-01
      5944    0.20000000E-01
      5945    0.20000000E-01
      5946    0.20000000E-01
      5947    0.20000000E-01
      5948    0.20000000E-01
      5949    0.20000000E-01
      5950    0.20000000E-01
      5951    0.20000000E-01
      5952    0.20000000E-01
      5953    0.20000000E-01
      5954    0.20000000E-01
      5955    0.20000000E-01
      5956    0.20000000E-01
      5957    0.20000000E-01
      5958    0.20000000E-01
      5959    0.20000000E-01
      5963    0.20000000E-01
      6241    0.20000000E-01
      6242    0.20000000E-01
      6243    0.20000000E-01
      6244    0.20000000E-01
      6246    0.20000000E-01
      6248    0.20000000E-01
      6250    0.20000000E-01
      6254    0.20000000E-01
      6257    0.20000000E-01
      6258    0.20000000E-01
      6339    0.20000000E-01
      6340    0.20000000E-01
      6341    0.20000000E-01
      6342    0.20000000E-01
      6343    0.20000000E-01
      6344    0.20000000E-01
      6345    0.20000000E-01
      6346    0.20000000E-01
      6347    0.20000000E-01
      6348    0.20000000E-01
      6349    0.20000000E-01
      6350    0.20000000E-01
      6351    0.20000000E-01
      6352    0.20000000E-01
      6353    0.20000000E-01
      6354    0.20000000E-01
      6355    0.20000000E-01
      6356    0.20000000E-01
      6357    0.20000000E-01
      6358    0.20000000E-01
      6359    0.20000000E-01
      6360    0.20000000E-01
      6361    0.20000000E-01
      6362    0.20000000E-01
      6363    0.20000000E-01
      6364    0.20000000E-01
      6365    0.20000000E-01
      6366    0.20000000E-01
      6368    0.20000000E-01
      6369    0.20000000E-01
      6370    0.20000000E-01
      6371    0.20000000E-01
      6373    0.20000000E-01
      6662    0.20000000E-01
      6663    0.20000000E-01
      6664    0.20000000E-01
      6665    0.20000000E-01
      6666    0.20000000E-01
      6667    0.20000000E-01
      6668    0.20000000E-01
      6670    0.20000000E-01
      6671    0.20000000E-01
      6672    0.20000000E-01
      6673    0.20000000E-01
      6674    0.20000000E-01
      6675    0.20000000E-01
      6755    0.20000000E-01
      6756    0.20000000E-01
      6757    0.20000000E-01
      6758    0.20000000E-01
      6759    0.20000000E-01
      6760    0.20000000E-01
      6761    0.20000000E-01
      6762    0.20000000E-01
      6763    0.20000000E-01
      6764    0.20000000E-01
      6765    0.20000000E-01
      6766    0.20000000E-01
      6767    0.20000000E-01
      6768    0.20000000E-01
      6769    0.20000000E-01
      6770    0.20000000E-01
      6771    0.20000000E-01
      6772    0.20000000E-01
      6773    0.20000000E-01
      6774    0.20000000E-01
      6775    0.20000000E-01
      6776    0.20000000E-01
      6777    0.20000000E-01
      6778    0.20000000E-01
      6779    0.20000000E-01
      6780    0.20000000E-01
      6781    0.20000000E-01
      7072    0.20000000E-01
      7074    0.20000000E-01
      7075    0.20000000E-01
      7076    0.20000000E-01
      7077    0.20000000E-01
      7078    0.20000000E-01
      7079    0.20000000E-01
      7080    0.20000000E-01
      7082    0.20000000E-01
      7083    0.20000000E-01
      7086    0.20000000E-01
      7159    0.20000000E-01
      7160    0.20000000E-01
      7161    0.20000000E-01
      7162    0.20000000E-01
      7163    0.20000000E-01
      7164    0.20000000E-01
      7165    0.20000000E-01
      7166    0.20000000E-01
      7167    0.20000000E-01
      7168    0.20000000E-01
      7169    0.20000000E-01
      7170    0.20000000E-01
      7171    0.20000000E-01
      7172    0.20000000E-01
      7173    0.20000000E-01
      7174    0.20000000E-01
      7175    0.20000000E-01
      7176    0.20000000E-01
      7177    0.20000000E-01
      7178    0.20000000E-01
      7179    0.20000000E-01
      7180    0.20000000E-01
      7181    0.20000000E-01
      7182    0.20000000E-01
      7183    0.20000000E-01
      7184    0.20000000E-01
      7185    0.20000000E-01
      7374    0.20000000E-01
      7375    0.20000000E-01
      7376    0.20000000E-01
      7448    0.20000000E-01
      7449    0.20000000E-01
      7450    0.20000000E-01
      7451    0.20000000E-01
      7452    0.20000000E-01
      7453    0.20000000E-01
      7454    0.20000000E-01
      7455    0.20000000E-01
      7456    0.20000000E-01
      7457    0.20000000E-01
      7458    0.20000000E-01
      7460    0.20000000E-01
      7461    0.20000000E-01
      7531    0.20000000E-01
      7532    0.20000000E-01
      7533    0.20000000E-01
      7534    0.20000000E-01
      7535    0.20000000E-01
      7536    0.20000000E-01
      7537    0.20000000E-01
      7538    0.20000000E-01
      7539    0.20000000E-01
      7540    0.20000000E-01
      7541    0.20000000E-01
      7542    0.20000000E-01
      7543    0.20000000E-01
      7544    0.20000000E-01
      7545    0.20000000E-01
      7546    0.20000000E-01
      7547    0.20000000E-01
      7548    0.20000000E-01
      7549    0.20000000E-01
      7550    0.20000000E-01
      7551    0.20000000E-01
      7552    0.20000000E-01
      7553    0.20000000E-01
      7554    0.20000000E-01
      7555    0.20000000E-01
      7736    0.20000000E-01
      7765    0.20000000E-01
      7770    0.20000000E-01
      7771    0.20000000E-01
      7825    0.20000000E-01
      7827    0.20000000E-01
      7828    0.20000000E-01
      7829    0.20000000E-01
      7830    0.20000000E-01
      7831    0.20000000E-01
      7832    0.20000000E-01
      7833    0.20000000E-01
      7834    0.20000000E-01
      7835    0.20000000E-01
      7836    0.20000000E-01
      7837    0.20000000E-01
      7901    0.20000000E-01
      7902    0.20000000E-01
      7903    0.20000000E-01
      7904    0.20000000E-01
      7905    0.20000000E-01
      7906    0.20000000E-01
      7907    0.20000000E-01
      7908    0.20000000E-01
      7909    0.20000000E-01
      7910    0.20000000E-01
      7911    0.20000000E-01
      7912    0.20000000E-01
      7913    0.20000000E-01
      7914    0.20000000E-01
      7915    0.20000000E-01
      7916    0.20000000E-01
      7917    0.20000000E-01
      7918    0.20000000E-01
      7919    0.20000000E-01
      7920    0.20000000E-01
      7921    0.20000000E-01
      7922    0.20000000E-01
      7923    0.20000000E-01
      7924    0.20000000E-01
      7925    0.20000000E-01
      7926    0.20000000E-01
      8134    0.20000000E-01
      8135    0.20000000E-01
      8205    0.20000000E-01
      8206    0.20000000E-01
      8207    0.20000000E-01
      8208    0.20000000E-01
      8209    0.20000000E-01
      8210    0.20000000E-01
      8211    0.20000000E-01
      8212    0.20000000E-01
      8213    0.20000000E-01
      8214    0.20000000E-01
      8215    0.20000000E-01
      8216    0.20000000E-01
      8285    0.20000000E-01
      8286    0.20000000E-01
      8287    0.20000000E-01
      8288    0.20000000E-01
      8289    0.20000000E-01
      8290    0.20000000E-01
      8291    0.20000000E-01
      8292    0.20000000E-01
      8293    0.20000000E-01
      8294    0.20000000E-01
      8295    0.20000000E-01
      8296    0.20000000E-01
      8297    0.20000000E-01
      8298    0.20000000E-01
      8299    0.20000000E-01
      8300    0.20000000E-01
      8301    0.20000000E-01
      8302    0.20000000E-01
      8303    0.20000000E-01
      8304    0.20000000E-01
      8305    0.20000000E-01
      8307    0.20000000E-01
      8452    0.20000000E-01
      8524    0.20000000E-01
      8525    0.20000000E-01
      8526    0.20000000E-01
      8533    0.20000000E-01
      8576    0.20000000E-01
      8610    0.20000000E-01
      8611    0.20000000E-01
      8612    0.20000000E-01
      8613    0.20000000E-01
      8614    0.20000000E-01
      8615    0.20000000E-01
      8616    0.20000000E-01
      8617    0.20000000E-01
      8618    0.20000000E-01
      8619    0.20000000E-01
      8620    0.20000000E-01
      8621    0.20000000E-01
      8687    0.20000000E-01
      8688    0.20000000E-01
      8689    0.20000000E-01
      8690    0.20000000E-01
      8691    0.20000000E-01
      8692    0.20000000E-01
      8693    0.20000000E-01
      8694    0.20000000E-01
      8695    0.20000000E-01
      8696    0.20000000E-01
      8697    0.20000000E-01
      8698    0.20000000E-01
      8699    0.20000000E-01
      8700    0.20000000E-01
      8701    0.20000000E-01
      8702    0.20000000E-01
      8838    0.20000000E-01
      8840    0.20000000E-01
      8913    0.20000000E-01
      8919    0.20000000E-01
      8920    0.20000000E-01
      8980    0.20000000E-01
      8984    0.20000000E-01
      9020    0.20000000E-01
      9021    0.20000000E-01
      9022    0.20000000E-01
      9023    0.20000000E-01
      9024    0.20000000E-01
      9025    0.20000000E-01
      9026    0.20000000E-01
      9027    0.20000000E-01
      9028    0.20000000E-01
      9091    0.20000000E-01
      9092    0.20000000E-01
      9093    0.20000000E-01
      9094    0.20000000E-01
      9095    0.20000000E-01
      9096    0.20000000E-01
      9097    0.20000000E-01
      9098    0.20000000E-01
      9236    0.20000000E-01
      9237    0.20000000E-01
      9238    0.20000000E-01
      9276    0.20000000E-01
      9278    0.20000000E-01
      9279    0.20000000E-01
      9283    0.20000000E-01
      9284    0.20000000E-01
      9287    0.20000000E-01
      9290    0.20000000E-01
      9306    0.20000000E-01
      9308    0.20000000E-01
      9314    0.20000000E-01
      9324    0.20000000E-01
      9383    0.20000000E-01
      9384    0.20000000E-01
      9385    0.20000000E-01
      9387    0.20000000E-01
      9388    0.20000000E-01
      9389    0.20000000E-01
      9391    0.20000000E-01
      9392    0.20000000E-01
      9393    0.20000000E-01
      9425    0.20000000E-01
      9426    0.20000000E-01
      9427    0.20000000E-01
      9428    0.20000000E-01
      9429    0.20000000E-01
      9430    0.20000000E-01
      9496    0.20000000E-01
      9497    0.20000000E-01
      9632    0.20000000E-01
      9633    0.20000000E-01
      9634    0.20000000E-01
      9635    0.20000000E-01
      9668    0.20000000E-01
      9670    0.20000000E-01
      9671    0.20000000E-01
      9672    0.20000000E-01
      9673    0.20000000E-01
      9676    0.20000000E-01
      9677    0.20000000E-01
      9678    0.20000000E-01
      9679    0.20000000E-01
      9680    0.20000000E-01
      9682    0.20000000E-01
      9683    0.20000000E-01
      9684    0.20000000E-01
      9690    0.20000000E-01
      9693    0.20000000E-01
      9702    0.20000000E-01
      9703    0.20000000E-01
      9704    0.20000000E-01
      9706    0.20000000E-01
      9715    0.20000000E-01
      9783    0.20000000E-01
      9784    0.20000000E-01
      9785    0.20000000E-01
      9786    0.20000000E-01
      9787    0.20000000E-01
      9788    0.20000000E-01
      9789    0.20000000E-01
      9790    0.20000000E-01
      9791    0.20000000E-01
      9792    0.20000000E-01
      9793    0.20000000E-01
      9794    0.20000000E-01
      9795    0.20000000E-01
      9828    0.20000000E-01
      9829    0.20000000E-01
      9830    0.20000000E-01
      9996    0.20000000E-01
      9997    0.20000000E-01
      9998    0.20000000E-01
     10031    0.20000000E-01
     10033    0.20000000E-01
     10035    0.20000000E-01
     10036    0.20000000E-01
     10037    0.20000000E-01
     10038    0.20000000E-01
     10039    0.20000000E-01
     10040    0.20000000E-01
     10046    0.20000000E-01
     10047    0.20000000E-01
     10048    0.20000000E-01
     10050    0.20000000E-01
     10051    0.20000000E-01
     10059    0.20000000E-01
     10130    0.20000000E-01
     10132    0.20000000E-01
     10133    0.20000000E-01
     10134    0.20000000E-01
     10135    0.20000000E-01
     10136    0.20000000E-01
     10137    0.20000000E-01
     10138    0.20000000E-01
     10139    0.20000000E-01
     10140    0.20000000E-01
     10141    0.20000000E-01
     10142    0.20000000E-01
     10143    0.20000000E-01
     10144    0.20000000E-01
     10145    0.20000000E-01
     10147    0.20000000E-01
     10163    0.20000000E-01
     10164    0.20000000E-01
     10165    0.20000000E-01
     10166    0.20000000E-01
     10311    0.20000000E-01
     10312    0.20000000E-01
     10315    0.20000000E-01
     10316    0.20000000E-01
     10317    0.20000000E-01
     10331    0.20000000E-01
     10344    0.20000000E-01
     10345    0.20000000E-01
     10350    0.20000000E-01
     10351    0.20000000E-01
     10428    0.20000000E-01
     10429    0.20000000E-01
     10430    0.20000000E-01
     10431    0.20000000E-01
     10432    0.20000000E-01
     10433    0.20000000E-01
     10434    0.20000000E-01
     10435    0.20000000E-01
     10436    0.20000000E-01
     10437    0.20000000E-01
     10438    0.20000000E-01
     10439    0.20000000E-01
     10440    0.20000000E-01
     10441    0.20000000E-01
     10442    0.20000000E-01
     10444    0.20000000E-01
     10446    0.20000000E-01
     10447    0.20000000E-01
     10450    0.20000000E-01
     10452    0.20000000E-01
     10453    0.20000000E-01
     10454    0.20000000E-01
     10585    0.20000000E-01
     10586    0.20000000E-01
     10587    0.20000000E-01
     10590    0.20000000E-01
     10600    0.20000000E-01
     10610    0.20000000E-01
     10671    0.20000000E-01
     10675    0.20000000E-01
     10678    0.20000000E-01
     10679    0.20000000E-01
     10680    0.20000000E-01
     10681    0.20000000E-01
     10682    0.20000000E-01
     10683    0.20000000E-01
     10684    0.20000000E-01
     10685    0.20000000E-01
     10686    0.20000000E-01
     10687    0.20000000E-01
     10688    0.20000000E-01
     10689    0.20000000E-01
     10690    0.20000000E-01
     10691    0.20000000E-01
     10693    0.20000000E-01
     10695    0.20000000E-01
     10696    0.20000000E-01
     10697    0.20000000E-01
     10830    0.20000000E-01
     10841    0.20000000E-01
     10903    0.20000000E-01
     10904    0.20000000E-01
     10906    0.20000000E-01
     10907    0.20000000E-01
     10908    0.20000000E-01
     10909    0.20000000E-01
     10910    0.20000000E-01
     10913    0.20000000E-01
     10914    0.20000000E-01
     10915    0.20000000E-01
     10916    0.20000000E-01
     10917    0.20000000E-01
     10918    0.20000000E-01
     10919    0.20000000E-01
     10920    0.20000000E-01
     10921    0.20000000E-01
     10922    0.20000000E-01
     10923    0.20000000E-01
     11054    0.20000000E-01
     11057    0.20000000E-01
     11060    0.20000000E-01
     11061    0.20000000E-01
     11062    0.20000000E-01
     11064    0.20000000E-01
     11127    0.20000000E-01
     11128    0.20000000E-01
     11129    0.20000000E-01
     11130    0.20000000E-01
     11131    0.20000000E-01
     11132    0.20000000E-01
     11133    0.20000000E-01
     11134    0.20000000E-01
     11135    0.20000000E-01
     11136    0.20000000E-01
     11137    0.20000000E-01
     11138    0.20000000E-01
     11139    0.20000000E-01
     11140    0.20000000E-01
     11141    0.20000000E-01
     11142    0.20000000E-01
     11143    0.20000000E-01
     11144    0.20000000E-01
     11145    0.20000000E-01
     11275    0.20000000E-01
     11277    0.20000000E-01
     11284    0.20000000E-01
     11285    0.20000000E-01
     11286    0.20000000E-01
     11327    0.20000000E-01
     11351    0.20000000E-01
     11352    0.20000000E-01
     11353    0.20000000E-01
     11354    0.20000000E-01
     11355    0.20000000E-01
     11356    0.20000000E-01
     11358    0.20000000E-01
     11359    0.20000000E-01
     11360    0.20000000E-01
     11361    0.20000000E-01
     11362    0.20000000E-01
     11363    0.20000000E-01
     11364    0.20000000E-01
     11365    0.20000000E-01
     11366    0.20000000E-01
     11367    0.20000000E-01
     11368    0.20000000E-01
     11489    0.20000000E-01
     11491    0.20000000E-01
     11492    0.20000000E-01
     11499    0.20000000E-01
     11548    0.20000000E-01
     11577    0.20000000E-01
     11578    0.20000000E-01
     11579    0.20000000E-01
     11580    0.20000000E-01
     11586    0.20000000E-01
     11587    0.20000000E-01
     11588    0.20000000E-01
     11589    0.20000000E-01
     11590    0.20000000E-01
     11591    0.20000000E-01
     11592    0.20000000E-01
     11593    0.20000000E-01
     11714    0.20000000E-01
     11716    0.20000000E-01
     11717    0.20000000E-01
     11723    0.20000000E-01
     11724    0.20000000E-01
     11775    0.20000000E-01
     11805    0.20000000E-01
     11808    0.20000000E-01
     11814    0.20000000E-01
     11816    0.20000000E-01
     11817    0.20000000E-01
     11951    0.20000000E-01
     11958    0.20000000E-01
     11959    0.20000000E-01
     11960    0.20000000E-01
     12020    0.20000000E-01
     12165    0.20000000E-01
     12166    0.20000000E-01
     12167    0.20000000E-01
     12223    0.20000000E-01
     12234    0.20000000E-01
     12373    0.20000000E-01
     12374    0.20000000E-01
     12375    0.20000000E-01
     12445    0.20000000E-01
     12446    0.20000000E-01
     12447    0.20000000E-01
     12586    0.20000000E-01
     12587    0.20000000E-01
     12588    0.20000000E-01
     12661    0.20000000E-01
     12662    0.20000000E-01
     13055    0.20000000E-01
     13056    0.20000000E-01
     13299    0.20000000E-01
     13301    0.20000000E-01
     13302    0.20000000E-01
     13305    0.20000000E-01
     13573    0.20000000E-01
     13574    0.20000000E-01
     13575    0.20000000E-01
     13576    0.20000000E-01
     13577    0.20000000E-01
     13578    0.20000000E-01
     13579    0.20000000E-01
     13870    0.20000000E-01
     13871    0.20000000E-01
     13872    0.20000000E-01
     13873    0.20000000E-01
     14188    0.20000000E-01
     14920    0.20000000E-01
     14921    0.20000000E-01
     15340    0.20000000E-01
     15341    0.20000000E-01
     15342    0.20000000E-01
     15740    0.20000000E-01
mannings_n_at_sea_floor                                                         
           0
