eastcoast_95d_ll_select.grd nodal attributes                                    
        1361
           2
primitive_weighting_in_continuity_equation                                      
unitless                                                                        
           1
  0.500000000E-02
mannings_n_at_sea_floor                                                         
unitless                                                                        
           1
  0.250000000E-01
primitive_weighting_in_continuity_equation                                      
         157
     25521    0.20000000E-01
     26060    0.20000000E-01
     26063    0.20000000E-01
     26331    0.20000000E-01
     26333    0.20000000E-01
     26334    0.20000000E-01
     26335    0.20000000E-01
     26597    0.20000000E-01
     26598    0.20000000E-01
     26599    0.20000000E-01
     26603    0.20000000E-01
     26604    0.20000000E-01
     26605    0.20000000E-01
     26866    0.20000000E-01
     26868    0.20000000E-01
     26869    0.20000000E-01
     26870    0.20000000E-01
     26871    0.20000000E-01
     26874    0.20000000E-01
     26875    0.20000000E-01
     26876    0.20000000E-01
     26877    0.20000000E-01
     27141    0.20000000E-01
     27142    0.20000000E-01
     27143    0.20000000E-01
     27144    0.20000000E-01
     27394    0.20000000E-01
     27395    0.20000000E-01
     27624    0.20000000E-01
     27631    0.20000000E-01
     27632    0.20000000E-01
     27633    0.20000000E-01
     27857    0.20000000E-01
     27859    0.20000000E-01
     27866    0.20000000E-01
     28079    0.20000000E-01
     28080    0.20000000E-01
     29231    0.20000000E-01
     29405    0.20000000E-01
     29406    0.20000000E-01
     29411    0.20000000E-01
     29418    0.20000000E-01
     29422    0.20000000E-01
     29575    0.20000000E-01
     29576    0.20000000E-01
     29577    0.20000000E-01
     29584    0.20000000E-01
     29585    0.20000000E-01
     29588    0.20000000E-01
     29589    0.20000000E-01
     29590    0.20000000E-01
     29592    0.20000000E-01
     29593    0.20000000E-01
     29599    0.20000000E-01
     29605    0.20000000E-01
     29610    0.20000000E-01
     29756    0.20000000E-01
     29758    0.20000000E-01
     29764    0.20000000E-01
     29766    0.20000000E-01
     29767    0.20000000E-01
     29768    0.20000000E-01
     29769    0.20000000E-01
     29770    0.20000000E-01
     29771    0.20000000E-01
     29772    0.20000000E-01
     29773    0.20000000E-01
     29775    0.20000000E-01
     29776    0.20000000E-01
     29777    0.20000000E-01
     29785    0.20000000E-01
     29791    0.20000000E-01
     29795    0.20000000E-01
     29797    0.20000000E-01
     29798    0.20000000E-01
     29802    0.20000000E-01
     29803    0.20000000E-01
     29808    0.20000000E-01
     29809    0.20000000E-01
     29932    0.20000000E-01
     29934    0.20000000E-01
     29935    0.20000000E-01
     29940    0.20000000E-01
     29943    0.20000000E-01
     29944    0.20000000E-01
     29945    0.20000000E-01
     29946    0.20000000E-01
     29947    0.20000000E-01
     29948    0.20000000E-01
     29949    0.20000000E-01
     29957    0.20000000E-01
     29958    0.20000000E-01
     29959    0.20000000E-01
     29963    0.20000000E-01
     29964    0.20000000E-01
     29965    0.20000000E-01
     30059    0.20000000E-01
     30063    0.20000000E-01
     30065    0.20000000E-01
     30068    0.20000000E-01
     30069    0.20000000E-01
     30070    0.20000000E-01
     30071    0.20000000E-01
     30072    0.20000000E-01
     30073    0.20000000E-01
     30080    0.20000000E-01
     30081    0.20000000E-01
     30086    0.20000000E-01
     30167    0.20000000E-01
     30168    0.20000000E-01
     30169    0.20000000E-01
     30170    0.20000000E-01
     30171    0.20000000E-01
     30172    0.20000000E-01
     30173    0.20000000E-01
     30174    0.20000000E-01
     30175    0.20000000E-01
     30176    0.20000000E-01
     30180    0.20000000E-01
     30182    0.20000000E-01
     30183    0.20000000E-01
     30184    0.20000000E-01
     30185    0.20000000E-01
     30186    0.20000000E-01
     30187    0.20000000E-01
     30193    0.20000000E-01
     30195    0.20000000E-01
     30199    0.20000000E-01
     30282    0.20000000E-01
     30283    0.20000000E-01
     30284    0.20000000E-01
     30285    0.20000000E-01
     30288    0.20000000E-01
     30289    0.20000000E-01
     30295    0.20000000E-01
     30296    0.20000000E-01
     30297    0.20000000E-01
     30299    0.20000000E-01
     30377    0.20000000E-01
     30378    0.20000000E-01
     30383    0.20000000E-01
     30384    0.20000000E-01
     30385    0.20000000E-01
     30387    0.20000000E-01
     30465    0.20000000E-01
     30466    0.20000000E-01
     30467    0.20000000E-01
     30468    0.20000000E-01
     30544    0.20000000E-01
     30545    0.20000000E-01
     30546    0.20000000E-01
     30618    0.20000000E-01
     30619    0.20000000E-01
     30620    0.20000000E-01
     30693    0.20000000E-01
     30694    0.20000000E-01
     30767    0.20000000E-01
mannings_n_at_sea_floor                                                         
           0
