AL, 14, 2016092812,   , BEST,   0, 134N,  598W,  50, 1009,   ,  50, NEQ,   90,    0,    0,    0, 1013,     ,  80,     ,    ,    ,    ,    ,  0,   1,    INVEST  ,   1,    2, 1, 1, 1, 1,     90.0,    0.0,    0.0,    0.0,    6.7532,   8.2944,   7.4399,   7.4399,   7.4399,  54.4915,  53.8889,  53.8889,  53.8889
AL, 14, 2016092818,   , BEST,   0, 136N,  612W,  50, 1008,   ,  34, NEQ,  180,  180,    0,  100, 1013,     ,  70,     ,    ,    ,    ,    ,  0,   1,   MATTHEW  ,   1,    2, 1, 1, 0, 1,    150.1,  149.3,  115.7,   81.8,    5.4025,   7.2646,   7.2544,   6.8380,   6.4167,  53.8889,  53.8889,  53.8889,  53.8889
AL, 14, 2016092818,   , BEST,   6, 136N,  612W,  50, 1008,   ,  50, NEQ,   90,    0,    0,    0, 1013,     ,  70,     ,    ,    ,    ,    ,  0,   1,   MATTHEW  ,   2,    2, 1, 1, 1, 1,     90.0,    0.0,    0.0,    0.0,    5.4025,   6.6571,   5.9602,   5.9602,   5.9602,  54.5120,  53.8889,  53.8889,  53.8889
AL, 14, 2016092900,   , BEST,   6, 139N,  626W,  55, 1004,   ,  34, NEQ,  180,  180,    0,  110, 1013,     ,  60,     ,    ,    ,    ,    ,  0,   1,   MATTHEW  ,   2,    2, 1, 1, 0, 1,    130.2,  129.2,  103.5,   77.3,    3.6522,   4.6656,   4.6582,   4.4574,   4.2531,  59.4444,  59.4444,  59.4444,  59.4444
AL, 14, 2016092900,   , BEST,  12, 139N,  626W,  55, 1004,   ,  50, NEQ,   90,    0,    0,    0, 1013,     ,  60,     ,    ,    ,    ,    ,  0,   1,   MATTHEW  ,   3,    2, 1, 1, 1, 1,     78.1,    0.0,    0.0,    0.0,    3.6522,   4.2600,   3.9497,   3.9632,   3.9647,  59.4444,  59.4444,  59.4444,  59.4444
AL, 14, 2016092906,   , BEST,  12, 140N,  640W,  55, 1002,   ,  34, NEQ,  180,  160,    0,  120, 1013,     ,  50,     ,    ,    ,    ,    ,  0,   1,   MATTHEW  ,   3,    2, 1, 1, 0, 1,    120.9,  104.8,   92.1,   78.5,    2.9881,   3.7653,   3.6618,   3.5801,   3.4922,  59.4444,  59.4444,  59.4444,  59.4444
AL, 14, 2016092906,   , BEST,  18, 140N,  640W,  55, 1002,   ,  50, NEQ,   90,    0,    0,   80, 1013,     ,  50,     ,    ,    ,    ,    ,  0,   1,   MATTHEW  ,   4,    2, 1, 1, 1, 1,     75.8,    0.0,    0.0,   71.1,    2.9881,   3.4751,   3.2087,   3.2181,   3.4446,  59.4444,  59.4444,  59.4444,  59.4444
AL, 14, 2016092912,   , BEST,  18, 141N,  655W,  60,  995,   ,  34, NEQ,  180,  140,   50,  130, 1013,     ,  40,     ,    ,    ,    ,    ,  0,   1,   MATTHEW  ,   4,    2, 1, 1, 1, 1,     95.2,   69.8,   22.6,   66.7,    2.1834,   2.5969,   2.4862,   2.2809,   2.4727,  65.0000,  65.0000,  65.0000,  65.0000
AL, 14, 2016092912,   , BEST,  24, 141N,  655W,  60,  995,   ,  50, NEQ,   90,    0,    0,   70, 1013,     ,  40,     ,    ,    ,    ,    ,  0,   1,   MATTHEW  ,   5,    2, 1, 1, 1, 1,     62.8,    0.0,    0.0,   50.5,    2.1834,   2.4557,   2.2982,   2.3029,   2.4020,  65.0000,  65.0000,  65.0000,  65.0000
AL, 14, 2016092918,   , BEST,  24, 142N,  669W,  65,  993,   ,  34, NEQ,  180,  120,   50,  140, 1013,     ,  30,     ,    ,    ,    ,    ,  0,   1,   MATTHEW  ,   5,    2, 1, 1, 1, 1,     91.8,   56.4,   21.8,   69.9,    2.3153,   2.7069,   2.5554,   2.4078,   2.6130,  70.5556,  70.5556,  70.5556,  70.5556
AL, 14, 2016092918,   , BEST,  30, 142N,  669W,  65,  993,   ,  50, NEQ,   90,    0,    0,   60, 1013,     ,  30,     ,    ,    ,    ,    ,  0,   1,   MATTHEW  ,   6,    3, 1, 1, 1, 1,     58.7,    0.0,    0.0,   39.3,    2.3153,   2.5649,   2.4117,   2.4147,   2.4824,  70.5556,  70.5556,  70.5556,  70.5556
AL, 14, 2016092918,   , BEST,  30, 142N,  669W,  65,  993,   ,  64, NEQ,   60,    0,    0,   30, 1013,     ,  30,     ,    ,    ,    ,    ,  0,   1,   MATTHEW  ,   6,    3, 1, 0, 0, 1,     56.5,    0.0,    0.0,   30.0,    2.3153,   2.5556,   2.4010,   2.3990,   2.5667,  70.5556,  70.5556,  70.5556,  72.3735
AL, 14, 2016093000,   , BEST,  30, 142N,  681W,  70,  987,   ,  34, NEQ,  170,  120,   50,  150, 1013,     ,  25,     ,    ,    ,    ,    ,  0,   1,   MATTHEW  ,   6,    3, 1, 1, 1, 1,     72.8,   47.4,   18.2,   64.2,    2.0725,   2.3305,   2.2400,   2.1366,   2.2997,  76.1111,  76.1111,  76.1111,  76.1111
AL, 14, 2016093000,   , BEST,  36, 142N,  681W,  70,  987,   ,  50, NEQ,   90,    0,    0,   60, 1013,     ,  25,     ,    ,    ,    ,    ,  0,   1,   MATTHEW  ,   7,    3, 1, 1, 1, 1,     50.8,    0.0,    0.0,   33.9,    2.0725,   2.2520,   2.1411,   2.1432,   2.1919,  76.1111,  76.1111,  76.1111,  76.1111
AL, 14, 2016093000,   , BEST,  36, 142N,  681W,  70,  987,   ,  64, NEQ,   50,    0,    0,   30, 1013,     ,  25,     ,    ,    ,    ,    ,  0,   1,   MATTHEW  ,   7,    3, 1, 0, 0, 1,     38.1,    0.0,    0.0,   24.1,    2.0725,   2.2068,   2.1247,   2.1275,   2.1572,  76.1111,  76.1111,  76.1111,  76.1111
AL, 14, 2016093006,   , BEST,  36, 140N,  693W,  85,  979,   ,  34, NEQ,  170,  100,   50,  160, 1013,     ,  20,     ,    ,    ,    ,    ,  0,   1,   MATTHEW  ,   7,    3, 1, 1, 1, 1,     67.4,   36.0,   17.1,   63.8,    2.3549,   2.5736,   2.4714,   2.4101,   2.5618,  92.7778,  92.7778,  92.7778,  92.7778
AL, 14, 2016093006,   , BEST,  42, 140N,  693W,  85,  979,   ,  50, NEQ,   80,   30,   30,   60, 1013,     ,  20,     ,    ,    ,    ,    ,  0,   1,   MATTHEW  ,   8,    3, 1, 1, 1, 1,     39.2,   13.8,   14.1,   29.4,    2.3549,   2.4819,   2.3996,   2.4005,   2.4500,  92.7778,  92.7778,  92.7778,  92.7778
AL, 14, 2016093006,   , BEST,  42, 140N,  693W,  85,  979,   ,  64, NEQ,   40,   20,   15,   30, 1013,     ,  20,     ,    ,    ,    ,    ,  0,   1,   MATTHEW  ,   8,    3, 1, 1, 1, 1,     24.1,   11.8,    9.1,   18.4,    2.3549,   2.4327,   2.3930,   2.3842,   2.4145,  92.7778,  92.7778,  92.7778,  92.7778
AL, 14, 2016093012,   , BEST,  42, 138N,  704W, 100,  968,   ,  34, NEQ,  170,   90,   50,  170, 1013,     ,  15,     ,    ,    ,    ,    ,  0,   1,   MATTHEW  ,   8,    3, 1, 1, 1, 1,     60.9,   29.2,   15.6,   61.7,    2.4760,   2.6492,   2.5588,   2.5202,   2.6515, 109.4444, 109.4444, 109.4444, 109.4444
AL, 14, 2016093012,   , BEST,  48, 138N,  704W, 100,  968,   ,  50, NEQ,   80,   30,   30,   80, 1013,     ,  15,     ,    ,    ,    ,    ,  0,   1,   MATTHEW  ,   9,    3, 1, 1, 1, 1,     34.9,   12.4,   12.6,   35.5,    2.4760,   2.5751,   2.5110,   2.5116,   2.5768, 109.4444, 109.4444, 109.4444, 109.4444
AL, 14, 2016093012,   , BEST,  48, 138N,  704W, 100,  968,   ,  64, NEQ,   30,   20,   15,   30, 1013,     ,  15,     ,    ,    ,    ,    ,  0,   1,   MATTHEW  ,   9,    3, 1, 1, 1, 1,     15.5,   10.2,    7.8,   15.8,    2.4760,   2.5199,   2.5050,   2.4981,   2.5209, 109.4444, 109.4444, 109.4444, 109.4444
AL, 14, 2016093018,   , BEST,  48, 135N,  712W, 120,  955,   ,  34, NEQ,  170,   90,   60,  170, 1013,     ,  10,     ,    ,    ,    ,    ,  0,   1,   MATTHEW  ,   9,    3, 1, 1, 1, 1,     59.2,   28.7,   18.7,   59.7,    2.7803,   2.9339,   2.8548,   2.8288,   2.9354, 131.6667, 131.6667, 131.6667, 131.6667
AL, 14, 2016093018,   , BEST,  54, 135N,  712W, 120,  955,   ,  50, NEQ,   80,   30,   30,   80, 1013,     ,  10,     ,    ,    ,    ,    ,  0,   1,   MATTHEW  ,  10,    3, 1, 1, 1, 1,     33.1,   11.8,   11.9,   33.4,    2.7803,   2.8660,   2.8109,   2.8112,   2.8670, 131.6667, 131.6667, 131.6667, 131.6667
AL, 14, 2016093018,   , BEST,  54, 135N,  712W, 120,  955,   ,  64, NEQ,   30,   20,   15,   30, 1013,     ,  10,     ,    ,    ,    ,    ,  0,   1,   MATTHEW  ,  10,    3, 1, 1, 1, 1,     14.3,    9.4,    7.1,   14.5,    2.7803,   2.8173,   2.8047,   2.7988,   2.8178, 131.6667, 131.6667, 131.6667, 131.6667
AL, 14, 2016100100,   , BEST,  54, 134N,  719W, 145,  942,   ,  34, NEQ,  170,   90,   60,  170, 1013,     ,   5,     ,    ,    ,    ,    ,  0,   1,   MATTHEW  ,  10,    3, 1, 1, 1, 1,     62.7,   30.9,   20.1,   63.1,    3.3307,   3.4902,   3.4092,   3.3819,   3.4913, 159.4444, 159.4444, 159.4444, 159.4444
AL, 14, 2016100100,   , BEST,  60, 134N,  719W, 145,  942,   ,  50, NEQ,   80,   30,   30,   70, 1013,     ,   5,     ,    ,    ,    ,    ,  0,   1,   MATTHEW  ,  11,    3, 1, 1, 1, 1,     33.9,   12.2,   12.3,   29.7,    3.3307,   3.4169,   3.3617,   3.3619,   3.4061, 159.4444, 159.4444, 159.4444, 159.4444
AL, 14, 2016100100,   , BEST,  60, 134N,  719W, 145,  942,   ,  64, NEQ,   30,   20,   15,   40, 1013,     ,   5,     ,    ,    ,    ,    ,  0,   1,   MATTHEW  ,  11,    3, 1, 1, 1, 1,     14.2,    9.4,    7.1,   19.3,    3.3307,   3.3669,   3.3546,   3.3487,   3.3797, 159.4444, 159.4444, 159.4444, 159.4444
AL, 14, 2016100106,   , BEST,  60, 134N,  725W, 140,  942,   ,  34, NEQ,  170,   90,   50,  170, 1013,     ,   5,     ,    ,    ,    ,    ,  0,   1,   MATTHEW  ,  11,    3, 1, 1, 1, 1,     59.5,   29.2,   15.7,   60.0,    3.1026,   3.2489,   3.1743,   3.1411,   3.2500, 153.8889, 153.8889, 153.8889, 153.8889
AL, 14, 2016100106,   , BEST,  66, 134N,  725W, 140,  942,   ,  50, NEQ,   80,   30,   30,   70, 1013,     ,   5,     ,    ,    ,    ,    ,  0,   1,   MATTHEW  ,  12,    3, 1, 1, 1, 1,     32.6,   11.7,   11.8,   28.5,    3.1026,   3.1826,   3.1313,   3.1315,   3.1727, 153.8889, 153.8889, 153.8889, 153.8889
AL, 14, 2016100106,   , BEST,  66, 134N,  725W, 140,  942,   ,  64, NEQ,   30,   20,   15,   40, 1013,     ,   5,     ,    ,    ,    ,    ,  0,   1,   MATTHEW  ,  12,    3, 1, 1, 1, 1,     13.8,    9.1,    6.9,   18.7,    3.1026,   3.1365,   3.1250,   3.1195,   3.1486, 153.8889, 153.8889, 153.8889, 153.8889
AL, 14, 2016100112,   , BEST,  66, 134N,  731W, 135,  944,   ,  34, NEQ,  170,   90,   60,  170, 1013,     ,   5,     ,    ,    ,    ,    ,  0,   1,   MATTHEW  ,  12,    3, 1, 1, 1, 1,     58.1,   28.4,   18.5,   58.6,    2.9662,   3.1079,   3.0354,   3.0112,   3.1091, 148.3333, 148.3333, 148.3333, 148.3333
AL, 14, 2016100112,   , BEST,  72, 134N,  731W, 135,  944,   ,  50, NEQ,   70,   40,   30,   70, 1013,     ,   5,     ,    ,    ,    ,    ,  0,   1,   MATTHEW  ,  13,    3, 1, 1, 1, 1,     27.8,   15.4,   11.6,   28.1,    2.9662,   3.0340,   3.0038,   2.9944,   3.0346, 148.3333, 148.3333, 148.3333, 148.3333
AL, 14, 2016100112,   , BEST,  72, 134N,  731W, 135,  944,   ,  64, NEQ,   25,   20,   15,   25, 1013,     ,   5,     ,    ,    ,    ,    ,  0,   1,   MATTHEW  ,  13,    3, 1, 1, 1, 1,     11.4,    9.0,    6.8,   11.5,    2.9662,   2.9938,   2.9882,   2.9828,   2.9942, 148.3333, 148.3333, 148.3333, 148.3333
AL, 14, 2016100118,   , BEST,  72, 134N,  733W, 130,  942,   ,  34, NEQ,  170,   90,   70,  170, 1013,     ,   5,     ,    ,    ,    ,    ,  0,   1,   MATTHEW  ,  13,    3, 1, 1, 1, 1,     53.0,   25.7,   19.7,   53.5,    2.6707,   2.7917,   2.7293,   2.7157,   2.7928, 142.7778, 142.7778, 142.7778, 142.7778
AL, 14, 2016100118,   , BEST,  78, 134N,  733W, 130,  942,   ,  50, NEQ,   70,   40,   30,   50, 1013,     ,   5,     ,    ,    ,    ,    ,  0,   1,   MATTHEW  ,  14,    3, 1, 1, 1, 1,     25.9,   14.3,   10.8,   18.3,    2.6707,   2.7297,   2.7033,   2.6952,   2.7125, 142.7778, 142.7778, 142.7778, 142.7778
AL, 14, 2016100118,   , BEST,  78, 134N,  733W, 130,  942,   ,  64, NEQ,   20,   20,   15,   25, 1013,     ,   5,     ,    ,    ,    ,    ,  0,   1,   MATTHEW  ,  14,    3, 1, 1, 1, 1,      8.6,    8.5,    6.5,   10.9,    2.6707,   2.6902,   2.6902,   2.6855,   2.6955, 142.7778, 142.7778, 142.7778, 142.7778
AL, 14, 2016100200,   , BEST,  78, 135N,  735W, 130,  940,   ,  34, NEQ,  170,   90,   70,  160, 1013,     ,   5,     ,    ,    ,    ,    ,  0,   1,   MATTHEW  ,  14,    3, 1, 1, 1, 1,     51.3,   24.8,   19.0,   48.3,    2.5976,   2.7122,   2.6530,   2.6401,   2.7055, 142.7778, 142.7778, 142.7778, 142.7778
AL, 14, 2016100200,   , BEST,  84, 135N,  735W, 130,  940,   ,  50, NEQ,   70,   40,   30,   50, 1013,     ,   5,     ,    ,    ,    ,    ,  0,   1,   MATTHEW  ,  15,    3, 1, 1, 1, 1,     25.2,   13.9,   10.4,   17.8,    2.5976,   2.6538,   2.6286,   2.6209,   2.6374, 142.7778, 142.7778, 142.7778, 142.7778
AL, 14, 2016100200,   , BEST,  84, 135N,  735W, 130,  940,   ,  64, NEQ,   25,   20,   20,   25, 1013,     ,   5,     ,    ,    ,    ,    ,  0,   1,   MATTHEW  ,  15,    3, 1, 1, 1, 1,     10.5,    8.3,    8.4,   10.6,    2.5976,   2.6210,   2.6162,   2.6164,   2.6213, 142.7778, 142.7778, 142.7778, 142.7778
AL, 14, 2016100206,   , BEST,  84, 137N,  739W, 125,  941,   ,  34, NEQ,  170,   70,   70,  160, 1013,     ,   5,     ,    ,    ,    ,    ,  0,   1,   MATTHEW  ,  15,    3, 1, 1, 1, 1,     48.9,   17.8,   18.0,   46.1,    2.4327,   2.5409,   2.4720,   2.4725,   2.5346, 137.2222, 137.2222, 137.2222, 137.2222
AL, 14, 2016100206,   , BEST,  90, 137N,  739W, 125,  941,   ,  50, NEQ,   60,   40,   30,   50, 1013,     ,   5,     ,    ,    ,    ,    ,  0,   1,   MATTHEW  ,  16,    3, 1, 1, 1, 1,     20.6,   13.4,   10.1,   17.2,    2.4327,   2.4782,   2.4622,   2.4549,   2.4707, 137.2222, 137.2222, 137.2222, 137.2222
AL, 14, 2016100206,   , BEST,  90, 137N,  739W, 125,  941,   ,  64, NEQ,   25,   20,   20,   25, 1013,     ,   5,     ,    ,    ,    ,    ,  0,   1,   MATTHEW  ,  16,    3, 1, 1, 1, 1,     10.3,    8.2,    8.3,   10.4,    2.4327,   2.4553,   2.4507,   2.4510,   2.4557, 137.2222, 137.2222, 137.2222, 137.2222
AL, 14, 2016100212,   , BEST,  90, 140N,  743W, 130,  947,   ,  34, NEQ,  170,   80,   70,  150, 1013,     ,  10,     ,    ,    ,    ,    ,  0,   1,   MATTHEW  ,  16,    3, 1, 1, 1, 1,     58.0,   24.8,   21.7,   50.7,    2.8731,   3.0218,   2.9366,   2.9285,   3.0030, 142.7778, 142.7778, 142.7778, 142.7778
AL, 14, 2016100212,   , BEST,  96, 140N,  743W, 130,  947,   ,  50, NEQ,   60,   40,   30,   50, 1013,     ,  10,     ,    ,    ,    ,    ,  0,   1,   MATTHEW  ,  17,    3, 1, 1, 1, 1,     23.6,   15.4,   11.6,   19.7,    2.8731,   2.9335,   2.9125,   2.9027,   2.9236, 142.7778, 142.7778, 142.7778, 142.7778
AL, 14, 2016100212,   , BEST,  96, 140N,  743W, 130,  947,   ,  64, NEQ,   25,   20,   15,   25, 1013,     ,  10,     ,    ,    ,    ,    ,  0,   1,   MATTHEW  ,  17,    3, 1, 1, 1, 1,     11.4,    9.1,    6.9,   11.6,    2.8731,   2.9023,   2.8963,   2.8906,   2.9026, 142.7778, 142.7778, 142.7778, 142.7778
AL, 14, 2016100218,   , BEST,  96, 142N,  747W, 135,  945,   ,  34, NEQ,  170,   90,   70,  140, 1013,     ,  10,     ,    ,    ,    ,    ,  0,   1,   MATTHEW  ,  17,    3, 1, 1, 1, 1,     59.6,   29.0,   22.3,   48.1,    3.0098,   3.1658,   3.0858,   3.0681,   3.1358, 148.3333, 148.3333, 148.3333, 148.3333
AL, 14, 2016100218,   , BEST, 102, 142N,  747W, 135,  945,   ,  50, NEQ,   60,   40,   30,   50, 1013,     ,  10,     ,    ,    ,    ,    ,  0,   1,   MATTHEW  ,  18,    3, 1, 1, 1, 1,     24.0,   15.7,   11.8,   20.1,    3.0098,   3.0727,   3.0508,   3.0406,   3.0623, 148.3333, 148.3333, 148.3333, 148.3333
AL, 14, 2016100218,   , BEST, 102, 142N,  747W, 135,  945,   ,  64, NEQ,   25,   20,   15,   25, 1013,     ,  10,     ,    ,    ,    ,    ,  0,   1,   MATTHEW  ,  18,    3, 1, 1, 1, 1,     11.5,    9.2,    6.9,   11.6,    3.0098,   3.0399,   3.0338,   3.0279,   3.0402, 148.3333, 148.3333, 148.3333, 148.3333
AL, 14, 2016100300,   , BEST, 102, 145N,  750W, 130,  944,   ,  34, NEQ,  170,  100,   80,  130, 1013,     ,  10,     ,    ,    ,    ,    ,  0,   1,   MATTHEW  ,  18,    3, 1, 1, 1, 1,     55.5,   30.2,   23.8,   41.1,    2.7482,   2.8890,   2.8246,   2.8085,   2.8524, 142.7778, 142.7778, 142.7778, 142.7778
AL, 14, 2016100300,   , BEST, 108, 145N,  750W, 130,  944,   ,  50, NEQ,   60,   50,   30,   50, 1013,     ,  10,     ,    ,    ,    ,    ,  0,   1,   MATTHEW  ,  19,    3, 1, 1, 1, 1,     22.7,   18.7,   11.1,   19.0,    2.7482,   2.8057,   2.7954,   2.7762,   2.7962, 142.7778, 142.7778, 142.7778, 142.7778
AL, 14, 2016100300,   , BEST, 108, 145N,  750W, 130,  944,   ,  64, NEQ,   30,   20,   20,   25, 1013,     ,  10,     ,    ,    ,    ,    ,  0,   1,   MATTHEW  ,  19,    3, 1, 1, 1, 1,     13.3,    8.8,    8.9,   11.2,    2.7482,   2.7818,   2.7704,   2.7706,   2.7764, 142.7778, 142.7778, 142.7778, 142.7778
AL, 14, 2016100306,   , BEST, 108, 149N,  750W, 125,  942,   ,  34, NEQ,  170,  110,   80,  130, 1013,     ,  10,     ,    ,    ,    ,    ,  0,   1,   MATTHEW  ,  19,    3, 1, 1, 1, 1,     50.6,   30.3,   21.5,   37.3,    2.4670,   2.5901,   2.5407,   2.5191,   2.5578, 137.2222, 137.2222, 137.2222, 137.2222
AL, 14, 2016100306,   , BEST, 114, 149N,  750W, 125,  942,   ,  50, NEQ,   60,   50,   40,   50, 1013,     ,  10,     ,    ,    ,    ,    ,  0,   1,   MATTHEW  ,  20,    3, 1, 1, 1, 1,     21.1,   17.3,   13.8,   17.6,    2.4670,   2.5181,   2.5089,   2.5005,   2.5097, 137.2222, 137.2222, 137.2222, 137.2222
AL, 14, 2016100306,   , BEST, 114, 149N,  750W, 125,  942,   ,  64, NEQ,   30,   25,   20,   25, 1013,     ,  10,     ,    ,    ,    ,    ,  0,   1,   MATTHEW  ,  20,    3, 1, 1, 1, 1,     12.5,   10.4,    8.4,   10.6,    2.4670,   2.4974,   2.4922,   2.4873,   2.4926, 137.2222, 137.2222, 137.2222, 137.2222
AL, 14, 2016100312,   , BEST, 114, 154N,  750W, 125,  941,   ,  34, NEQ,  170,  120,   80,  120, 1013,     ,  10,     ,    ,    ,    ,    ,  0,   1,   MATTHEW  ,  20,    3, 1, 1, 1, 1,     50.0,   33.1,   21.1,   33.6,    2.4327,   2.5567,   2.5146,   2.4850,   2.5160, 137.2222, 137.2222, 137.2222, 137.2222
AL, 14, 2016100312,   , BEST, 120, 154N,  750W, 125,  941,   ,  50, NEQ,   60,   50,   40,   50, 1013,     ,  10,     ,    ,    ,    ,    ,  0,   1,   MATTHEW  ,  21,    3, 1, 1, 1, 1,     20.8,   17.0,   13.6,   17.4,    2.4327,   2.4841,   2.4748,   2.4664,   2.4756, 137.2222, 137.2222, 137.2222, 137.2222
AL, 14, 2016100312,   , BEST, 120, 154N,  750W, 125,  941,   ,  64, NEQ,   30,   25,   20,   25, 1013,     ,  10,     ,    ,    ,    ,    ,  0,   1,   MATTHEW  ,  21,    3, 1, 1, 1, 1,     12.4,   10.3,    8.3,   10.4,    2.4327,   2.4634,   2.4581,   2.4532,   2.4585, 137.2222, 137.2222, 137.2222, 137.2222
AL, 14, 2016100318,   , BEST, 120, 159N,  749W, 125,  938,   ,  34, NEQ,  170,  130,   90,  120, 1013,     ,  15,     ,    ,    ,    ,    ,  0,   1,   MATTHEW  ,  21,    3, 1, 1, 1, 1,     47.7,   34.5,   22.9,   32.0,    2.3354,   2.4526,   2.4201,   2.3915,   2.4139, 137.2222, 137.2222, 137.2222, 137.2222
AL, 14, 2016100318,   , BEST, 126, 159N,  749W, 125,  938,   ,  50, NEQ,   70,   50,   50,   50, 1013,     ,  15,     ,    ,    ,    ,    ,  0,   1,   MATTHEW  ,  22,    3, 1, 1, 1, 1,     23.5,   16.3,   16.5,   16.6,    2.3354,   2.3931,   2.3753,   2.3759,   2.3761, 137.2222, 137.2222, 137.2222, 137.2222
AL, 14, 2016100318,   , BEST, 126, 159N,  749W, 125,  938,   ,  64, NEQ,   35,   30,   30,   30, 1013,     ,  15,     ,    ,    ,    ,    ,  0,   1,   MATTHEW  ,  22,    3, 1, 1, 1, 1,     14.0,   11.9,   12.1,   12.2,    2.3354,   2.3698,   2.3646,   2.3650,   2.3652, 137.2222, 137.2222, 137.2222, 137.2222
AL, 14, 2016100400,   , BEST, 126, 166N,  746W, 130,  934,   ,  34, NEQ,  170,  140,   90,  110, 1013,     ,  15,     ,    ,    ,    ,    ,  0,   1,   MATTHEW  ,  22,    3, 1, 1, 1, 1,     48.1,   38.0,   23.1,   29.2,    2.4003,   2.5221,   2.4964,   2.4586,   2.4740, 142.7778, 142.7778, 142.7778, 142.7778
AL, 14, 2016100400,   , BEST, 132, 166N,  746W, 130,  934,   ,  50, NEQ,   70,   60,   50,   50, 1013,     ,  15,     ,    ,    ,    ,    ,  0,   1,   MATTHEW  ,  23,    3, 1, 1, 1, 1,     23.5,   19.8,   16.5,   16.6,    2.4003,   2.4596,   2.4502,   2.4419,   2.4421, 142.7778, 142.7778, 142.7778, 142.7778
AL, 14, 2016100400,   , BEST, 132, 166N,  746W, 130,  934,   ,  64, NEQ,   35,   30,   30,   30, 1013,     ,  15,     ,    ,    ,    ,    ,  0,   1,   MATTHEW  ,  23,    3, 1, 1, 1, 1,     13.9,   11.8,   12.0,   12.0,    2.4003,   2.4353,   2.4301,   2.4305,   2.4307, 142.7778, 142.7778, 142.7778, 142.7778
AL, 14, 2016100406,   , BEST, 132, 175N,  744W, 130,  934,   ,  34, NEQ,  170,  150,   90,  100, 1013,     ,  15,     ,    ,    ,    ,    ,  0,   1,   MATTHEW  ,  23,    3, 1, 1, 1, 1,     48.6,   41.7,   23.2,   26.3,    2.4003,   2.5299,   2.5112,   2.4621,   2.4703, 142.7778, 142.7778, 142.7778, 142.7778
AL, 14, 2016100406,   , BEST, 138, 175N,  744W, 130,  934,   ,  50, NEQ,   70,   60,   50,   60, 1013,     ,  15,     ,    ,    ,    ,    ,  0,   1,   MATTHEW  ,  24,    3, 1, 1, 1, 1,     23.6,   19.8,   16.5,   20.2,    2.4003,   2.4630,   2.4530,   2.4442,   2.4540, 142.7778, 142.7778, 142.7778, 142.7778
AL, 14, 2016100406,   , BEST, 138, 175N,  744W, 130,  934,   ,  64, NEQ,   35,   35,   30,   30, 1013,     ,  15,     ,    ,    ,    ,    ,  0,   1,   MATTHEW  ,  24,    3, 1, 1, 1, 1,     13.9,   13.9,   12.0,   12.0,    2.4003,   2.4373,   2.4372,   2.4321,   2.4323, 142.7778, 142.7778, 142.7778, 142.7778
AL, 14, 2016100411,   , BEST, 138, 183N,  743W, 130,  935,   ,  34, NEQ,  170,  150,   90,  100, 1013,     ,  15,     ,    ,    ,    ,    ,  0,   1,   MATTHEW  ,  24,    3, 1, 1, 1, 1,     49.9,   42.7,   23.8,   27.0,    2.4311,   2.5717,   2.5514,   2.4980,   2.5069, 142.7778, 142.7778, 142.7778, 142.7778
AL, 14, 2016100411,   , BEST, 143, 183N,  743W, 130,  935,   ,  50, NEQ,   70,   60,   50,   60, 1013,     ,  15,     ,    ,    ,    ,    ,  0,   1,   MATTHEW  ,  25,    3, 1, 1, 1, 1,     24.0,   20.2,   16.8,   20.5,    2.4311,   2.4985,   2.4878,   2.4783,   2.4888, 142.7778, 142.7778, 142.7778, 142.7778
AL, 14, 2016100411,   , BEST, 143, 183N,  743W, 130,  935,   ,  64, NEQ,   35,   35,   30,   30, 1013,     ,  15,     ,    ,    ,    ,    ,  0,   1,   MATTHEW  ,  25,    3, 1, 1, 1, 1,     14.1,   14.1,   12.1,   12.2,    2.4311,   2.4707,   2.4706,   2.4652,   2.4654, 142.7778, 142.7778, 142.7778, 142.7778
AL, 14, 2016100412,   , BEST, 143, 184N,  743W, 125,  937,   ,  34, NEQ,  170,  150,   90,  100, 1013,     ,  15,     ,    ,    ,    ,    ,  0,   1,   MATTHEW  ,  25,    3, 1, 1, 1, 1,     48.3,   41.3,   22.9,   26.0,    2.3047,   2.4398,   2.4200,   2.3686,   2.3772, 137.2222, 137.2222, 137.2222, 137.2222
AL, 14, 2016100412,   , BEST, 144, 184N,  743W, 125,  937,   ,  50, NEQ,   70,   60,   50,   60, 1013,     ,  15,     ,    ,    ,    ,    ,  0,   1,   MATTHEW  ,  26,    3, 1, 1, 1, 1,     23.5,   19.7,   16.4,   20.1,    2.3047,   2.3701,   2.3596,   2.3504,   2.3607, 137.2222, 137.2222, 137.2222, 137.2222
AL, 14, 2016100412,   , BEST, 144, 184N,  743W, 125,  937,   ,  64, NEQ,   35,   40,   30,   30, 1013,     ,  15,     ,    ,    ,    ,    ,  0,   1,   MATTHEW  ,  26,    3, 1, 1, 1, 1,     13.9,   16.0,   12.0,   12.1,    2.3047,   2.3435,   2.3492,   2.3381,   2.3383, 137.2222, 137.2222, 137.2222, 137.2222
AL, 14, 2016100418,   , BEST, 144, 193N,  743W, 120,  947,   ,  34, NEQ,  160,  150,   90,  100, 1013,     ,  15,     ,    ,    ,    ,    ,  0,   1,   MATTHEW  ,  26,    3, 1, 1, 1, 1,     50.6,   46.6,   25.9,   29.4,    2.4433,   2.6071,   2.5940,   2.5268,   2.5381, 131.6667, 131.6667, 131.6667, 131.6667
AL, 14, 2016100418,   , BEST, 150, 193N,  743W, 120,  947,   ,  50, NEQ,   70,   60,   50,   60, 1013,     ,  15,     ,    ,    ,    ,    ,  0,   1,   MATTHEW  ,  27,    3, 1, 1, 1, 1,     26.0,   21.9,   18.2,   22.3,    2.4433,   2.5273,   2.5139,   2.5021,   2.5153, 131.6667, 131.6667, 131.6667, 131.6667
AL, 14, 2016100418,   , BEST, 150, 193N,  743W, 120,  947,   ,  64, NEQ,   40,   40,   40,   40, 1013,     ,  15,     ,    ,    ,    ,    ,  0,   1,   MATTHEW  ,  27,    3, 1, 1, 1, 1,     17.6,   17.5,   17.8,   17.9,    2.4433,   2.5000,   2.4999,   2.5006,   2.5010, 131.6667, 131.6667, 131.6667, 131.6667
AL, 14, 2016100500,   , BEST, 150, 201N,  743W, 115,  949,   ,  34, NEQ,  160,  150,   90,  100, 1013,     ,  15,     ,    ,    ,    ,    ,  0,   1,   MATTHEW  ,  27,    3, 1, 1, 1, 1,     49.8,   45.6,   25.2,   28.6,    2.3115,   2.4772,   2.4631,   2.3950,   2.4065, 126.1111, 126.1111, 126.1111, 126.1111
AL, 14, 2016100500,   , BEST, 156, 201N,  743W, 115,  949,   ,  50, NEQ,   70,   60,   50,   60, 1013,     ,  15,     ,    ,    ,    ,    ,  0,   1,   MATTHEW  ,  28,    3, 1, 1, 1, 1,     25.7,   21.5,   18.0,   22.0,    2.3115,   2.3967,   2.3830,   2.3710,   2.3845, 126.1111, 126.1111, 126.1111, 126.1111
AL, 14, 2016100500,   , BEST, 156, 201N,  743W, 115,  949,   ,  64, NEQ,   40,   40,   40,   40, 1013,     ,  15,     ,    ,    ,    ,    ,  0,   1,   MATTHEW  ,  28,    3, 1, 1, 1, 1,     17.5,   17.5,   17.7,   17.9,    2.3115,   2.3695,   2.3694,   2.3702,   2.3707, 126.1111, 126.1111, 126.1111, 126.1111
AL, 14, 2016100506,   , BEST, 156, 207N,  744W, 110,  960,   ,  34, NEQ,  160,  140,   90,   90, 1013,     ,  15,     ,    ,    ,    ,    ,  0,   1,   MATTHEW  ,  28,    3, 1, 1, 1, 1,     58.4,   49.4,   29.7,   29.8,    2.5508,   2.7813,   2.7457,   2.6676,   2.6683, 120.5556, 120.5556, 120.5556, 120.5556
AL, 14, 2016100506,   , BEST, 162, 207N,  744W, 110,  960,   ,  50, NEQ,   70,   60,   50,   60, 1013,     ,  15,     ,    ,    ,    ,    ,  0,   1,   MATTHEW  ,  29,    3, 1, 1, 1, 1,     29.4,   24.7,   20.6,   25.2,    2.5508,   2.6667,   2.6481,   2.6319,   2.6501, 120.5556, 120.5556, 120.5556, 120.5556
AL, 14, 2016100506,   , BEST, 162, 207N,  744W, 110,  960,   ,  64, NEQ,   40,   35,   35,   40, 1013,     ,  15,     ,    ,    ,    ,    ,  0,   1,   MATTHEW  ,  29,    3, 1, 1, 1, 1,     19.7,   17.1,   17.4,   20.1,    2.5508,   2.6284,   2.6182,   2.6191,   2.6299, 120.5556, 120.5556, 120.5556, 120.5556
AL, 14, 2016100512,   , BEST, 162, 214N,  748W, 105,  962,   ,  34, NEQ,  160,  140,   80,   90, 1013,     ,  15,     ,    ,    ,    ,    ,  0,   1,   MATTHEW  ,  29,    3, 1, 1, 1, 1,     57.7,   48.7,   25.4,   29.3,    2.4121,   2.6455,   2.6090,   2.5146,   2.5303, 115.0000, 115.0000, 115.0000, 115.0000
AL, 14, 2016100512,   , BEST, 168, 214N,  748W, 105,  962,   ,  50, NEQ,   70,   60,   50,   60, 1013,     ,  15,     ,    ,    ,    ,    ,  0,   1,   MATTHEW  ,  30,    3, 1, 1, 1, 1,     29.3,   24.6,   20.5,   25.1,    2.4121,   2.5302,   2.5112,   2.4946,   2.5134, 115.0000, 115.0000, 115.0000, 115.0000
AL, 14, 2016100512,   , BEST, 168, 214N,  748W, 105,  962,   ,  64, NEQ,   40,   30,   30,   40, 1013,     ,  15,     ,    ,    ,    ,    ,  0,   1,   MATTHEW  ,  30,    3, 1, 1, 1, 1,     19.9,   14.7,   14.9,   20.3,    2.4121,   2.4921,   2.4712,   2.4721,   2.4938, 115.0000, 115.0000, 115.0000, 115.0000
AL, 14, 2016100518,   , BEST, 168, 222N,  754W, 105,  963,   ,  34, NEQ,  160,  140,   70,   90, 1013,     ,  15,     ,    ,    ,    ,    ,  0,   1,   MATTHEW  ,  30,    3, 1, 1, 1, 1,     59.5,   50.2,   22.5,   30.1,    2.4603,   2.7142,   2.6745,   2.5559,   2.5888, 115.0000, 115.0000, 115.0000, 115.0000
AL, 14, 2016100518,   , BEST, 174, 222N,  754W, 105,  963,   ,  50, NEQ,   70,   60,   40,   60, 1013,     ,  15,     ,    ,    ,    ,    ,  0,   1,   MATTHEW  ,  31,    3, 1, 1, 1, 1,     29.9,   25.1,   16.5,   25.7,    2.4603,   2.5878,   2.5672,   2.5304,   2.5696, 115.0000, 115.0000, 115.0000, 115.0000
AL, 14, 2016100518,   , BEST, 174, 222N,  754W, 105,  963,   ,  64, NEQ,   40,   30,   30,   40, 1013,     ,  15,     ,    ,    ,    ,    ,  0,   1,   MATTHEW  ,  31,    3, 1, 1, 1, 1,     20.2,   14.9,   15.1,   20.6,    2.4603,   2.5462,   2.5237,   2.5247,   2.5480, 115.0000, 115.0000, 115.0000, 115.0000
AL, 14, 2016100600,   , BEST, 174, 230N,  760W, 105,  960,   ,  34, NEQ,  160,  140,   70,   90, 1013,     ,  10,     ,    ,    ,    ,    ,  0,   1,   MATTHEW  ,  31,    3, 1, 1, 1, 1,     56.3,   47.4,   21.0,   28.3,    2.3211,   2.5558,   2.5185,   2.4085,   2.4389, 115.0000, 115.0000, 115.0000, 115.0000
AL, 14, 2016100600,   , BEST, 180, 230N,  760W, 105,  960,   ,  50, NEQ,   70,   60,   40,   60, 1013,     ,  10,     ,    ,    ,    ,    ,  0,   1,   MATTHEW  ,  32,    3, 1, 1, 1, 1,     28.5,   23.9,   15.6,   24.4,    2.3211,   2.4395,   2.4202,   2.3860,   2.4226, 115.0000, 115.0000, 115.0000, 115.0000
AL, 14, 2016100600,   , BEST, 180, 230N,  760W, 105,  960,   ,  64, NEQ,   40,   30,   30,   40, 1013,     ,  10,     ,    ,    ,    ,    ,  0,   1,   MATTHEW  ,  32,    3, 1, 1, 1, 1,     19.4,   14.3,   14.5,   19.8,    2.3211,   2.4016,   2.3804,   2.3814,   2.4034, 115.0000, 115.0000, 115.0000, 115.0000
AL, 14, 2016100606,   , BEST, 180, 238N,  767W, 110,  952,   ,  34, NEQ,  160,  140,   70,   90, 1013,     ,  10,     ,    ,    ,    ,    ,  0,   1,   MATTHEW  ,  32,    3, 1, 1, 1, 1,     51.5,   43.2,   19.1,   25.7,    2.2162,   2.4180,   2.3857,   2.2907,   2.3168, 120.5556, 120.5556, 120.5556, 120.5556
AL, 14, 2016100606,   , BEST, 186, 238N,  767W, 110,  952,   ,  50, NEQ,   70,   60,   40,   60, 1013,     ,  10,     ,    ,    ,    ,    ,  0,   1,   MATTHEW  ,  33,    3, 1, 1, 1, 1,     26.1,   21.9,   14.3,   22.4,    2.2162,   2.3184,   2.3017,   2.2720,   2.3037, 120.5556, 120.5556, 120.5556, 120.5556
AL, 14, 2016100606,   , BEST, 186, 238N,  767W, 110,  952,   ,  64, NEQ,   40,   30,   30,   40, 1013,     ,  10,     ,    ,    ,    ,    ,  0,   1,   MATTHEW  ,  33,    3, 1, 1, 1, 1,     17.9,   13.2,   13.4,   18.2,    2.2162,   2.2860,   2.2676,   2.2684,   2.2875, 120.5556, 120.5556, 120.5556, 120.5556
AL, 14, 2016100612,   , BEST, 186, 247N,  775W, 120,  937,   ,  34, NEQ,  160,  140,   70,  100, 1013,     ,  10,     ,    ,    ,    ,    ,  0,   1,   MATTHEW  ,  33,    3, 1, 1, 1, 1,     45.0,   37.6,   16.5,   25.4,    2.1218,   2.2821,   2.2556,   2.1804,   2.2118, 131.6667, 131.6667, 131.6667, 131.6667
AL, 14, 2016100612,   , BEST, 192, 247N,  775W, 120,  937,   ,  50, NEQ,   70,   60,   40,   60, 1013,     ,  10,     ,    ,    ,    ,    ,  0,   1,   MATTHEW  ,  34,    3, 1, 1, 1, 1,     22.9,   19.2,   12.5,   19.6,    2.1218,   2.2032,   2.1898,   2.1661,   2.1913, 131.6667, 131.6667, 131.6667, 131.6667
AL, 14, 2016100612,   , BEST, 192, 247N,  775W, 120,  937,   ,  64, NEQ,   40,   40,   30,   40, 1013,     ,  10,     ,    ,    ,    ,    ,  0,   1,   MATTHEW  ,  34,    3, 1, 1, 1, 1,     15.7,   15.7,   11.7,   16.0,    2.1218,   2.1775,   2.1773,   2.1634,   2.1786, 131.6667, 131.6667, 131.6667, 131.6667
AL, 14, 2016100618,   , BEST, 192, 257N,  783W, 120,  937,   ,  34, NEQ,  160,  140,   80,  110, 1013,     ,  10,     ,    ,    ,    ,    ,  0,   1,   MATTHEW  ,  34,    3, 1, 1, 1, 1,     45.5,   38.0,   19.5,   28.7,    2.1218,   2.2899,   2.2620,   2.1934,   2.2276, 131.6667, 131.6667, 131.6667, 131.6667
AL, 14, 2016100618,   , BEST, 198, 257N,  783W, 120,  937,   ,  50, NEQ,   70,   60,   40,   60, 1013,     ,  10,     ,    ,    ,    ,    ,  0,   1,   MATTHEW  ,  35,    3, 1, 1, 1, 1,     23.0,   19.3,   12.5,   19.7,    2.1218,   2.2067,   2.1927,   2.1679,   2.1942, 131.6667, 131.6667, 131.6667, 131.6667
AL, 14, 2016100618,   , BEST, 198, 257N,  783W, 120,  937,   ,  64, NEQ,   50,   40,   30,   40, 1013,     ,  10,     ,    ,    ,    ,    ,  0,   1,   MATTHEW  ,  35,    3, 1, 1, 1, 1,     20.0,   15.7,   11.8,   16.1,    2.1218,   2.1955,   2.1796,   2.1650,   2.1809, 131.6667, 131.6667, 131.6667, 131.6667
AL, 14, 2016100700,   , BEST, 198, 267N,  790W, 115,  937,   ,  34, NEQ,  170,  150,   80,  120, 1013,     ,  15,     ,    ,    ,    ,    ,  0,   1,   MATTHEW  ,  35,    3, 1, 1, 1, 1,     46.4,   39.1,   18.0,   29.9,    1.9465,   2.1169,   2.0900,   2.0124,   2.0559, 126.1111, 126.1111, 126.1111, 126.1111
AL, 14, 2016100700,   , BEST, 204, 267N,  790W, 115,  937,   ,  50, NEQ,   70,   70,   50,   60, 1013,     ,  15,     ,    ,    ,    ,    ,  0,   1,   MATTHEW  ,  36,    3, 1, 1, 1, 1,     21.9,   21.8,   15.2,   18.7,    1.9465,   2.0268,   2.0262,   2.0019,   2.0150, 126.1111, 126.1111, 126.1111, 126.1111
AL, 14, 2016100700,   , BEST, 204, 267N,  790W, 115,  937,   ,  64, NEQ,   50,   40,   30,   40, 1013,     ,  15,     ,    ,    ,    ,    ,  0,   1,   MATTHEW  ,  36,    3, 1, 1, 1, 1,     19.4,   15.2,   11.4,   15.6,    1.9465,   2.0176,   2.0020,   1.9881,   2.0035, 126.1111, 126.1111, 126.1111, 126.1111
AL, 14, 2016100706,   , BEST, 204, 277N,  797W, 110,  939,   ,  34, NEQ,  170,  150,   80,  120, 1013,     ,  20,     ,    ,    ,    ,    ,  0,   1,   MATTHEW  ,  36,    3, 1, 1, 1, 1,     45.2,   38.0,   17.3,   28.9,    1.8269,   1.9958,   1.9686,   1.8912,   1.9346, 120.5556, 120.5556, 120.5556, 120.5556
AL, 14, 2016100706,   , BEST, 210, 277N,  797W, 110,  939,   ,  50, NEQ,   70,   70,   50,   60, 1013,     ,  20,     ,    ,    ,    ,    ,  0,   1,   MATTHEW  ,  37,    3, 1, 1, 1, 1,     21.5,   21.3,   14.8,   18.4,    1.8269,   1.9069,   1.9063,   1.8820,   1.8952, 120.5556, 120.5556, 120.5556, 120.5556
AL, 14, 2016100706,   , BEST, 210, 277N,  797W, 110,  939,   ,  64, NEQ,   50,   40,   30,   40, 1013,     ,  20,     ,    ,    ,    ,    ,  0,   1,   MATTHEW  ,  37,    3, 1, 1, 1, 1,     19.4,   15.1,   11.3,   15.6,    1.8269,   1.8989,   1.8830,   1.8689,   1.8847, 120.5556, 120.5556, 120.5556, 120.5556
AL, 14, 2016100712,   , BEST, 210, 289N,  803W, 105,  944,   ,  34, NEQ,  170,  150,   80,  120, 1013,     ,  20,     ,    ,    ,    ,    ,  0,   1,   MATTHEW  ,  37,    3, 1, 1, 1, 1,     46.9,   39.3,   17.8,   29.9,    1.7829,   1.9694,   1.9390,   1.8531,   1.9013, 115.0000, 115.0000, 115.0000, 115.0000
AL, 14, 2016100712,   , BEST, 216, 289N,  803W, 105,  944,   ,  50, NEQ,   80,   70,   60,   60, 1013,     ,  20,     ,    ,    ,    ,    ,  0,   1,   MATTHEW  ,  38,    3, 1, 1, 1, 1,     26.0,   22.1,   18.9,   19.0,    1.7829,   1.8861,   1.8703,   1.8575,   1.8582, 115.0000, 115.0000, 115.0000, 115.0000
AL, 14, 2016100712,   , BEST, 216, 289N,  803W, 105,  944,   ,  64, NEQ,   50,   40,   35,   40, 1013,     ,  20,     ,    ,    ,    ,    ,  0,   1,   MATTHEW  ,  38,    3, 1, 1, 1, 1,     20.2,   15.7,   13.9,   16.2,    1.7829,   1.8628,   1.8450,   1.8378,   1.8471, 115.0000, 115.0000, 115.0000, 115.0000
AL, 14, 2016100718,   , BEST, 216, 297N,  807W, 100,  946,   ,  34, NEQ,  170,  150,   80,  120, 1013,     ,  20,     ,    ,    ,    ,    ,  0,   1,   MATTHEW  ,  38,    3, 1, 1, 1, 1,     45.7,   38.1,   17.1,   28.9,    1.6630,   1.8462,   1.8156,   1.7308,   1.7784, 109.4444, 109.4444, 109.4444, 109.4444
AL, 14, 2016100718,   , BEST, 222, 297N,  807W, 100,  946,   ,  50, NEQ,   80,   70,   60,   60, 1013,     ,  20,     ,    ,    ,    ,    ,  0,   1,   MATTHEW  ,  39,    3, 1, 1, 1, 1,     25.7,   21.7,   18.6,   18.8,    1.6630,   1.7656,   1.7496,   1.7370,   1.7378, 109.4444, 109.4444, 109.4444, 109.4444
AL, 14, 2016100718,   , BEST, 222, 297N,  807W, 100,  946,   ,  64, NEQ,   50,   40,   35,   40, 1013,     ,  20,     ,    ,    ,    ,    ,  0,   1,   MATTHEW  ,  39,    3, 1, 1, 1, 1,     20.3,   15.8,   14.0,   16.4,    1.6630,   1.7438,   1.7258,   1.7187,   1.7282, 109.4444, 109.4444, 109.4444, 109.4444
AL, 14, 2016100800,   , BEST, 222, 307N,  806W,  95,  949,   ,  34, NEQ,  180,  150,   80,  120, 1013,     ,  20,     ,    ,    ,    ,    ,  0,   1,   MATTHEW  ,  39,    3, 1, 1, 1, 1,     49.6,   38.0,   16.8,   28.7,    1.5687,   1.7727,   1.7246,   1.6371,   1.6863, 103.8889, 103.8889, 103.8889, 103.8889
AL, 14, 2016100800,   , BEST, 228, 307N,  806W,  95,  949,   ,  50, NEQ,   80,   70,   50,   50, 1013,     ,  20,     ,    ,    ,    ,    ,  0,   1,   MATTHEW  ,  40,    3, 1, 1, 1, 1,     26.0,   21.9,   15.2,   15.4,    1.5687,   1.6750,   1.6582,   1.6306,   1.6314, 103.8889, 103.8889, 103.8889, 103.8889
AL, 14, 2016100800,   , BEST, 228, 307N,  806W,  95,  949,   ,  64, NEQ,   50,   50,   30,   35, 1013,     ,  20,     ,    ,    ,    ,    ,  0,   1,   MATTHEW  ,  40,    3, 1, 1, 1, 1,     20.9,   20.7,   12.2,   14.6,    1.5687,   1.6541,   1.6533,   1.6184,   1.6283, 103.8889, 103.8889, 103.8889, 103.8889
AL, 14, 2016100806,   , BEST, 228, 316N,  806W,  85,  953,   ,  34, NEQ,  180,  160,   90,  130, 1013,     ,  20,     ,    ,    ,    ,    ,  0,   1,   MATTHEW  ,  40,    3, 1, 1, 1, 1,     47.2,   39.2,   17.9,   30.1,    1.3345,   1.5261,   1.4932,   1.4064,   1.4558,  92.7778,  92.7778,  92.7778,  92.7778
AL, 14, 2016100806,   , BEST, 234, 316N,  806W,  85,  953,   ,  50, NEQ,   80,   70,   50,   40, 1013,     ,  20,     ,    ,    ,    ,    ,  0,   1,   MATTHEW  ,  41,    3, 1, 1, 1, 1,     25.9,   21.7,   15.0,   11.8,    1.3345,   1.4387,   1.4214,   1.3946,   1.3817,  92.7778,  92.7778,  92.7778,  92.7778
AL, 14, 2016100806,   , BEST, 234, 316N,  806W,  85,  953,   ,  64, NEQ,   40,   40,   25,   30, 1013,     ,  20,     ,    ,    ,    ,    ,  0,   1,   MATTHEW  ,  41,    3, 1, 1, 1, 1,     17.3,   17.2,   10.8,   13.3,    1.3345,   1.4039,   1.4034,   1.3774,   1.3876,  92.7778,  92.7778,  92.7778,  92.7778
AL, 14, 2016100809,   , BEST, 234, 321N,  805W,  85,  957,   ,  34, NEQ,  180,  160,   90,  130, 1013,     ,  20,     ,    ,    ,    ,    ,  0,   1,   MATTHEW  ,  41,    3, 1, 1, 1, 1,     52.3,   43.6,   20.1,   33.7,    1.4298,   1.6599,   1.6212,   1.5174,   1.5774,  92.7778,  92.7778,  92.7778,  92.7778
AL, 14, 2016100809,   , BEST, 237, 321N,  805W,  85,  957,   ,  50, NEQ,   80,   70,   50,   40, 1013,     ,  20,     ,    ,    ,    ,    ,  0,   1,   MATTHEW  ,  42,    3, 1, 1, 1, 1,     28.1,   23.5,   16.3,   12.8,    1.4298,   1.5523,   1.5323,   1.5007,   1.4854,  92.7778,  92.7778,  92.7778,  92.7778
AL, 14, 2016100809,   , BEST, 237, 321N,  805W,  85,  957,   ,  64, NEQ,   40,   40,   25,   30, 1013,     ,  20,     ,    ,    ,    ,    ,  0,   1,   MATTHEW  ,  42,    3, 1, 1, 1, 1,     18.3,   18.2,   11.4,   14.1,    1.4298,   1.5095,   1.5091,   1.4792,   1.4907,  92.7778,  92.7778,  92.7778,  92.7778
AL, 14, 2016100812,   , BEST, 237, 325N,  799W,  80,  963,   ,  34, NEQ,  190,  160,   90,  140, 1013,     ,  25,     ,    ,    ,    ,    ,  0,   1,   MATTHEW  ,  42,    3, 1, 1, 1, 1,     61.6,   47.4,   21.9,   40.8,    1.4153,   1.7047,   1.6374,   1.5169,   1.6060,  87.2222,  87.2222,  87.2222,  87.2222
AL, 14, 2016100812,   , BEST, 240, 325N,  799W,  80,  963,   ,  50, NEQ,   70,   70,   60,   30, 1013,     ,  25,     ,    ,    ,    ,    ,  0,   1,   MATTHEW  ,  43,    3, 1, 1, 1, 1,     26.1,   25.7,   22.2,   10.2,    1.4153,   1.5365,   1.5350,   1.5184,   1.4624,  87.2222,  87.2222,  87.2222,  87.2222
AL, 14, 2016100812,   , BEST, 240, 325N,  799W,  80,  963,   ,  64, NEQ,   30,   25,   20,    0, 1013,     ,  25,     ,    ,    ,    ,    ,  0,   1,   MATTHEW  ,  43,    3, 1, 1, 1, 0,     15.0,   12.3,   10.2,    0.0,    1.4153,   1.4846,   1.4720,   1.4624,   1.4755,  87.2222,  87.2222,  87.2222,  87.2222
AL, 14, 2016100815,   , BEST, 240, 330N,  795W,  75,  967,   ,  34, NEQ,  190,  160,   90,  140, 1013,     ,  25,     ,    ,    ,    ,    ,  0,   1,   MATTHEW  ,  43,    3, 1, 1, 1, 1,     64.6,   49.6,   22.8,   42.8,    1.3487,   1.6632,   1.5893,   1.4581,   1.5559,  81.6667,  81.6667,  81.6667,  81.6667
AL, 14, 2016100815,   , BEST, 243, 330N,  795W,  75,  967,   ,  50, NEQ,   70,   70,   60,   30, 1013,     ,  25,     ,    ,    ,    ,    ,  0,   1,   MATTHEW  ,  44,    3, 1, 1, 1, 1,     27.8,   27.5,   23.8,   11.0,    1.3487,   1.4825,   1.4811,   1.4632,   1.4009,  81.6667,  81.6667,  81.6667,  81.6667
AL, 14, 2016100815,   , BEST, 243, 330N,  795W,  75,  967,   ,  64, NEQ,   30,   25,   20,    0, 1013,     ,  25,     ,    ,    ,    ,    ,  0,   1,   MATTHEW  ,  44,    3, 1, 1, 1, 0,     16.8,   13.7,   11.6,    0.0,    1.3487,   1.4288,   1.4142,   1.4040,   1.4193,  81.6667,  81.6667,  81.6667,  81.6667
AL, 14, 2016100818,   , BEST, 243, 335N,  790W,  70,  973,   ,  34, NEQ,  190,  170,  100,  150, 1013,     ,  25,     ,    ,    ,    ,    ,  0,   1,   MATTHEW  ,  44,    3, 1, 1, 1, 1,     72.2,   60.6,   29.7,   53.1,    1.3471,   1.7299,   1.6679,   1.5029,   1.6274,  76.1111,  76.1111,  76.1111,  76.1111
AL, 14, 2016100818,   , BEST, 246, 335N,  790W,  70,  973,   ,  50, NEQ,   60,   80,   30,   20, 1013,     ,  25,     ,    ,    ,    ,    ,  0,   1,   MATTHEW  ,  45,    3, 1, 1, 1, 1,     26.2,   36.7,   12.5,    8.1,    1.3471,   1.4843,   1.5399,   1.4118,   1.3888,  76.1111,  76.1111,  76.1111,  76.1111
AL, 14, 2016100818,   , BEST, 246, 335N,  790W,  70,  973,   ,  64, NEQ,   25,   25,   25,    0, 1013,     ,  25,     ,    ,    ,    ,    ,  0,   1,   MATTHEW  ,  45,    3, 1, 1, 1, 0,     16.5,   16.4,   18.0,    0.0,    1.3471,   1.4330,   1.4326,   1.4410,   1.4418,  76.1111,  76.1111,  76.1111,  76.1111
AL, 14, 2016100900,   , BEST, 246, 339N,  773W,  70,  981,   ,  34, NEQ,  190,  170,  120,  160, 1013,     ,  40,     ,    ,    ,    ,    ,  0,   1,   MATTHEW  ,  45,    3, 1, 1, 1, 1,     89.4,   75.8,   48.7,   72.3,    1.6839,   2.2767,   2.1861,   2.0054,   2.1628,  76.1111,  76.1111,  76.1111,  76.1111
AL, 14, 2016100900,   , BEST, 252, 339N,  773W,  70,  981,   ,  50, NEQ,   70,   80,   90,   60, 1013,     ,  40,     ,    ,    ,    ,    ,  0,   1,   MATTHEW  ,  46,    3, 1, 1, 1, 1,     37.1,   43.1,   51.0,   32.3,    1.6839,   1.9281,   1.9682,   2.0209,   1.8962,  76.1111,  76.1111,  76.1111,  76.1111
AL, 14, 2016100900,   , BEST, 252, 339N,  773W,  70,  981,   ,  64, NEQ,    0,    0,   40,    0, 1013,     ,  40,     ,    ,    ,    ,    ,  0,   1,   MATTHEW  ,  46,    3, 0, 0, 1, 0,      0.0,    0.0,   31.3,    0.0,    1.6839,   1.7767,   1.7765,   1.8896,   1.7843,  76.1111,  76.1111,  76.1111,  76.1111
AL, 14, 2016100906,   , BEST, 252, 347N,  760W,  70,  983,   ,  34, NEQ,  200,  170,  150,  170, 1013,     ,  50,     ,    ,    ,    ,    ,  0,   1,   MATTHEW  ,  46,    3, 1, 1, 1, 1,    101.6,   80.8,   69.8,   83.4,    1.7962,   2.5278,   2.3778,   2.2976,   2.3965,  76.1111,  76.1111,  76.1111,  76.1111
AL, 14, 2016100906,   , BEST, 258, 347N,  760W,  70,  983,   ,  50, NEQ,   60,   80,  110,   60, 1013,     ,  50,     ,    ,    ,    ,    ,  0,   1,   MATTHEW  ,  47,    3, 1, 1, 1, 1,     32.4,   45.0,   67.2,   33.6,    1.7962,   2.0277,   2.1186,   2.2789,   2.0367,  76.1111,  76.1111,  76.1111,  76.1111
AL, 14, 2016100906,   , BEST, 258, 347N,  760W,  70,  983,   ,  64, NEQ,    0,    0,   50,    0, 1013,     ,  50,     ,    ,    ,    ,    ,  0,   1,   MATTHEW  ,  47,    3, 0, 0, 1, 0,      0.0,    0.0,   40.2,    0.0,    1.7962,   1.9264,   1.9260,   2.0836,   1.9361,  76.1111,  76.1111,  76.1111,  76.1111
AL, 14, 2016100912,   , BEST, 258, 350N,  745W,  65,  984,   ,  34, NEQ,  200,  180,  180,  190, 1013,     ,  50,     ,    ,    ,    ,    ,  0,   1,   MATTHEW  ,  47,    3, 1, 1, 1, 1,    101.6,   87.0,   89.2,   97.1,    1.5967,   2.3073,   2.2047,   2.2202,   2.2760,  70.5556,  70.5556,  70.5556,  70.5556
AL, 14, 2016100912,   , BEST, 264, 350N,  745W,  65,  984,   ,  50, NEQ,   50,   60,   90,   90, 1013,     ,  50,     ,    ,    ,    ,    ,  0,   1,   MATTHEW  ,  48,    2, 1, 1, 1, 1,     27.7,   33.4,   55.6,   56.7,    1.5967,   1.7885,   1.8282,   1.9844,   1.9921,  70.5556,  70.5556,  70.5556,  70.5556
AL, 14, 2016100912,   , BEST, 264, 350N,  745W,  65,  984,   ,  64, NEQ,    0,    0,   50,    0, 1013,     ,  50,     ,    ,    ,    ,    ,  0,   1,            ,  48,    2, 0, 0, 1, 0,      0.0,    0.0,   50.0,    0.0,    1.5967,   1.7563,   1.7484,   2.0203,   1.7467,  70.5556,  70.5556,  72.0540,  70.5556
