FileFmt      1050624           0           0
NELG           58369        2590        2446
       13137
       13158
       13199
       13204
       13212
       13215
       13230
       13241
       13262
       13264
       13271
       13275
       13284
       13297
       13310
       13312
       13313
       13316
       13318
       13322
       13331
       13332
       13351
       13352
       13358
       13361
       13376
       13384
       13392
       13408
       13412
       13415
       13416
       13425
       13426
       13429
       13430
       13436
       13443
       13446
       13450
       13462
       13471
       13479
       13481
       13484
       13494
       13498
       13505
       13510
       13516
       13521
       13523
       13528
       13529
       13538
       13539
       13541
       13544
       13548
       13551
       13561
       13567
       13570
       13575
       13579
       13589
       13590
       13594
       13600
       13601
       13607
       13615
       13628
       13630
       13641
       13642
       13648
       13655
       13656
       13660
       13666
       13667
       13675
       13676
       13678
       13686
       13687
       13700
       13704
       13706
       13708
       13717
       13718
       13728
       13730
       13733
       13737
       13744
       13750
       13756
       13764
       13766
       13770
       13772
       13780
       13781
       13788
       13789
       13791
       13794
      -13796
       13797
       13811
       13812
       13815
       13819
       13822
       13823
       13833
       13835
       13840
       13849
       13855
       13857
       13861
       13864
       13873
       13885
       13890
       13892
       13894
       13896
       13899
       13906
      -13908
       13909
       13919
       13920
       13928
       13935
       13937
       13947
       13953
       13956
       13963
       13967
       13969
       13975
       13982
       13984
       13993
       14003
      -14006
       14018
       14025
       14029
       14031
       14034
       14038
       14039
       14059
       14061
       14063
       14071
       14083
       14087
       14092
       14098
       14100
       14111
       14114
       14116
       14117
      -14130
       14140
       14142
       14174
       14182
       14185
       14192
       14196
       14198
       14205
       14206
       14217
       14225
       14226
       14231
       14236
       14243
       14274
       14277
       14279
      -14281
       14283
       14285
       14286
       14287
       14303
       14316
       14332
       14336
       14342
       14347
       14356
       14375
       14378
       14396
       14401
       14407
       14420
       14430
       14437
       14442
       14446
       14449
       14454
       14461
       14464
      -14467
       14470
       14485
       14492
       14506
      -14511
       14521
       14525
       14526
       14529
       14534
       14537
       14539
       14546
       14551
       14559
       14569
       14572
       14576
       14594
       14608
      -14614
       14620
       14636
       14638
       14652
       14658
       14661
       14673
       14675
       14689
       14693
       14695
       14727
       14736
       14743
       14759
       14768
       14773
      -14774
       14780
       14781
       14798
       14803
       14807
       14812
       14825
       14829
       14831
       14836
       14840
       14870
       14871
       14885
       14897
      -14902
       14916
       14919
       14929
       14934
       14938
       14942
       14946
       14947
       14958
       14972
       14977
       14993
       14999
       15016
       15017
       15023
      -15024
       15028
       15032
       15039
       15055
       15056
       15063
       15089
       15091
       15095
       15097
       15105
       15107
       15110
       15120
       15126
       15136
       15140
       15152
       15156
       15174
      -15175
       15177
       15184
       15202
       15209
       15213
       15218
       15234
       15239
       15242
      -15247
       15255
       15259
       15273
       15293
       15296
       15298
       15307
       15313
       15315
       15322
       15331
       15334
       15354
       15356
       15357
       15364
       15371
       15376
       15377
      -15396
       15408
       15420
       15423
       15430
       15432
       15450
       15453
       15460
       15461
       15463
       15473
       15485
       15486
       15491
       15493
       15495
       15503
       15505
       15508
       15522
       15526
       15547
       15551
      -15552
       15553
       15558
       15564
       15569
       15573
       15578
       15586
       15589
       15597
       15616
       15619
       15626
       15636
       15638
       15650
       15651
      -15657
       15658
       15668
       15672
       15673
       15674
       15681
      -15684
       15688
       15693
       15710
       15711
       15724
       15754
       15755
       15758
       15777
      -15779
       15781
       15782
       15785
       15794
       15815
       15826
       15840
       15849
       15851
       15853
       15900
       15907
       15929
       15930
      -15933
       15936
       15956
       15971
       15975
       15981
      -15983
       15985
       16033
       16035
       16038
       16059
       16073
       16074
      -16096
       16097
       16105
       16132
       16138
       16149
       16157
       16160
       16165
       16167
       16173
       16181
       16187
      -16224
       16231
       16245
       16254
       16265
       16268
       16273
       16276
       16279
       16296
       16310
       16317
      -16323
       16344
       16351
       16354
       16359
       16364
       16366
       16377
       16380
       16389
       16393
       16404
       16408
       16409
       16414
       16415
      -16420
       16433
       16438
       16440
       16442
       16443
       16461
       16464
       16469
       16474
       16486
       16489
       16500
       16501
       16509
       16513
       16514
       16517
       16524
       16539
       16547
       16555
       16557
       16571
       16572
       16575
       16579
       16586
       16587
       16589
       16609
       16614
       16619
       16620
       16626
       16627
       16630
       16635
       16644
       16647
       16658
       16659
       16670
       16672
       16673
       16677
       16682
       16686
       16688
       16694
       16699
       16712
       16719
       16721
       16731
       16741
       16747
       16750
       16754
       16756
       16757
       16763
       16785
       16790
       16792
       16797
       16810
       16811
       16816
       16820
       16826
       16834
       16846
       16857
       16864
       16867
       16877
       16879
       16882
       16886
       16910
       16916
       16925
       16926
       16937
       16943
       16944
       16957
       16959
       16960
       16985
       16999
       17002
       17008
       17034
       17038
       17039
       17040
       17056
       17060
       17071
       17098
       17102
       17104
       17108
       17127
       17133
       17134
       17141
       17175
       17206
       17216
       17222
       17234
       17254
       17261
       17262
       17263
       17277
       17279
       17281
       17299
       17310
       17313
       17330
       17332
       17342
       17343
       17347
       17350
       17366
       17367
       17370
       17380
       17389
       17392
       17402
       17409
       17431
       17442
       17443
       17444
       17456
       17463
       17470
       17472
       17480
       17488
       17497
       17507
       17508
       17518
       17527
       17540
       17555
       17561
       17567
       17575
       17583
       17585
       17593
       17613
       17614
       17627
       17651
       17653
       17655
       17663
       17683
       17696
       17699
       17709
       17714
       17716
       17719
       17721
       17744
       17766
       17768
       17776
       17788
       17793
       17803
       17807
       17810
       17811
       17814
       17816
       17833
       17839
       17843
       17856
       17887
       17888
       17905
       17906
       17908
       17911
       17920
       17924
       17937
       17939
       17943
       17967
       17968
       17983
       17987
       17996
       18002
       18020
       18021
       18023
       18032
       18038
       18041
       18052
       18058
       18061
       18069
       18073
       18075
       18078
       18083
       18091
       18098
       18099
       18100
       18105
       18116
       18120
       18125
       18132
       18135
       18138
       18140
       18144
       18151
       18156
       18158
       18162
       18163
       18168
       18171
       18172
       18174
       18180
       18187
       18196
       18198
       18200
       18201
       18204
       18206
       18209
       18210
       18213
       18221
       18226
       18236
       18239
       18242
       18243
       18258
       18259
       18265
       18267
       18278
       18281
       18282
       18285
       18289
       18292
       18294
       18300
       18305
       18308
       18310
       18313
       18321
       18322
       18336
       18339
       18346
       18356
       18357
       18358
       18359
       18360
       18363
       18368
       18369
       18377
       18379
       18380
       18398
       18403
       18406
       18407
       18410
       18412
       18417
       18423
       18426
       18427
       18439
       18441
       18451
       18457
       18458
       18460
       18462
       18465
       18466
       18472
       18476
       18480
       18487
       18488
       18491
       18495
       18513
       18523
       18527
       18528
       18535
       18539
       18543
       18550
       18551
       18553
       18556
       18560
       18580
       18583
       18588
       18592
       18594
       18615
       18625
       18633
       18636
       18641
       18646
       18649
       18652
       18654
       18657
       18660
       18674
       18684
       18685
       18696
       18709
       18710
       18718
       18724
       18741
       18744
       18745
       18753
       18754
       18755
       18756
       18771
       18784
       18789
       18792
       18799
       18802
       18807
       18814
       18818
       18823
       18835
       18848
       18863
       18871
       18872
       18876
       18880
       18881
       18884
       18889
       18896
       18897
       18904
       18908
       18910
       18911
       18915
       18919
       18932
       18939
       18941
       18952
       18954
       18955
       18959
       18964
       18966
       18981
       18994
       19005
       19014
       19018
       19019
       19022
       19024
       19045
       19059
       19064
       19068
       19072
       19077
       19091
       19092
       19094
       19104
       19106
       19110
       19113
       19117
       19128
       19129
       19133
       19135
       19136
       19139
       19141
       19159
       19168
       19191
       19202
       19212
       19219
       19232
       19240
       19267
       19268
       19272
       19285
       19294
       19297
       19301
       19304
       19316
       19317
       19335
       19337
       19344
       19346
       19353
       19367
       19391
       19397
       19409
       19412
       19421
       19430
       19433
       19437
       19445
       19451
       19455
       19457
       19461
       19493
       19497
       19506
       19509
       19511
       19512
       19518
       19529
       19543
       19555
       19565
       19567
       19580
       19584
       19596
       19603
       19611
       19625
       19626
       19633
       19635
       19640
       19660
       19667
       19689
       19690
       19705
       19707
       19709
       19711
       19736
       19742
       19746
       19748
       19758
       19788
       19795
       19797
       19799
       19808
       19821
       19836
       19840
       19855
       19865
       19869
       19878
       19903
       19913
       19923
       19925
       19932
       19935
       19936
       19941
       19968
       19981
       19987
       19989
       20005
       20006
       20009
       20021
       20034
       20056
       20066
       20082
       20083
       20091
       20098
       20121
       20140
       20148
       20152
       20161
       20168
       20172
       20197
       20199
       20200
       20201
       20228
       20249
       20258
       20270
       20272
       20273
       20274
       20278
       20279
       20290
       20336
       20345
       20354
       20363
       20384
       20390
       20393
       20394
       20410
       20423
       20426
       20431
       20454
       20466
       20473
       20489
       20493
       20498
       20536
       20555
       20557
       20558
       20562
       20568
       20576
       20578
       20580
       20602
       20603
       20628
       20645
       20648
       20664
       20670
       20676
       20682
       20683
       20685
       20689
       20701
       20706
       20738
       20742
       20744
       20759
       20772
       20800
       20807
       20811
       20820
       20823
       20829
       20834
       20842
       20851
       20852
       20859
       20873
       20893
       20916
       20922
       20935
       20938
       20965
       20967
       20972
       20980
       20981
       20990
       20997
       20999
       21014
       21017
       21019
       21027
       21028
       21030
       21032
       21046
       21055
       21057
       21074
       21083
       21094
       21098
       21101
       21116
       21117
       21138
       21143
       21146
       21150
       21162
       21168
       21173
       21181
       21183
       21184
       21185
       21202
       21209
       21222
       21232
       21233
       21240
       21249
       21280
       21281
       21284
       21285
       21287
       21292
       21297
       21305
       21318
       21329
       21334
       21335
       21343
       21349
       21350
       21351
       21361
       21363
       21370
       21379
       21387
       21392
       21398
       21404
       21421
       21423
       21424
       21445
       21446
       21451
       21453
       21463
       21469
       21474
       21489
       21493
       21494
       21497
       21498
       21499
       21502
       21503
       21505
       21513
       21514
       21523
       21537
       21552
       21566
       21573
       21575
       21576
       21582
       21584
       21585
       21587
       21588
       21593
       21598
       21600
       21603
       21604
       21606
       21610
       21614
       21621
       21624
       21625
       21634
       21636
       21639
       21647
       21650
       21651
       21653
       21655
       21661
       21663
       21666
       21671
       21679
       21687
       21691
       21693
       21694
       21698
       21703
       21710
       21712
       21718
       21720
       21730
       21735
       21746
       21748
       21759
       21760
       21772
       21774
       21776
       21785
       21786
       21787
       21791
       21794
       21802
       21803
       21804
       21805
       21806
       21810
       21817
       21821
       21822
       21826
       21830
       21831
       21832
       21839
       21840
       21842
       21853
       21860
       21863
       21866
       21868
       21872
       21873
       21874
       21877
       21878
       21881
       21884
       21885
       21892
       21897
       21901
       21902
       21915
       21922
       21938
       21947
       21952
       21958
       21959
       21960
       21961
       21964
       21965
       21969
       21975
       21976
       21990
       21991
       21992
       21994
       21995
       21996
       22002
       22008
       22018
       22019
       22023
       22024
       22029
       22032
       22036
       22042
       22044
       22045
       22053
       22057
       22059
       22060
       22061
       22062
       22064
       22065
       22067
       22076
       22081
       22083
       22084
       22093
       22104
       22107
       22113
       22114
       22126
       22127
       22129
       22130
       22132
       22137
       22139
       22140
       22143
       22146
       22153
       22155
       22157
       22161
       22165
       22174
       22176
       22180
       22188
       22190
       22195
       22197
       22199
       22200
       22201
       22204
       22207
       22211
       22213
       22214
       22216
       22224
       22236
       22246
       22254
       22255
       22259
       22260
       22261
       22266
       22267
       22268
       22271
       22272
       22274
       22277
       22278
       22283
       22285
       22287
       22288
       22289
       22293
       22300
       22303
       22306
       22308
       22313
       22324
       22325
       22328
       22343
       22349
       22357
       22358
       22359
       22362
       22364
       22365
       22380
       22382
       22388
       22390
       22394
       22397
       22398
       22401
       22404
       22405
       22413
       22416
       22419
       22427
       22428
       22429
       22437
       22445
       22450
       22451
       22454
       22458
       22462
       22463
       22464
       22465
       22466
       22470
       22473
       22474
       22476
       22481
       22486
       22487
       22490
       22491
       22494
       22496
       22500
       22507
       22512
       22516
       22517
       22523
       22524
       22527
       22534
       22535
       22537
       22543
       22544
       22548
       22549
       22551
       22552
       22553
       22554
       22555
       22561
       22567
       22570
       22573
       22576
       22577
       22583
       22585
       22587
       22590
       22592
       22597
       22598
       22602
       22604
       22618
       22620
       22623
       22631
       22632
       22633
       22636
       22640
       22641
       22646
       22650
       22651
       22652
       22655
       22657
       22659
       22662
       22664
       22665
       22666
       22667
       22668
       22669
       22673
       22677
       22680
       22683
       22685
       22686
       22691
       22692
       22693
       22699
       22701
       22703
       22705
       22707
       22709
       22711
       22712
       22714
       22715
       22721
       22724
       22725
       22732
       22739
       22742
       22749
       22754
       22761
       22766
       22769
       22773
       22774
       22782
       22786
       22787
       22789
       22790
       22799
       22801
       22803
       22805
       22806
       22810
       22813
       22817
       22818
       22821
       22824
       22828
       22831
       22836
       22839
       22842
       22843
       22847
       22849
       22851
       22854
       22857
       22862
       22864
       22865
       22868
       22872
       22880
       22885
       22891
       22892
       22899
       22901
       22904
       22905
       22906
       22907
       22910
       22911
       22912
       22914
       22915
       22917
       22924
       22927
       22932
       22936
       22941
       22947
       22949
       22953
       22958
       22959
       22961
       22964
       22966
       22968
       22970
       22979
       22989
       22990
       22991
       22993
       22995
       22997
       23001
       23005
       23006
       23015
       23023
       23027
       23029
       23031
       23038
       23046
       23052
       23062
       23064
       23066
       23076
       23080
       23086
       23087
       23089
       23090
       23094
       23096
       23097
       23098
       23101
       23102
       23104
       23115
       23120
       23121
       23124
       23128
       23129
       23133
       23134
       23140
       23146
       23147
       23148
       23149
       23151
       23152
       23165
       23166
       23168
       23185
       23187
       23191
       23193
       23194
       23196
       23199
       23203
       23206
       23207
       23212
       23213
       23218
       23219
       23220
       23230
       23231
       23237
       23239
       23256
       23259
       23260
       23264
       23272
       23273
       23274
       23278
       23281
       23283
       23290
       23292
       23293
       23300
       23302
       23310
       23312
       23315
       23317
       23322
       23323
       23332
       23336
       23342
       23343
       23346
       23348
       23352
       23353
       23355
       23357
       23358
       23359
       23376
       23378
       23382
       23383
       23392
       23394
       23400
       23401
       23403
       23408
       23409
       23412
       23416
       23419
       23422
       23426
       23428
       23431
       23432
       23434
       23435
       23436
       23439
       23443
       23449
       23457
       23464
       23470
       23472
       23478
       23480
       23486
       23491
       23496
       23498
       23504
       23507
       23509
       23512
       23513
       23519
       23521
       23523
       23525
       23529
       23530
       23531
       23534
       23535
       23539
       23540
       23542
       23550
       23559
       23561
       23563
       23564
       23566
       23568
       23570
       23577
       23579
       23581
       23584
       23587
       23594
       23596
       23603
       23604
       23606
       23612
       23613
       23616
       23617
       23619
       23623
       23629
       23630
       23632
       23634
       23635
       23639
       23640
       23642
       23643
       23646
       23648
       23651
       23655
       23658
       23659
       23663
       23666
       23667
       23668
       23671
       23673
       23674
       23675
       23676
       23679
       23683
       23687
       23691
       23693
       23694
       23696
       23698
       23699
       23701
       23703
       23710
       23713
       23715
       23716
       23720
       23724
       23725
       23728
       23730
       23732
       23738
       23739
       23744
       23750
       23755
       23756
       23757
       23759
       23761
       23763
       23765
       23769
       23770
       23771
       23774
       23775
       23776
       23787
       23788
       23789
       23797
       23798
       23799
       23808
       23811
       23814
       23815
       23819
       23820
       23825
       23827
       23832
       23836
       23842
       23844
       23846
       23847
       23848
       23850
       23853
       23854
       23860
       23862
       23863
       23868
       23871
       23873
       23876
       23879
       23880
       23883
       23889
       23893
       23894
       23900
       23901
       23903
       23904
       23911
       23914
       23916
       23917
       23918
       23920
       23921
       23923
       23924
       23925
       23926
       23927
       23929
       23930
       23935
       23936
       23937
       23938
       23939
       23944
       23947
       23949
       23952
       23956
       23957
       23959
       23963
       23968
       23969
       23970
       23972
       23974
       23975
       23976
       23977
       23978
       23980
       23982
       23985
       23989
       23991
       23994
       23997
       24000
       24003
       24006
       24007
       24013
       24015
       24020
       24024
       24025
       24026
       24027
       24030
       24031
       24036
       24038
       24040
       24044
       24045
       24046
       24047
       24049
       24050
       24051
       24055
       24056
       24059
       24061
       24064
       24067
       24068
       24070
       24073
       24077
       24082
       24086
       24090
       24092
       24093
       24095
       24103
       24104
       24108
       24109
       24111
       24112
       24113
       24115
       24117
       24120
       24121
       24124
       24126
       24129
       24132
       24138
       24139
       24141
       24142
       24143
       24144
       24149
       24153
       24155
       24157
       24158
       24160
       24161
       24162
       24163
       24164
       24167
       24169
       24170
       24173
       24175
       24177
       24179
       24181
       24182
       24184
       24192
       24194
       24196
       24197
       24198
       24200
       24201
       24204
       24205
       24207
       24210
       24212
       24217
       24220
       24222
       24223
       24224
       24226
       24228
       24230
       24231
       24234
       24235
       24236
       24238
       24242
       24243
       24244
       24245
       24248
       24249
       24252
       24256
       24262
       24265
       24269
       24270
       24273
       24276
       24278
       24279
       24280
       24288
       24289
       24293
       24295
       24297
       24299
       24302
       24303
       24305
       24307
       24308
       24311
       24314
       24316
       24321
       24327
       24328
       24333
       24334
       24335
       24338
       24340
       24342
       24343
       24345
       24346
       24349
       24354
       24356
       24360
       24361
       24369
       24371
       24372
       24377
       24382
       24386
       24388
       24392
       24395
       24406
       24408
       24409
       24412
       24413
       24414
       24415
       24418
       24420
       24421
       24423
       24424
       24426
       24429
       24430
       24432
       24435
       24444
       24449
       24453
       24455
       24459
       24463
       24464
       24466
       24470
       24471
       24475
       24476
       24478
       24482
       24483
       24484
       24485
       24486
       24489
       24490
       24491
       24492
       24494
       24495
       24504
       24505
       24511
       24512
       24519
       24520
       24521
       24522
       24525
       24526
       24528
       24529
       24530
       24537
       24539
       24543
       24544
       24550
       24552
       24554
       24558
       24564
       24565
       24566
       24568
       24570
       24571
       24577
       24579
       24581
       24585
       24588
       24589
       24590
       24591
       24595
       24601
       24607
       24609
       24612
       24618
       24619
       24620
       24621
       24627
       24628
       24629
       24634
       24635
       24637
       24638
       24640
       24642
       24643
       24645
       24646
       24647
       24660
       24666
       24667
       24670
       24671
       24673
       24675
       24679
       24683
       24686
       24689
       24697
       24703
       24707
       24714
       24715
       24719
       24721
       24723
       24724
       24725
       24727
       24728
       24729
       24730
       24731
       24735
       24742
       24744
       24747
       24750
       24752
       24753
       24755
       24763
       24770
       24772
       24773
       24774
       24778
       24782
       24787
       24788
       24791
       24793
       24807
       24811
       24819
       24821
       24823
       24826
       24827
       24831
       24832
       24833
       24838
       24840
       24841
       24845
       24847
       24850
       24851
       24857
       24865
       24866
       24867
       24869
       24879
       24889
       24890
       24891
       24892
       24894
       24898
       24899
       24901
       24903
       24910
       24912
       24917
       24924
       24937
       24958
       24959
       24979
       24983
       24990
       24994
       24996
       24998
       24999
       25006
       25008
       25009
       25014
       25033
       25035
       25054
       25059
       25081
       25085
       25088
       25091
       25093
       25133
       25137
       25148
       25152
       25154
       25169
       25180
       25185
       25199
       25208
       25209
       25214
       25229
       25244
       25266
       25291
       25301
       25311
       25326
       25338
       25343
       25351
       25352
       25359
       25377
       25382
       25384
       25397
       25410
       25424
       25432
       25442
       25452
       25478
       25479
       25481
       25483
       25529
       25534
       25542
       25563
       25569
       25599
       25615
       25616
       25620
       25623
       25626
       25642
       25650
       25675
       25676
       25692
       25732
       25757
       25763
       25787
       25805
       25811
       25847
       25865
       25867
       25901
       25935
       25947
       25951
       25955
       25980
       25989
       26052
       26121
       26134
       26151
       26179
       26248
       26266
       26363
       26427
       26433
       26440
       26477
       26490
       26544
       26557
       26578
       26605
       26662
       26819
       26840
       26850
       26920
       27002
       27099
       27116
       27221
       27240
       27256
       27328
       27350
       27456
       27547
       27575
       27627
       27709
       27711
       27775
       27827
       27855
       27944
       28003
       28100
       28147
       28242
       28250
       28371
       28454
       28483
       28500
       28501
       28573
       28642
       28762
       28918
       28961
       28963
       29033
       29082
       29213
       29232
       29383
       29399
       29488
       29562
       29690
       29847
       29865
       29941
       30010
       30068
       30224
       30304
       30515
       30588
       30626
       30631
       30806
       30922
       31189
       31216
       31279
       31304
       31358
       31630
       31706
       31712
       31807
       31842
       31919
       32220
       32315
       32370
       32378
       32544
       32700
       33145
       33232
       33768
       33953
       34219
       34472
       34764
       35795
      -37089
      -38126
NNODG          31435        1437        1382
       -8640
       -9046
       -9047
       -9048
        9049
       -9050
       -9051
       -9445
        9446
        9447
        9448
        9449
        9450
       -9451
       -9452
       -9843
        9844
        9845
        9846
        9847
        9848
        9849
        9850
        9851
       -9852
       -9853
      -10174
      -10175
       10176
       10177
       10178
       10179
       10180
       10181
       10182
       10183
       10184
       10185
       10186
       10187
       10188
      -10458
      -10459
       10460
       10461
       10462
       10463
       10464
       10465
       10466
       10467
       10468
       10469
       10470
       10471
       10472
       10701
       10702
       10703
       10704
       10705
       10706
       10707
       10708
       10709
       10710
       10711
       10712
       10713
       10714
       10715
       10716
       10717
       10718
       10719
       10720
       10721
       10722
       10723
       10724
       10927
       10928
       10929
       10930
       10931
       10932
       10933
       10934
       10935
       10936
       10937
       10938
       10939
       10940
       10941
       10942
       10943
       10944
       10945
       10946
       10947
       10948
       11149
       11150
       11151
       11152
       11153
       11154
       11155
       11156
       11157
       11158
       11159
       11160
       11161
       11162
       11163
       11164
       11165
       11166
       11167
       11168
       11169
       11170
       11171
       11172
       11173
       11174
       11175
       11372
       11373
       11374
       11375
       11376
       11377
       11378
       11379
       11380
       11381
       11382
       11383
       11384
       11385
       11386
       11387
       11388
       11389
       11390
       11391
       11392
       11393
       11394
       11395
       11396
      -11397
      -11398
      -11399
       11596
       11597
       11598
       11599
       11600
       11601
       11602
       11603
       11604
       11605
       11606
       11607
       11608
       11609
       11610
       11611
       11612
       11613
       11614
       11615
       11616
       11617
       11618
       11619
       11620
       11621
       11622
       11623
       11624
      -11625
       11820
       11821
       11822
       11823
       11824
       11825
       11826
       11827
       11828
       11829
       11830
       11831
       11832
       11833
       11834
       11835
       11836
       11837
       11838
       11839
       11840
       11841
       11842
       11843
       11844
       11845
       11846
       11847
       11848
       11849
       11850
       11851
      -11852
      -12011
      -12012
      -12013
       12036
       12037
       12038
       12039
       12040
       12041
       12042
       12043
       12044
       12045
       12046
       12047
       12048
       12049
       12050
       12051
       12052
       12053
       12054
       12055
       12056
       12057
       12058
       12059
       12060
       12061
       12062
       12063
       12064
       12065
       12066
       12067
      -12068
      -12209
      -12210
      -12211
       12212
       12213
       12214
       12215
      -12216
       12237
       12238
       12239
       12240
       12241
       12242
       12243
       12244
       12245
       12246
       12247
       12248
       12249
       12250
       12251
       12252
       12253
       12254
       12255
       12256
       12257
       12258
       12259
       12260
       12261
       12262
       12263
       12264
       12265
       12266
       12267
       12268
       12269
       12270
      -12271
      -12421
       12422
       12423
       12424
       12425
       12426
       12427
       12428
       12429
      -12430
      -12433
       12448
       12449
       12450
       12451
       12452
       12453
       12454
       12455
       12456
       12457
       12458
       12459
       12460
       12461
       12462
       12463
       12464
       12465
       12466
       12467
       12468
       12469
       12470
       12471
       12472
       12473
       12474
       12475
       12476
       12477
       12478
      -12479
      -12480
      -12636
       12637
       12638
       12639
       12640
       12641
       12642
       12643
       12644
       12645
       12646
       12647
       12648
      -12651
       12652
       12663
       12664
       12665
       12666
       12667
       12668
       12669
       12670
       12671
       12672
       12673
       12674
       12675
       12676
       12677
       12678
       12679
       12680
       12681
       12682
       12683
       12684
       12685
       12686
       12687
       12688
       12689
       12690
       12691
       12692
       12693
       12694
       12695
       12696
       12697
      -12698
      -12875
       12876
       12877
       12878
       12879
       12880
       12881
       12882
       12883
       12884
       12885
       12886
       12887
       12888
       12889
       12890
       12897
       12898
       12899
       12900
       12901
       12902
       12903
       12904
       12905
       12906
       12907
       12908
       12909
       12910
       12911
       12912
       12913
       12914
       12915
       12916
       12917
       12918
       12919
       12920
       12921
       12922
       12923
       12924
       12925
       12926
       12927
       12928
       12929
       12930
       12931
       12932
       12933
       12934
       12935
       12936
       12937
       12938
       12939
       12940
      -12941
       13118
       13119
       13120
       13121
       13122
       13123
       13124
       13125
       13126
       13127
       13128
       13129
       13130
       13131
       13132
       13133
       13134
       13135
       13136
       13137
       13138
       13140
       13141
       13142
       13143
       13144
       13145
       13146
       13147
       13148
       13149
       13150
       13151
       13152
       13153
       13154
       13155
       13156
       13157
       13158
       13159
       13160
       13161
       13162
       13163
       13164
       13165
       13166
       13167
       13168
       13169
       13170
       13171
       13172
       13173
       13174
       13175
       13176
       13177
       13178
       13179
       13180
       13181
       13182
       13183
       13184
       13185
      -13186
       13383
       13384
       13385
       13386
       13387
       13388
       13389
       13390
       13391
       13392
       13393
       13394
       13395
       13396
       13397
       13398
       13399
       13400
       13401
       13402
       13403
       13404
       13405
       13406
       13407
       13408
       13409
       13410
       13411
       13412
       13413
       13414
       13415
       13416
       13417
       13418
       13419
       13420
       13421
       13422
       13423
       13424
       13425
       13426
       13427
       13428
       13429
       13430
       13431
       13432
       13433
       13434
       13435
       13436
       13437
       13438
       13439
       13440
       13441
       13442
       13443
       13444
       13445
       13446
       13447
       13448
       13449
       13450
       13451
       13452
       13453
       13454
       13455
      -13456
       13668
       13669
       13670
       13671
       13672
       13673
       13674
       13675
       13676
       13677
       13678
       13679
       13680
       13681
       13682
       13683
       13684
       13685
       13686
       13687
       13688
       13689
       13690
       13691
       13692
       13693
       13694
       13695
       13696
       13697
       13698
       13699
       13700
       13701
       13702
       13703
       13704
       13705
       13706
       13707
       13708
       13709
       13710
       13711
       13712
       13713
       13714
       13715
       13716
       13717
       13718
       13719
       13720
       13721
       13722
       13723
       13724
       13725
       13726
       13727
       13728
       13729
       13730
       13731
       13732
       13733
       13734
       13735
       13736
       13737
       13738
       13739
       13740
       13741
       13742
       13743
       13744
       13745
       13746
       13747
       13748
       13749
      -13750
       13977
       13978
       13979
       13980
       13981
       13982
       13983
       13984
       13985
       13986
       13987
       13988
       13989
       13990
       13991
       13992
       13993
       13994
       13995
       13996
       13997
       13998
       13999
       14000
       14001
       14002
       14003
       14004
       14005
       14006
       14007
       14008
       14009
       14010
       14011
       14012
       14013
       14014
       14015
       14016
       14017
       14018
       14019
       14020
       14021
       14022
       14023
       14024
       14025
       14026
       14027
       14028
       14029
       14030
       14031
       14032
       14033
       14034
       14035
       14036
       14037
       14038
       14039
       14040
       14041
       14042
       14043
       14044
       14045
       14046
       14047
       14048
       14049
       14050
       14051
       14052
       14053
       14054
       14055
       14056
       14057
       14058
       14059
       14060
       14061
      -14097
       14312
       14313
       14314
       14315
       14316
       14317
       14318
       14319
       14320
       14321
       14322
       14323
       14324
       14325
       14326
       14327
       14328
       14329
       14330
       14331
       14332
       14333
       14334
       14335
       14336
       14337
       14338
       14339
       14340
       14341
       14342
       14343
       14344
       14345
       14346
       14347
       14348
       14349
       14350
       14351
       14352
       14353
       14354
       14355
       14356
       14357
       14358
       14359
       14360
       14361
       14362
       14363
       14364
       14365
       14366
       14367
       14368
       14369
       14370
       14371
       14372
       14373
       14374
       14375
       14376
       14377
       14378
       14379
       14380
       14381
       14382
       14383
       14384
       14385
       14386
       14387
       14388
       14389
       14390
       14391
      -14422
      -14423
       14424
      -14425
       14692
       14693
       14694
       14695
       14696
       14697
       14698
       14699
       14700
       14701
       14702
       14703
       14704
       14705
       14706
       14707
       14708
       14709
       14710
       14711
       14712
       14713
       14714
       14715
       14716
       14717
       14718
       14719
       14720
       14721
       14722
       14723
       14724
       14725
       14726
       14727
       14728
       14729
       14730
       14731
       14732
       14733
       14734
       14735
       14736
       14737
       14738
       14739
       14740
       14741
       14742
      -14743
      -14744
      -14745
      -14746
       14747
      -14748
       14749
       14750
       14751
       14752
       14753
       14754
       14755
       14756
       14757
       14758
       14759
       14760
       14761
       14762
       14763
       14764
       14765
       14766
       14767
       14768
       14769
       14770
       14771
       14772
       14773
       14774
       14775
       14776
      -14798
      -14799
       14800
       14801
       14802
       14803
      -14804
      -14805
      -14807
       15096
       15097
       15098
       15099
       15100
       15101
       15102
       15103
       15104
       15105
       15106
       15107
       15108
       15109
       15110
       15111
       15112
       15113
       15114
       15115
       15116
       15117
       15118
       15119
       15120
       15121
       15122
       15123
       15124
       15125
       15126
       15127
       15128
       15129
       15130
       15131
       15132
       15133
       15134
       15135
       15136
       15137
       15138
       15139
       15140
       15141
       15142
       15143
       15144
       15145
       15146
       15147
       15148
       15149
       15150
      -15151
      -15152
       15161
      -15162
       15165
       15166
       15167
       15168
       15169
       15170
       15171
       15172
       15173
       15174
       15175
       15176
       15177
       15178
       15179
       15180
       15181
       15182
       15183
       15184
       15185
       15186
       15187
       15188
       15189
       15190
       15191
       15192
       15193
       15194
       15195
       15196
       15197
       15198
      -15199
      -15200
      -15201
      -15202
      -15211
       15212
       15213
       15214
       15215
       15216
       15217
       15218
       15219
       15220
      -15222
       15522
       15523
       15524
       15525
       15526
       15527
       15528
       15529
       15530
       15531
       15532
       15533
       15534
       15535
       15536
       15537
       15538
       15539
       15540
       15541
       15542
       15543
       15544
       15545
       15546
       15547
       15548
       15549
       15550
       15551
       15552
       15553
       15554
       15555
       15556
       15557
       15558
       15559
       15560
       15561
       15562
       15563
       15564
       15565
       15566
       15567
       15568
       15569
       15570
       15571
       15572
       15573
      -15574
      -15589
       15593
       15594
       15595
       15596
       15597
       15598
       15599
       15600
       15601
       15602
       15603
       15604
       15605
       15606
       15607
       15608
       15609
       15610
       15611
       15612
       15613
       15614
       15615
       15616
       15617
       15618
       15619
       15620
       15621
       15622
       15623
       15624
       15625
       15626
       15627
       15628
       15629
       15630
       15631
       15632
       15633
       15634
       15635
       15636
      -15638
       15919
       15920
       15921
       15922
       15923
       15924
       15925
       15926
       15927
       15928
       15929
       15930
       15931
       15932
       15933
       15934
       15935
       15936
       15937
       15938
       15939
      -15940
       15941
       15942
       15943
       15944
       15945
       15946
       15947
       15948
       15949
       15950
       15951
       15952
       15953
       15954
       15955
       15956
       15957
       15958
       15959
       15960
       15961
       15962
       15963
       15964
       15965
      -15986
      -15987
      -15989
      -15990
      -15991
       15992
      -15993
       15994
       15995
       15996
       15997
       15998
       15999
       16000
       16001
       16002
       16003
       16004
       16005
       16006
       16007
       16008
       16009
       16010
       16011
       16012
       16013
       16014
       16015
       16016
       16017
       16018
       16019
       16020
       16021
       16022
       16023
       16024
       16025
       16026
       16027
       16028
       16029
       16030
       16031
       16032
       16033
       16034
      -16035
       16285
       16286
       16287
       16288
       16289
       16290
       16291
       16292
       16293
       16294
       16295
       16296
       16297
       16298
       16299
       16300
      -16301
      -16302
      -16303
      -16304
      -16305
      -16306
      -16307
      -16309
       16310
       16311
       16312
       16313
       16314
       16315
       16316
       16317
       16318
       16319
       16320
       16321
       16322
       16323
       16324
       16325
      -16346
       16347
       16348
       16349
       16350
       16351
       16352
       16353
       16354
       16355
       16356
       16357
       16358
       16359
       16360
       16361
       16362
       16363
       16364
       16365
       16366
       16367
       16368
       16369
       16370
       16371
       16372
      -16373
      -16374
      -16375
      -16376
      -16377
      -16378
      -16379
       16607
       16608
       16609
       16610
       16611
       16612
       16613
       16614
       16615
       16616
      -16627
       16629
       16630
       16631
       16632
      -16654
      -16655
       16656
       16657
       16658
       16659
       16660
       16661
      -16662
      -16663
      -16664
      -16665
       16869
       16870
       16871
       16872
       16873
       16874
       16875
       16876
      -16890
       16892
      -16893
      -16919
       17106
       17107
       17108
       17109
       17110
       17111
       17112
       17113
      -17127
       17318
       17319
       17320
       17321
       17322
       17323
       17324
       17521
       17522
       17523
       17524
       17722
       17723
NFLUXF             0
NETA             103          37           0
NSTAE              0           0           0
NSTAV              0           0           0
NSTAM              0           0           0
NSTAC              0           0           0
RES NODE          18        1278
                   5           9          10          11          12          13
                  17          18          19          20          21          22
                  23          24          29          30          31          32
                  33          34          35          36          37          38
                  39          40          41          44          45          46
                  47          48          49          50          51          52
                  53          54          55          56          57          58
                  59          60          61          62          63          64
                  65          66          67          68          69          70
                  71          72          73          74          75          76
                  77          78          79          80          81          82
                  83          84          85          86          87          88
                  89          90          91          92          93          94
                  95          96          97          98          99         100
                 101         102         103         104         105         106
                 107         108         109         110         111         112
                 113         114         115         116         117         118
                 119         120         121         122         123         124
                 125         126         127         128         129         130
                 131         132         133         134         135         136
                 137         138         139         140         141         142
                 143         144         145         146         147         148
                 149         150         151         152         153         154
                 158         159         160         161         162         163
                 164         165         166         167         168         169
                 170         171         172         173         174         175
                 176         177         178         179         180         181
                 182         183         184         185         186         188
                 189         190         191         192         193         194
                 195         196         197         198         199         200
                 201         202         203         204         205         206
                 207         208         209         210         211         212
                 213         214         215         216         217         218
                 219         224         225         226         227         228
                 229         230         231         232         233         234
                 235         236         237         238         239         240
                 241         242         243         244         245         246
                 247         248         249         250         251         252
                 253         254         255         260         261         262
                 263         265         266         267         268         269
                 270         271         272         273         274         275
                 276         277         278         279         280         281
                 282         283         284         285         286         287
                 288         289         290         291         292         293
                 294         295         296         297         298         301
                 302         303         304         305         306         307
                 308         311         312         313         314         315
                 316         317         318         319         320         321
                 322         323         324         325         326         327
                 328         329         330         331         332         333
                 334         335         336         337         338         339
                 340         341         345         346         347         348
                 349         350         351         352         353         354
                 355         356         358         359         360         361
                 362         363         364         365         366         367
                 368         369         370         371         372         373
                 374         375         376         377         378         379
                 380         381         382         383         384         385
                 386         387         388         389         390         391
                 392         393         396         397         398         399
                 400         401         402         403         404         405
                 406         407         408         409         410         411
                 412         413         414         415         416         417
                 418         419         420         421         422         423
                 424         425         426         427         428         429
                 430         431         432         433         434         435
                 436         437         438         439         440         441
                 442         443         444         445         446         447
                 448         449         450         451         452         453
                 454         456         457         458         459         460
                 461         462         463         464         465         466
                 467         468         469         470         471         472
                 473         474         475         476         477         478
                 479         480         481         482         483         484
                 485         486         487         488         489         490
                 491         492         493         494         495         496
                 497         498         499         500         501         502
                 503         504         505         506         507         508
                 509         510         511         512         513         514
                 515         516         517         518         519         520
                 521         522         524         525         526         527
                 528         529         530         531         532         533
                 534         535         536         537         538         539
                 540         541         542         543         544         545
                 546         547         548         549         550         551
                 552         553         554         555         556         557
                 558         559         560         561         562         563
                 564         565         566         567         568         569
                 570         571         572         573         574         575
                 576         577         578         579         580         581
                 582         583         584         585         586         587
                 588         589         590         591         592         593
                 594         595         596         598         599         600
                 601         602         603         604         605         606
                 607         608         609         610         611         612
                 613         614         615         616         617         618
                 619         620         621         622         623         624
                 625         626         627         628         629         630
                 631         632         633         634         635         636
                 637         638         639         640         641         642
                 643         644         645         646         647         648
                 649         650         651         652         653         654
                 655         656         657         658         659         660
                 661         662         663         664         665         666
                 667         668         669         670         671         672
                 673         674         675         676         677         678
                 679         681         682         683         684         685
                 686         687         688         689         690         691
                 692         693         694         695         696         697
                 698         699         700         701         702         703
                 704         705         706         707         708         709
                 710         711         712         713         714         715
                 716         717         718         719         720         721
                 722         723         724         725         726         727
                 728         729         730         731         732         733
                 734         735         736         737         738         739
                 740         741         742         743         744         745
                 746         747         748         749         750         751
                 752         753         754         755         756         757
                 758         759         760         761         762         763
                 764         765         767         768         769         770
                 771         772         773         774         775         776
                 777         778         779         780         781         782
                 783         784         785         786         787         788
                 789         790         791         792         793         794
                 795         796         797         798         799         800
                 801         802         803         804         805         806
                 807         808         809         810         811         812
                 813         814         815         816         817         818
                 819         820         821         822         823         824
                 825         826         827         828         829         830
                 831         832         833         834         835         836
                 837         838         839         840         841         842
                 843         844         845         846         849         851
                 852         853         854         855         856         857
                 858         859         860         861         862         863
                 864         865         866         867         868         869
                 870         871         872         873         874         875
                 876         877         878         879         880         881
                 882         883         884         885         886         887
                 888         889         890         891         892         893
                 894         895         896         897         898         899
                 900         901         906         908         909         910
                 911         912         913         914         915         916
                 917         918         919         920         921         922
                 923         924         925         926         927         928
                 929         930         931         932         933         934
                 935         938         939         940         941         945
                 946         947         948         949         950         951
                 952         953         954         955         956         957
                 958         959         960         961         962         963
                 964         965         966         967         968         969
                 970         971         972         973         974         975
                 976         977         978         979         980         981
                 982         983         984         985         986         987
                 988         989         990         991         992         993
                 994         995         996         997         998         999
                1002        1004        1005        1006        1007        1008
                1009        1010        1011        1012        1013        1014
                1015        1016        1017        1018        1019        1020
                1021        1022        1023        1024        1025        1026
                1027        1028        1029        1030        1031        1032
                1033        1034        1035        1036        1037        1043
                1044        1045        1046        1047        1048        1049
                1050        1051        1053        1054        1055        1056
                1057        1058        1059        1060        1061        1062
                1063        1064        1065        1066        1067        1068
                1069        1070        1071        1072        1073        1074
                1075        1076        1077        1078        1079        1080
                1081        1082        1083        1084        1085        1086
                1087        1088        1089        1090        1091        1092
                1093        1094        1095        1096        1097        1098
                1099        1100        1101        1102        1103        1104
                1107        1108        1109        1110        1111        1112
                1113        1114        1115        1116        1117        1118
                1119        1120        1121        1122        1123        1124
                1125        1126        1127        1128        1129        1130
                1131        1132        1133        1134        1135        1136
                1137        1138        1139        1140        1141        1142
                1143        1144        1145        1146        1147        1148
                1149        1150        1152        1153        1154        1155
                1156        1157        1158        1159        1160        1161
                1162        1163        1164        1165        1166        1167
                1168        1169        1170        1171        1172        1174
                1175        1176        1177        1178        1179        1180
                1181        1182        1183        1184        1185        1186
                1187        1188        1189        1190        1191        1192
                1193        1194        1195        1196        1197        1198
                1204        1206        1207        1208        1209        1210
                1211        1212        1213        1214        1215        1216
                1217        1218        1219        1220        1221        1222
                1223        1224        1225        1226        1227        1228
                1229        1230        1231        1232        1233        1234
                1235        1236        1237        1238        1239        1240
                1241        1242        1243        1244        1245        1246
                1248        1249        1250        1251        1252        1253
                1254        1255        1256        1257        1258        1259
                1260        1261        1262        1263        1272        1273
                1274        1275        1276        1277        1278        1279
                1280        1281        1282        1283        1284        1285
                1286        1287        1289        1290        1291        1292
                1293        1294        1295        1296        1297        1298
                1299        1300        1301        1302        1303        1304
                1305        1306        1307        1308        1309        1310
                1311        1312        1313        1314        1322        1323
                1324        1325        1326        1327        1328        1329
                1330        1331        1333        1334        1335        1336
                1339        1340        1341        1342        1343        1344
                1349        1350        1351        1352        1353        1354
                1355        1356        1358        1361        1362        1363
                1364        1365        1366        1367        1368        1370
                1371        1372        1373        1374        1375        1376
                1377        1378        1379        1380        1381        1382
COMM PE            4
RECV PE           10          13
                 221         222         223         257         258         259
                 264         300         309         310         344         357
                 395
RECV PE           12           1
                1321
RECV PE           19          43
                 902         903         904         905         907        1000
                1001        1003        1105        1106        1173        1199
                1200        1201        1202        1203        1205        1264
                1265        1266        1267        1268        1269        1270
                1271        1288        1315        1316        1317        1318
                1319        1320        1332        1337        1338        1345
                1346        1347        1348        1357        1359        1360
                1369
RECV PE           23          47
                   1           2           3           4           6           7
                   8          14          15          16          25          26
                  27          28          42          43         155         156
                 157         187         220         256         299         342
                 343         394         455         523         597         680
                 766         847         848         850         936         937
                 942         943         944        1038        1039        1040
                1041        1042        1052        1151        1247
SEND PE           10          13
                 260         261         262         263         301         302
                 303         308         345         355         358         396
                 456
SEND PE           12           1
                1246
SEND PE           19          39
                 819         820         821         900         901         906
                 998         999        1002        1074        1107        1111
                1112        1113        1168        1169        1170        1171
                1172        1174        1204        1206        1242        1243
                1244        1245        1246        1272        1273        1289
                1290        1311        1312        1313        1314        1333
                1336        1339        1358
SEND PE           23          45
                   5           9          10          13          17          22
                  23          24          29          30          41          44
                  45          57          58         128         129         153
                 154         186         219         255         298         341
                 392         393         454         522         596         679
                 765         849         938         939         941        1043
                1044        1050        1051        1136        1137        1138
                1139        1150        1246
