FileFmt      1050624           0           0
NELG           58369        2590        2469
      -21868
      -21960
       22027
      -22062
       22066
      -22132
       22136
       22178
      -22204
       22222
       22228
      -22246
       22257
       22263
       22273
       22302
      -22306
      -22314
       22317
       22334
       22342
       22350
       22353
       22360
       22392
      -22395
      -22404
       22410
       22417
      -22424
       22426
       22441
       22443
       22444
       22467
       22472
       22483
      -22500
      -22510
       22511
       22514
       22520
       22531
       22532
       22533
       22536
       22556
      -22573
       22582
       22591
      -22598
       22605
       22606
      -22616
       22622
       22629
       22648
       22649
       22653
       22660
      -22666
       22672
       22696
       22720
      -22725
       22726
       22734
      -22745
       22748
       22755
       22771
      -22776
       22797
       22800
      -22801
       22822
       22825
       22858
       22859
      -22873
       22883
       22895
      -22899
       22908
       22918
       22921
       22963
      -22964
      -22983
       23007
       23010
       23042
       23057
       23095
      -23129
      -23132
      -23153
       23154
       23162
       23188
       23262
       23265
      -23322
       23345
       23351
      -23358
       23374
      -23389
       23462
       23479
       23493
       23495
      -23496
       23547
      -23585
       23626
       23656
       23665
      -23668
       23711
       23721
       23766
       23767
      -23769
      -23772
      -23776
       23778
       23794
       23861
       23882
       23906
       23913
      -23935
      -23962
       23965
       23966
       23986
       23995
       24010
      -24038
       24042
       24088
       24094
       24101
       24105
      -24121
       24125
      -24134
      -24135
       24145
      -24198
       24199
       24202
       24216
       24218
       24229
       24241
      -24245
      -24271
       24296
       24304
       24309
       24332
       24336
       24337
      -24342
       24350
       24353
       24368
       24404
       24407
       24411
       24436
       24437
       24442
      -24450
       24451
       24461
       24480
       24496
       24508
       24513
       24515
       24535
       24547
       24548
       24556
      -24559
       24569
      -24573
       24580
       24582
       24598
       24605
       24615
       24617
       24626
       24639
       24649
       24657
       24661
       24669
       24681
       24694
       24696
       24711
      -24715
      -24717
       24718
      -24731
       24736
       24739
      -24742
       24745
      -24750
      -24752
      -24753
       24756
       24761
       24767
      -24770
      -24772
      -24774
       24779
      -24791
       24796
       24800
       24805
      -24807
       24808
       24809
      -24826
      -24827
      -24833
       24834
      -24838
      -24845
      -24851
       24855
       24856
      -24858
       24860
      -24869
       24877
      -24879
       24881
       24885
       24888
      -24891
      -24892
      -24894
       24905
       24909
      -24912
       24915
      -24917
       24921
       24922
       24927
       24933
      -24937
       24939
       24954
       24961
       24962
       24970
       24971
      -24972
       24975
       24977
       24980
       24987
       24988
       24989
      -24990
      -24991
       24993
      -24998
      -25009
       25016
       25024
       25025
       25026
       25030
       25034
       25036
       25038
       25041
       25042
       25046
       25055
       25056
       25061
       25063
       25064
       25070
       25071
      -25078
       25079
       25084
       25087
       25090
       25100
       25103
       25104
       25105
       25106
       25107
       25108
       25109
       25118
       25119
       25120
       25122
       25126
       25129
       25134
       25135
       25140
       25142
       25144
       25147
       25149
       25153
       25155
       25157
       25162
       25165
       25179
       25183
       25186
       25188
       25190
       25193
       25196
       25197
       25204
       25211
       25217
       25218
       25222
       25226
       25227
       25234
      -25235
       25236
       25238
       25241
       25242
       25246
       25249
       25251
      -25252
       25254
       25258
       25260
       25262
       25267
       25269
       25272
       25274
       25283
       25285
       25290
       25292
       25295
       25297
       25307
       25310
       25316
       25317
       25318
       25324
       25325
       25328
       25332
       25333
       25335
       25337
       25342
       25348
       25349
       25350
       25353
      -25354
       25356
       25363
       25364
       25366
       25375
       25376
       25381
       25386
       25390
       25391
       25392
       25400
       25406
       25411
       25412
       25416
       25418
       25421
       25422
       25423
       25429
       25431
       25444
       25445
       25450
       25453
       25455
       25457
       25458
       25461
       25464
       25467
       25469
       25476
       25480
       25486
       25490
       25497
       25502
       25503
       25508
       25510
       25513
       25514
       25517
       25520
       25522
       25523
       25528
       25530
       25535
      -25538
       25539
       25543
       25553
       25561
       25572
       25576
       25580
       25581
       25582
      -25587
       25588
       25591
       25594
       25595
       25596
       25600
       25605
       25609
       25610
       25611
       25612
       25614
       25621
       25624
       25627
       25628
       25629
       25635
       25641
       25645
       25646
       25658
       25660
       25663
       25666
       25667
       25669
      -25675
      -25680
       25684
       25688
       25691
      -25695
      -25705
       25706
       25709
       25711
       25712
       25713
       25716
       25717
       25720
       25722
       25724
       25727
       25731
       25740
       25742
       25743
       25747
       25749
       25751
       25754
       25755
       25756
      -25757
       25761
       25762
       25764
       25768
       25771
      -25774
       25775
       25777
       25778
       25779
       25781
       25786
       25788
       25789
       25794
       25795
       25802
       25808
       25809
       25810
       25813
       25818
       25819
       25827
       25829
       25832
       25834
       25835
       25839
       25842
       25845
       25846
       25848
      -25851
       25855
       25857
       25861
      -25865
       25871
       25878
       25883
       25885
       25887
       25888
       25889
       25891
       25892
       25893
       25896
       25898
       25899
       25902
       25906
       25913
       25917
       25920
       25922
       25923
       25924
       25926
       25927
       25928
       25929
       25930
      -25933
       25937
       25939
       25941
       25948
      -25951
       25953
       25959
       25961
       25962
       25966
       25967
       25970
       25971
       25974
       25981
       25982
       25983
      -25986
       25990
       25993
       25994
       25995
       25996
       26000
       26002
       26005
       26006
       26007
      -26013
       26014
       26015
       26018
       26020
       26022
       26024
       26027
       26028
       26030
       26031
       26032
       26036
       26041
       26042
       26044
       26048
      -26053
       26055
       26061
       26062
       26064
       26065
       26066
       26067
       26068
       26069
       26072
       26079
       26080
       26082
       26085
       26087
       26090
       26092
       26094
       26095
       26099
       26100
       26105
       26108
       26109
       26114
       26118
       26119
       26123
       26126
       26127
       26128
       26131
       26137
       26140
      -26141
       26143
       26144
       26147
       26148
       26152
       26154
       26156
       26157
       26158
       26159
       26160
       26161
       26162
       26163
       26174
       26176
       26177
       26178
      -26179
       26180
       26182
       26184
       26186
       26187
       26191
       26194
       26195
       26196
       26197
       26198
       26199
       26203
       26204
       26208
       26211
       26215
       26219
       26220
      -26221
       26222
       26227
       26228
       26229
       26230
       26231
       26234
       26238
       26239
       26240
       26243
       26245
       26246
       26247
       26250
       26251
       26257
       26258
       26259
       26265
      -26266
       26268
       26269
       26270
       26271
       26272
      -26276
       26277
       26279
       26281
       26284
       26290
       26292
       26293
       26295
       26296
       26302
       26305
       26313
       26315
       26316
       26317
       26318
       26319
       26320
       26325
       26327
       26329
       26330
       26332
       26334
       26335
       26336
       26337
       26339
       26340
       26342
       26345
       26347
       26358
       26359
       26360
       26361
       26362
       26367
       26368
       26369
       26370
      -26371
       26373
       26377
       26378
       26380
       26382
       26385
       26386
      -26387
       26388
       26390
       26393
       26401
       26402
       26403
       26406
       26407
       26409
       26412
       26414
       26416
       26420
       26422
       26423
       26425
       26428
       26430
       26431
      -26433
       26437
       26438
       26443
       26446
       26447
       26448
       26449
       26450
       26454
       26456
       26457
       26459
       26460
       26461
       26463
       26468
       26469
       26471
       26479
       26481
       26483
       26484
       26486
       26489
       26492
       26494
       26496
       26497
       26498
       26499
       26501
       26502
       26505
       26506
       26511
       26512
       26513
       26514
       26519
       26520
       26522
       26525
       26527
       26529
       26530
       26532
       26533
       26535
       26536
       26538
       26543
       26546
       26548
       26549
       26552
       26553
       26554
       26555
       26556
      -26557
       26558
       26560
       26561
       26562
       26563
       26568
       26570
       26571
       26572
       26575
       26576
       26577
       26579
       26582
       26585
       26590
       26593
       26595
       26596
       26597
       26599
       26602
       26603
       26607
       26608
       26610
       26612
       26614
       26617
       26620
       26622
       26624
       26625
       26626
       26630
       26631
       26633
       26639
       26640
       26641
       26644
       26647
       26650
       26651
       26653
       26655
       26656
       26663
       26664
       26665
       26666
       26667
       26672
       26673
       26675
       26677
       26678
       26680
       26682
       26683
       26686
       26688
       26693
       26694
       26695
       26696
       26698
       26699
       26701
       26702
       26705
       26707
       26710
       26712
       26714
       26716
       26718
       26720
       26721
       26723
       26726
       26728
       26730
       26731
       26733
       26734
       26738
       26740
       26744
       26745
       26748
       26750
       26751
       26752
       26753
       26754
       26757
       26761
       26763
       26765
       26766
       26770
       26774
       26775
       26777
       26779
       26781
       26787
       26788
       26790
       26792
       26794
       26797
       26800
       26801
       26803
       26805
       26814
       26815
       26820
       26823
       26824
       26827
       26828
       26829
       26830
       26832
       26833
       26836
       26837
       26838
       26842
       26843
       26845
       26846
       26848
       26851
       26852
       26853
       26854
       26855
       26858
       26859
       26862
       26863
       26865
       26866
       26869
       26870
       26874
       26876
       26878
       26879
       26881
       26883
       26886
       26887
       26888
       26891
       26892
       26894
       26895
       26898
       26899
       26903
       26904
       26905
       26906
       26907
       26908
       26910
       26911
       26914
      -26920
       26921
       26922
       26924
       26925
       26926
       26927
       26929
       26931
       26937
       26939
       26944
       26945
       26946
       26947
       26948
       26950
       26951
       26952
       26953
       26955
       26956
       26957
       26962
       26963
       26964
       26966
       26970
       26971
       26974
       26975
       26979
       26980
       26982
       26983
       26986
       26989
       26990
       26991
       26994
       26995
       26996
       26997
       26998
       26999
       27001
       27004
       27005
       27006
       27008
       27011
       27012
       27013
       27015
       27018
       27020
       27021
       27023
       27026
       27027
       27032
       27033
       27034
       27036
       27040
       27041
       27042
       27044
       27045
       27047
       27049
       27051
       27052
       27053
       27054
       27057
       27060
       27061
       27062
       27063
       27066
       27068
       27069
       27070
       27071
       27072
       27073
       27074
       27075
       27081
       27083
       27084
       27085
       27088
       27090
       27091
       27092
       27095
       27096
       27097
      -27099
       27100
       27102
       27104
       27105
       27106
       27107
       27108
       27113
       27114
       27117
       27118
       27119
       27122
       27123
       27124
       27126
       27127
       27128
       27131
       27132
       27135
       27137
       27139
       27140
       27141
       27142
       27144
       27150
       27152
       27153
       27154
       27155
       27158
       27161
       27162
       27163
       27165
       27168
       27171
       27172
       27173
       27174
       27175
       27176
       27177
       27178
       27179
       27180
       27182
       27183
       27185
       27186
       27189
       27191
       27192
       27193
       27194
       27195
       27196
       27197
       27198
       27200
       27203
       27204
       27206
       27209
       27216
       27217
       27218
       27219
       27220
       27222
       27223
       27224
       27226
       27229
       27231
       27232
       27233
       27234
       27235
       27236
       27237
      -27240
       27241
       27245
       27246
       27247
       27249
       27250
       27253
       27254
       27255
       27257
       27259
       27261
       27262
       27265
       27266
       27270
       27271
       27272
       27273
       27276
       27281
       27282
       27283
       27286
       27287
       27292
       27293
       27295
       27296
       27298
       27299
       27302
       27303
       27304
       27305
       27306
       27307
       27308
       27309
       27310
       27312
       27314
       27316
       27317
       27318
       27319
       27320
       27322
       27323
       27324
       27325
       27326
       27327
       27329
       27332
       27334
       27337
       27339
       27341
       27345
       27346
       27347
       27351
       27352
       27353
       27354
       27355
       27357
       27359
       27360
       27361
       27363
       27366
       27367
       27370
       27371
       27372
       27374
       27375
       27376
       27379
       27383
       27384
       27386
       27387
       27388
       27390
       27391
       27393
       27396
       27397
       27398
       27401
       27402
       27403
       27406
       27407
       27408
       27409
       27410
       27411
       27413
       27414
       27415
       27419
       27421
       27422
       27424
       27425
       27426
       27428
       27429
       27430
       27436
       27439
       27440
       27441
       27443
       27449
       27450
       27451
       27455
       27457
       27458
       27459
       27460
       27461
       27462
       27463
       27464
       27465
       27467
       27469
       27471
       27473
       27475
       27478
       27479
       27480
       27481
       27484
       27485
       27486
       27487
       27490
       27491
       27493
       27494
       27496
       27498
       27499
       27500
       27501
       27502
       27505
       27508
       27509
       27513
       27516
       27519
       27521
       27523
       27525
       27526
       27528
       27529
       27531
       27532
       27533
       27535
       27536
       27537
       27538
       27539
       27541
       27543
      -27547
       27548
       27549
       27553
       27555
       27556
       27557
       27559
       27560
       27561
       27563
       27564
       27565
       27566
       27568
       27571
       27572
       27573
       27574
       27580
       27584
       27585
       27586
       27588
       27592
       27594
       27597
       27601
       27602
       27604
       27607
       27608
       27609
       27610
       27612
       27614
       27615
       27616
       27618
       27621
       27624
       27625
       27629
       27630
       27636
       27642
       27645
       27646
       27647
       27649
       27650
       27651
       27656
       27657
       27659
       27660
       27663
       27665
       27667
       27669
       27672
       27674
       27675
       27676
       27677
       27680
       27681
       27682
       27683
       27684
       27685
       27686
       27687
       27691
       27692
       27696
       27697
       27699
       27701
       27702
       27705
       27708
       27710
       27713
       27714
       27720
       27723
       27725
       27729
       27734
       27735
       27740
       27742
       27743
       27746
       27750
       27754
       27755
       27756
       27757
       27759
       27760
       27761
       27762
       27763
       27768
       27773
       27774
       27777
       27778
       27780
       27783
       27785
       27786
       27788
       27791
       27792
       27795
       27796
       27798
       27803
       27810
       27814
       27817
       27821
       27823
       27826
       27830
       27832
       27833
       27834
       27835
       27841
       27844
       27848
       27849
       27850
       27852
      -27855
       27860
       27862
       27863
       27864
       27865
       27866
       27869
       27871
       27872
       27873
       27877
       27878
       27881
       27886
       27888
       27891
       27894
       27897
       27898
       27899
       27901
       27902
       27903
       27904
       27907
       27910
       27912
       27914
       27915
       27918
       27920
       27921
       27922
       27925
       27932
       27933
       27934
       27939
       27941
       27947
       27949
       27951
       27953
       27954
       27956
       27958
       27959
       27960
       27966
       27972
       27974
       27978
       27983
       27984
       27985
       27986
       27987
       27989
       27992
       27993
       27994
       27998
       28001
       28002
       28004
       28006
       28009
       28010
       28011
       28015
       28016
       28018
       28019
       28022
       28024
       28028
       28029
       28032
       28036
       28037
       28038
       28039
       28041
       28043
       28044
       28046
       28055
       28056
       28060
       28061
       28062
       28064
       28066
       28069
       28074
       28080
       28081
       28082
       28083
       28085
       28086
       28088
       28089
       28091
       28096
       28101
       28102
       28112
       28113
       28114
       28115
       28116
       28118
       28119
       28124
       28126
       28132
       28133
       28134
       28135
       28138
       28140
       28141
       28143
       28144
       28145
       28150
       28151
       28154
       28155
       28157
       28163
       28167
       28168
       28171
       28175
       28178
       28181
       28183
       28186
       28189
       28190
       28192
       28193
       28194
       28195
       28197
       28201
       28204
       28208
       28210
       28212
       28214
       28222
       28224
       28226
       28229
       28237
       28240
      -28242
       28243
       28245
       28248
       28249
       28251
       28253
       28259
       28261
       28264
       28265
       28267
       28271
       28272
       28273
       28275
       28276
       28284
       28286
       28287
       28293
       28300
       28301
       28302
       28304
       28306
       28308
       28311
       28312
       28315
       28317
       28318
       28319
       28321
       28323
       28324
       28328
       28331
       28339
       28340
       28345
       28349
       28350
       28352
       28356
       28357
       28365
       28367
       28369
       28370
      -28371
       28372
       28373
       28377
       28378
       28381
       28385
       28387
       28391
       28394
       28395
       28397
       28398
       28403
       28404
       28409
       28410
       28416
       28418
       28423
       28424
       28425
       28426
       28428
       28438
       28439
       28440
       28443
       28444
       28446
       28448
       28449
       28453
       28455
       28457
       28460
       28462
       28465
       28468
       28473
       28474
       28480
       28482
       28484
       28485
       28488
       28492
       28496
       28497
       28503
       28504
       28505
       28508
       28511
       28513
       28514
       28521
       28524
       28525
       28527
       28528
       28529
       28531
       28532
       28533
       28534
       28536
       28538
       28544
       28547
       28548
       28549
       28550
       28551
       28553
       28556
       28558
       28563
       28566
       28568
       28574
       28578
       28583
       28585
       28588
       28591
       28592
       28593
       28594
       28595
       28596
       28597
       28598
       28601
       28608
       28609
       28611
       28612
       28614
       28616
       28617
       28618
       28619
       28620
       28627
       28628
       28630
       28631
       28632
       28636
       28637
       28639
       28641
       28644
       28646
       28647
       28650
       28652
       28653
       28654
       28656
       28659
       28662
       28663
       28664
       28667
       28670
       28673
       28675
       28680
       28682
       28684
       28689
       28693
       28696
       28697
       28700
       28701
       28705
       28706
       28707
       28708
       28716
       28718
       28720
       28721
       28725
       28726
       28731
       28732
       28733
       28738
       28739
       28741
       28748
       28753
       28755
       28756
       28758
       28761
      -28762
       28763
       28764
       28768
       28769
       28770
       28771
       28775
       28777
       28781
       28782
       28783
       28784
       28785
       28788
       28789
       28790
       28792
       28793
       28801
       28802
       28803
       28804
       28812
       28816
       28821
       28822
       28823
       28825
       28828
       28833
       28835
       28836
       28838
       28841
       28843
       28844
       28845
       28847
       28848
       28850
       28851
       28858
       28859
       28860
       28861
       28862
       28864
       28869
       28871
       28876
       28879
       28880
       28881
       28882
       28883
       28884
       28888
       28889
       28895
       28896
       28897
       28901
       28907
       28908
       28914
       28915
       28916
       28917
       28919
       28921
       28925
       28926
       28928
       28929
       28930
       28931
       28934
       28939
       28941
       28945
       28946
       28949
       28950
       28952
       28953
       28954
       28955
       28962
       28964
       28967
       28970
       28971
       28972
       28973
       28975
       28976
       28979
       28980
       28981
       28984
       28986
       28987
       28990
       28992
       28994
       28996
       28997
       29001
       29003
       29005
       29007
       29014
       29016
       29017
       29019
       29021
       29023
       29024
       29027
       29029
       29031
       29035
       29038
       29040
       29042
       29043
       29044
       29045
       29046
       29047
       29049
       29050
       29051
       29053
       29055
       29057
       29059
       29062
       29066
       29073
       29074
       29079
       29080
       29081
       29083
       29084
       29087
       29091
       29093
       29094
       29098
       29100
       29102
       29103
       29105
       29106
       29109
       29111
       29113
       29115
       29116
       29118
       29120
       29121
       29124
       29125
       29128
       29129
       29130
       29141
       29143
       29144
       29146
       29147
       29148
       29149
       29154
       29156
       29160
       29161
       29163
       29165
       29166
       29167
       29170
       29171
       29172
       29173
       29174
       29175
       29176
       29178
       29181
       29183
       29188
       29192
       29194
       29196
       29197
       29200
       29203
       29207
       29208
       29209
       29211
       29214
       29219
       29220
       29221
       29224
       29226
       29228
       29230
      -29232
       29239
       29241
       29242
       29243
       29246
       29248
       29254
       29258
       29259
       29260
       29261
       29262
       29265
       29267
       29269
       29271
       29273
       29274
       29275
       29279
       29280
       29281
       29283
       29287
       29288
       29290
       29291
       29292
       29297
       29299
      -29302
      -29307
       29308
       29309
       29310
       29312
       29313
       29315
       29316
       29321
       29322
       29324
       29328
       29331
       29332
       29334
       29336
       29338
       29342
       29346
       29347
       29349
       29351
       29354
       29356
       29360
       29362
       29376
      -29381
       29384
       29386
       29388
       29389
       29390
       29394
       29395
       29396
       29397
       29398
       29400
      -29405
       29406
       29410
       29411
       29420
       29425
       29427
       29428
       29434
       29439
       29440
       29444
       29446
       29449
       29451
       29452
       29460
       29464
       29466
      -29467
       29468
       29470
       29474
       29480
       29482
       29487
      -29488
       29489
       29491
       29498
       29500
       29501
       29506
       29510
       29511
       29518
       29528
       29531
       29532
       29536
      -29544
       29547
       29548
      -29550
       29553
       29554
       29560
       29567
       29568
       29570
       29577
       29583
       29584
       29587
       29589
       29593
      -29596
       29597
       29598
       29602
       29614
       29618
       29619
      -29621
      -29623
      -29628
       29633
       29634
       29635
       29637
       29640
       29643
      -29646
       29651
      -29653
       29664
       29665
       29666
       29675
       29678
       29683
       29684
       29688
       29692
       29694
       29696
      -29698
       29701
       29704
       29706
      -29711
      -29713
       29721
       29726
       29729
       29741
       29743
       29744
      -29757
       29758
       29761
       29765
       29766
       29776
       29777
      -29784
      -29792
       29795
       29807
       29812
       29815
       29827
       29832
      -29838
       29848
       29849
      -29858
      -29865
       29866
       29873
       29877
       29886
      -29890
      -29891
       29900
      -29909
       29910
      -29911
       29918
       29922
      -29927
       29929
      -29934
       29935
      -29939
       29954
      -29962
       29971
      -29985
       30002
      -30008
      -30022
       30045
      -30048
      -30053
      -30057
      -30068
       30073
       30105
       30108
      -30113
       30134
       30177
       30180
       30185
       30190
       30220
       30242
       30245
      -30271
       30361
       30377
       30387
      -30393
       30430
       30447
       30456
       30509
      -30515
       30539
       30556
       30569
       30585
       30597
      -30617
       30636
       30643
       30686
      -30714
       30744
       30841
       30874
      -30898
       30916
      -30922
       30971
       30976
       30997
      -31003
       31062
       31152
      -31197
       31243
       31264
      -31304
       31344
      -31402
       31421
       31476
       31487
       31628
      -31630
       31645
       31788
      -31798
       31909
      -31919
       31970
      -32069
       32096
       32123
       32228
      -32263
       32276
       32337
       32375
      -32544
       32671
      -32763
       32909
      -33022
       33029
       33226
       33276
       33573
       33669
       33703
      -33768
      -33776
      -33963
       34041
       34284
       34307
      -34354
      -34472
       34490
      -34764
       34934
       34975
      -35108
       35477
       35620
       35671
       35733
      -35941
      -36467
       36480
       36663
       36919
       36965
      -37089
       37320
      -37473
       37545
       37955
      -38421
       39075
       39223
       39388
       39447
      -39528
       39623
       39720
      -39724
      -39772
       39781
       39809
       39810
       39823
       39829
      -39851
       39866
       39920
       39932
      -39957
      -39971
       40005
       40012
       40042
       40049
       40078
      -40093
       40127
       40128
      -40131
       40142
      -40172
      -40191
      -40236
      -40313
      -40329
      -40353
      -40371
      -40404
      -40439
      -40488
      -40515
NNODG          31435        1437        1377
       -5185
       -5502
        5504
       -5505
       -5866
       -5867
        5868
        5870
        5871
        5872
       -5873
       -6272
       -6273
        6274
        6275
        6276
       -6277
        6278
        6279
        6280
        6281
        6282
        6283
        6284
        6285
       -6690
        6691
        6692
        6693
        6694
       -6696
        6697
        6698
        6699
        6700
        6701
        6702
        6703
        6704
        6705
        6706
       -7101
        7102
        7103
        7104
        7105
        7106
        7107
        7108
       -7109
       -7110
        7111
        7112
        7113
        7114
        7115
        7116
        7117
        7118
        7119
        7120
        7121
        7122
        7123
        7124
       -7476
        7477
        7478
        7479
        7480
        7481
        7482
        7483
        7484
        7485
        7486
        7487
        7488
        7489
       -7491
        7492
        7493
        7494
        7495
        7496
        7497
        7498
        7499
        7500
        7501
        7502
        7503
        7504
        7505
        7506
        7507
        7508
        7509
        7510
       -7847
        7848
        7849
        7850
        7851
        7852
        7853
        7854
        7855
        7856
        7857
        7858
        7859
        7860
        7861
        7862
        7863
        7864
       -7866
        7867
        7868
        7869
        7870
        7871
        7872
        7873
        7874
        7875
        7876
        7877
        7878
        7879
        7880
        7881
        7882
        7883
        7884
        7885
        7886
        7887
       -8225
        8226
        8227
        8228
        8229
        8230
        8231
        8232
        8233
        8234
        8235
        8236
        8237
        8238
        8239
        8240
        8241
        8242
        8243
        8244
        8245
        8246
        8247
       -8249
        8250
        8251
        8252
        8253
        8254
        8255
        8256
        8257
        8258
        8259
        8260
        8261
        8262
        8263
        8264
        8265
        8266
        8267
        8268
        8269
        8270
        8271
        8272
        8273
        8274
        8275
        8276
       -8632
        8633
        8634
        8635
        8636
        8637
        8638
        8639
        8640
        8641
        8642
        8643
        8644
        8645
        8646
        8647
        8648
        8649
        8650
        8651
        8652
        8653
        8656
        8657
        8658
        8659
        8660
        8661
        8662
        8663
        8664
        8665
        8666
        8667
        8668
        8669
        8670
        8671
        8672
        8673
        8674
        8675
        8676
        8677
        8678
        8679
        8680
        8681
        8682
       -9037
        9038
        9039
        9040
        9041
        9042
        9043
        9044
        9045
        9046
        9047
        9048
       -9049
        9050
        9051
        9052
        9053
        9054
        9055
        9056
        9057
        9058
        9059
        9060
        9061
        9062
        9063
        9067
        9068
        9069
        9070
        9071
        9072
        9073
        9074
        9075
        9076
        9077
        9078
        9079
        9080
        9081
        9082
        9083
        9084
        9085
        9086
        9087
        9088
        9089
       -9438
        9439
        9440
        9441
        9442
        9443
        9444
        9445
       -9446
       -9447
       -9450
        9451
        9452
        9453
        9454
        9455
        9456
        9457
        9458
        9459
        9460
        9461
        9462
        9463
        9464
        9466
        9467
        9468
        9469
        9470
        9471
        9472
        9473
        9474
        9475
        9476
        9477
        9478
        9479
        9480
        9481
        9482
        9483
        9484
        9485
        9486
        9487
        9488
        9489
        9490
        9491
        9492
        9493
        9494
        9838
        9839
        9840
        9841
        9842
        9843
       -9844
       -9849
       -9850
       -9851
        9852
        9853
        9854
        9855
        9856
        9857
        9858
        9859
        9860
        9861
        9862
        9863
        9864
        9865
        9866
        9867
        9868
        9869
        9870
        9871
        9872
        9873
        9874
        9875
        9876
        9877
        9878
        9879
        9880
        9881
        9882
        9883
        9884
        9885
        9886
        9887
        9888
        9889
        9890
        9891
        9892
        9893
       10172
       10173
       10174
       10175
      -10176
      -10177
      -10188
       10189
       10190
       10191
       10192
       10193
       10194
       10195
       10196
       10197
       10198
       10199
       10200
       10201
       10202
       10203
       10204
       10205
       10206
       10207
       10208
       10209
       10210
       10211
       10212
       10213
       10214
       10215
       10216
       10217
       10218
       10219
       10220
       10221
       10222
       10223
       10458
       10459
      -10460
      -10461
       10473
       10474
       10475
       10476
       10477
       10478
       10479
       10480
       10481
       10482
       10483
       10484
       10485
       10486
       10487
       10488
       10489
       10490
       10491
       10492
       10493
       10494
       10495
       10496
       10497
       10498
       10499
       10500
       10501
       10502
       10503
       10504
       10505
       10506
       10507
       10508
       10509
       10510
       10511
       10512
       10513
       10514
       10515
      -10701
      -10702
       10725
       10726
       10727
       10728
       10729
       10730
       10731
       10732
       10733
       10734
       10735
       10736
       10737
       10738
       10739
       10740
       10741
       10742
       10743
       10744
       10745
       10746
       10747
       10748
       10749
       10750
       10751
       10752
       10753
       10754
       10755
       10756
       10757
       10758
       10759
       10760
       10761
       10762
       10763
       10764
       10765
       10766
       10767
       10949
       10950
       10951
       10952
       10953
       10954
       10955
       10956
       10957
       10958
       10959
       10960
       10961
       10962
       10963
       10964
       10965
       10966
       10967
       10968
       10969
       10970
       10971
       10972
       10973
       10974
       10975
       10976
       10977
       10978
       10979
       10980
       10981
       10982
       10983
       10984
       10985
       10986
       10987
       10988
       10989
       10990
       10991
       10992
       10993
       10994
       10995
      -11174
      -11175
       11176
       11177
       11178
       11179
       11180
       11181
       11182
       11183
       11184
       11185
       11186
       11187
       11188
       11189
       11190
       11191
       11192
       11193
       11194
       11195
       11196
       11197
       11198
       11199
       11200
       11201
       11202
       11203
       11204
       11205
       11206
       11207
       11208
       11209
       11210
       11211
       11212
       11213
       11214
       11215
       11216
       11217
       11218
       11219
       11220
       11221
       11222
       11223
       11224
       11225
      -11226
       11227
       11228
       11229
      -11395
      -11396
       11397
       11398
       11399
       11400
       11401
       11402
       11403
       11404
       11405
       11406
       11407
       11408
       11409
       11410
       11411
       11412
       11413
       11414
       11415
       11416
       11417
       11418
       11419
       11420
       11421
       11422
       11423
       11424
       11425
       11426
       11427
       11428
       11429
       11430
       11431
       11432
       11433
       11434
       11435
       11436
       11437
       11438
       11439
       11440
       11441
       11442
       11443
       11444
       11445
       11446
       11447
       11448
      -11449
       11452
       11453
      -11624
       11625
       11626
       11627
       11628
       11629
       11630
       11631
       11632
       11633
       11634
       11635
       11636
       11637
       11638
       11639
       11640
       11641
       11642
       11643
       11644
       11645
       11646
       11647
       11648
       11649
       11650
       11651
       11652
       11653
       11654
       11655
       11656
       11657
       11658
       11659
       11660
       11661
       11662
       11663
       11664
       11665
       11666
       11667
       11668
       11669
       11670
       11671
       11672
       11673
       11674
       11675
       11676
       11677
       11678
       11679
      -11680
      -11686
      -11851
       11852
       11853
       11854
       11855
       11856
       11857
       11858
       11859
       11860
       11861
       11862
       11863
       11864
       11865
       11866
       11867
       11868
       11869
       11870
       11871
       11872
       11873
       11874
       11875
       11876
       11877
       11878
       11879
       11880
       11881
       11882
       11883
       11884
       11885
       11886
       11887
       11888
       11889
       11890
       11891
       11892
       11893
       11894
       11895
       11896
       11897
       11898
       11899
       11900
       11901
       11902
      -11903
       11904
       11905
      -11906
      -11907
      -11908
      -12067
       12068
       12069
       12070
       12071
       12072
       12073
       12074
       12075
       12076
       12077
       12078
       12079
       12080
       12081
       12082
       12083
       12084
       12085
       12086
       12087
       12088
       12089
       12090
       12091
       12092
       12093
       12094
       12095
       12096
       12097
       12098
       12099
       12100
       12101
       12102
       12103
       12104
       12105
       12106
       12107
       12108
       12110
       12111
      -12112
      -12270
       12271
       12272
       12273
       12274
       12275
       12276
       12277
       12278
       12279
       12280
       12281
       12282
       12283
       12284
       12285
       12286
       12287
       12288
       12289
       12290
       12291
       12292
       12293
       12294
       12295
       12296
       12297
       12298
       12299
       12300
       12301
       12302
       12303
       12304
       12305
       12306
       12307
       12308
       12309
       12310
       12311
       12312
       12313
       12315
      -12316
      -12317
      -12478
       12479
       12480
       12481
       12482
       12483
       12484
       12485
       12486
       12487
       12488
       12489
       12490
       12491
       12492
       12493
       12494
       12495
       12496
       12497
       12498
       12499
       12500
       12501
       12502
       12503
       12504
       12505
       12506
       12507
       12508
       12509
       12510
       12511
       12512
       12513
       12514
       12515
       12516
       12517
       12518
      -12520
      -12696
      -12697
       12698
       12699
       12700
       12701
       12702
       12703
       12704
       12705
       12706
       12707
       12708
       12709
       12710
       12711
       12712
       12713
       12714
       12715
       12716
       12717
       12718
       12719
       12720
       12721
       12722
       12723
       12724
       12725
       12726
       12727
       12728
       12729
       12730
       12731
       12732
       12733
       12734
       12735
       12736
       12737
       12738
      -12739
      -12740
      -12741
       12742
       12743
       12744
      -12746
      -12940
       12941
       12942
       12943
       12944
       12945
       12946
       12947
       12948
       12949
       12950
       12951
       12952
       12953
       12954
       12955
       12956
       12957
       12958
       12959
       12960
       12961
       12962
       12963
       12964
       12965
       12966
       12967
       12968
       12969
       12970
       12971
       12972
       12973
       12974
       12975
       12976
       12977
       12978
      -12979
      -13185
       13186
       13187
       13188
       13189
       13190
       13191
       13192
       13193
       13194
       13195
       13196
       13197
       13198
       13199
       13200
       13201
       13202
       13203
       13204
       13205
       13206
       13207
       13208
       13209
       13210
       13211
       13212
       13213
       13214
       13215
       13216
       13217
       13218
       13219
       13220
       13221
       13222
       13223
      -13224
      -13455
       13456
       13457
       13458
       13459
       13460
       13461
       13462
       13463
       13464
       13465
       13466
       13467
       13468
       13469
       13470
       13471
       13472
       13473
       13474
       13475
       13476
       13477
       13478
       13479
       13480
       13481
       13482
       13483
       13484
       13485
       13486
       13487
       13488
       13489
       13490
       13491
       13492
       13493
       13494
       13495
      -13749
       13750
       13751
       13752
       13753
       13754
       13755
       13756
       13757
       13758
       13759
       13760
       13761
       13762
       13763
       13764
       13765
       13766
       13767
       13768
       13769
       13770
       13771
       13772
       13773
       13774
       13775
       13776
       13777
       13778
       13779
       13780
       13781
       13782
       13783
       13784
       13785
       13786
       13787
       13788
       13789
       13790
       13791
      -14061
       14062
       14063
       14064
       14065
       14066
       14067
       14068
       14069
       14070
       14071
       14072
       14073
       14074
       14075
       14076
       14077
       14078
       14079
       14080
       14081
       14082
       14083
       14084
       14085
       14086
       14087
       14088
       14089
       14090
       14091
       14092
       14093
       14094
       14095
       14096
       14097
       14098
       14099
       14100
       14101
       14102
       14103
       14104
       14105
       14106
      -14107
      -14108
       14392
       14393
       14394
       14395
       14396
       14397
       14398
       14399
       14400
       14401
       14402
       14403
       14404
       14405
       14406
       14407
       14408
       14409
       14410
       14411
       14412
       14413
       14414
       14415
       14416
       14417
       14418
       14419
       14420
       14421
       14422
       14423
      -14424
       14425
       14426
       14427
       14428
       14429
       14430
       14431
       14432
       14433
       14434
       14435
       14436
       14437
       14438
      -14439
      -14440
       14777
       14778
       14779
       14780
       14781
       14782
       14783
       14784
       14785
       14786
       14787
       14788
       14789
       14790
       14791
       14792
       14793
       14794
       14795
       14796
       14797
       14798
       14799
      -14800
      -14801
      -14803
       14804
       14805
       14806
       14807
       14808
       14809
       14810
       14811
       14812
       14813
       14814
       14815
       14816
       14817
       14818
       14819
       14820
       14821
      -14822
       15199
       15200
       15201
       15202
       15203
       15204
       15205
       15206
       15207
       15208
       15209
       15210
       15211
      -15212
      -15213
      -15219
      -15220
       15221
       15222
       15223
       15224
       15225
      -15226
      -15227
       15228
       15229
       15230
       15231
       15232
      -15622
      -15623
      -15624
      -15625
      -15636
       15637
       15638
      -15640
      -15641
       15642
       15643
      -16034
       16035
       16036
       16037
       16038
      -16043
       16044
       16045
      -16379
       16380
       16381
       16382
       16383
       16384
      -16388
      -16389
       16390
       16674
      -16675
       16676
       16677
       16678
       16679
       16680
      -16686
      -16687
      -16934
       16936
       16937
       16938
      -16939
       16940
       16941
      -16942
      -16943
       17166
      -17167
      -17168
      -17171
       17172
      -17374
      -17382
NFLUXF             0
NETA             103          37           0
NSTAE              0           0           0
NSTAV              0           0           0
NSTAM              0           0           0
NSTAC              0           0           0
RES NODE          23        1266
                   3           7           8           9          10          14
                  15          16          18          19          20          21
                  22          23          24          25          27          28
                  29          30          32          33          34          35
                  36          37          38          39          40          41
                  43          44          45          46          47          48
                  49          52          53          54          55          56
                  57          58          59          60          61          62
                  63          64          65          67          68          69
                  70          71          72          73          74          75
                  76          77          78          79          81          82
                  83          84          85          86          87          88
                  89          90          91          92          93          94
                  95          96          97          98          99         101
                 102         103         104         105         106         107
                 108         109         110         111         112         113
                 114         115         116         117         119         120
                 121         122         123         124         125         126
                 127         128         129         130         131         132
                 133         134         135         136         137         138
                 139         141         142         143         144         145
                 146         147         148         149         150         151
                 152         153         154         155         156         157
                 158         159         160         161         162         164
                 165         166         167         168         169         170
                 171         172         173         174         175         176
                 177         178         179         180         181         182
                 183         184         185         186         187         188
                 189         190         192         193         194         195
                 196         197         198         199         200         201
                 202         203         204         205         206         207
                 208         209         210         211         212         213
                 214         215         216         217         218         219
                 220         221         222         223         224         225
                 226         227         228         229         230         231
                 232         233         234         235         236         237
                 238         239         241         242         243         244
                 245         246         247         248         249         250
                 251         253         254         255         256         257
                 258         259         260         261         262         263
                 264         265         266         267         268         269
                 270         271         272         273         274         275
                 276         277         278         279         280         281
                 282         283         284         285         286         287
                 288         289         291         292         293         294
                 295         296         297         301         302         303
                 304         305         306         307         308         309
                 310         311         312         313         314         315
                 316         317         318         319         320         321
                 322         323         324         325         326         327
                 328         329         330         331         332         333
                 334         335         336         337         338         339
                 340         341         342         343         344         345
                 346         347         348         349         354         355
                 356         357         358         359         360         361
                 362         363         364         365         366         367
                 368         369         370         371         372         373
                 374         375         376         377         378         379
                 380         381         382         383         384         385
                 386         387         388         389         390         391
                 392         393         394         395         396         397
                 398         399         403         404         405         406
                 407         408         409         410         411         412
                 413         414         415         416         417         418
                 419         420         421         422         423         424
                 425         426         427         428         429         430
                 431         432         433         434         435         436
                 437         438         439         442         443         444
                 445         446         447         448         449         450
                 451         452         453         454         455         456
                 457         458         459         460         461         462
                 463         464         465         466         467         468
                 469         470         471         472         473         474
                 475         476         477         478         479         480
                 481         482         483         484         487         488
                 489         490         491         492         493         494
                 495         496         497         498         499         500
                 501         502         503         504         505         506
                 507         508         509         510         511         512
                 513         514         515         516         517         518
                 519         520         521         522         523         524
                 525         526         527         528         529         530
                 531         532         533         534         535         536
                 537         538         539         540         541         542
                 543         544         545         546         547         548
                 549         550         551         552         553         554
                 555         556         557         558         559         560
                 561         562         563         564         565         566
                 567         568         569         570         571         572
                 573         574         575         576         579         580
                 581         582         583         584         585         586
                 587         588         589         590         591         592
                 593         594         595         596         597         598
                 599         600         601         602         603         604
                 605         606         607         608         609         610
                 611         612         613         614         615         616
                 617         618         619         620         621         622
                 623         624         625         626         627         628
                 630         631         632         635         636         637
                 638         639         640         641         642         643
                 644         645         646         647         648         649
                 650         651         652         653         654         655
                 656         657         658         659         660         661
                 662         663         664         665         666         667
                 668         669         670         671         672         673
                 674         675         676         677         678         679
                 680         681         682         683         684         685
                 686         688         689         691         692         693
                 694         695         696         697         698         699
                 700         701         702         703         704         705
                 706         707         708         709         710         711
                 712         713         714         715         716         717
                 718         719         720         721         722         723
                 724         725         726         727         728         729
                 730         731         732         733         734         735
                 736         737         738         739         740         741
                 742         743         744         745         749         750
                 751         752         753         754         755         756
                 757         758         759         760         761         762
                 763         764         765         766         767         768
                 769         770         771         772         773         774
                 775         776         777         778         779         780
                 781         782         783         784         785         786
                 787         788         789         790         791         792
                 793         794         795         796         797         798
                 799         801         802         807         808         809
                 810         811         812         813         814         815
                 816         817         818         819         820         821
                 822         823         824         825         826         827
                 828         829         830         831         832         833
                 834         835         836         837         838         839
                 840         841         842         843         844         845
                 846         847         848         849         852         853
                 854         855         856         857         858         859
                 860         861         862         863         864         865
                 866         867         868         869         870         871
                 872         873         874         875         876         877
                 878         879         880         881         882         883
                 884         885         886         887         888         889
                 890         891         892         893         894         895
                 899         900         901         902         903         904
                 905         906         907         908         909         910
                 911         912         913         914         915         916
                 917         918         919         920         921         922
                 923         924         925         926         927         928
                 929         930         931         932         933         934
                 935         936         937         938         942         943
                 944         945         946         947         948         949
                 950         951         952         953         954         955
                 956         957         958         959         960         961
                 962         963         964         965         966         967
                 968         969         970         971         972         973
                 974         975         976         977         978         979
                 980         981         982         986         987         988
                 991         992         993         994         995         996
                 997         998         999        1000        1001        1002
                1003        1004        1005        1006        1007        1008
                1009        1010        1011        1012        1013        1014
                1015        1016        1017        1018        1019        1020
                1021        1022        1023        1024        1025        1026
                1027        1028        1031        1032        1033        1034
                1035        1036        1037        1038        1039        1040
                1041        1042        1043        1044        1045        1046
                1047        1048        1049        1050        1051        1052
                1053        1054        1055        1056        1057        1058
                1059        1060        1061        1062        1063        1064
                1065        1066        1067        1068        1071        1072
                1073        1074        1075        1076        1077        1078
                1079        1080        1081        1082        1083        1084
                1085        1086        1087        1088        1089        1090
                1091        1092        1093        1094        1095        1096
                1097        1098        1099        1100        1101        1102
                1103        1104        1105        1106        1107        1108
                1109        1110        1112        1113        1114        1115
                1116        1117        1118        1119        1120        1121
                1122        1123        1124        1125        1126        1127
                1128        1129        1130        1131        1132        1133
                1134        1135        1136        1137        1138        1139
                1140        1141        1142        1143        1144        1145
                1146        1147        1148        1149        1150        1151
                1152        1153        1155        1156        1157        1158
                1159        1160        1161        1162        1163        1164
                1165        1166        1167        1168        1169        1170
                1171        1172        1173        1174        1175        1176
                1177        1178        1179        1180        1181        1182
                1183        1184        1185        1186        1187        1188
                1189        1190        1191        1192        1193        1194
                1195        1196        1197        1198        1199        1202
                1203        1204        1205        1206        1207        1208
                1209        1210        1211        1212        1213        1214
                1215        1216        1217        1218        1219        1220
                1221        1222        1223        1224        1225        1226
                1227        1228        1229        1230        1231        1232
                1233        1235        1236        1237        1238        1239
                1240        1241        1242        1243        1244        1245
                1246        1247        1248        1251        1252        1253
                1254        1255        1256        1257        1258        1259
                1260        1261        1262        1263        1264        1265
                1266        1267        1268        1269        1270        1271
                1272        1273        1277        1278        1279        1280
                1281        1282        1283        1284        1285        1286
                1287        1288        1289        1290        1291        1292
                1293        1294        1296        1297        1298        1299
                1300        1301        1302        1303        1304        1305
                1306        1307        1308        1313        1314        1315
                1316        1317        1320        1321        1322        1323
                1324        1330        1331        1334        1335        1337
                1338        1339        1340        1342        1343        1345
                1346        1347        1348        1349        1352        1353
                1355        1356        1357        1358        1359        1363
                1364        1365        1367        1368        1371        1375
COMM PE            5
RECV PE            2          23
                   1           2           4           5           6          11
                  12          13          17          26          31          42
                  50          51          66          80         100         118
                 140         163         191         240         290
RECV PE           12           6
                1344        1354        1362        1369        1370        1373
RECV PE           18          45
                 252         298         299         300         350         351
                 352         353         400         401         402         440
                 441         485         486         577         578         633
                 634         690         748         806         851         898
                 940         941         990        1030        1070        1111
                1154        1234        1274        1275        1276        1309
                1310        1311        1312        1325        1326        1327
                1328        1329        1336
RECV PE           21           3
                1372        1376        1377
RECV PE           22          34
                 629         687         746         747         800         803
                 804         805         850         896         897         939
                 983         984         985         989        1029        1069
                1200        1201        1249        1250        1295        1318
                1319        1332        1333        1341        1350        1351
                1360        1361        1366        1374
SEND PE            2          24
                   3           7           9          14          15          16
                  21          27          28          35          37          43
                  44          59          67          91         101         130
                 141         182         192         241         242         291
SEND PE           12           6
                1337        1345        1353        1359        1364        1365
SEND PE           18          47
                 199         249         250         251         253         254
                 297         301         302         349         354         355
                 398         399         438         439         635         636
                 637         691         749         807         852         899
                 900         942         991        1031        1071        1112
                1190        1232        1233        1235        1272        1273
                1277        1278        1280        1296        1297        1298
                1299        1308        1314        1331        1337
SEND PE           21           3
                1364        1371        1375
SEND PE           22          32
                 573         627         628         630         688         740
                 743         744         745         802         848         849
                 895         932         938         982         988        1028
                1068        1247        1248        1287        1294        1317
                1320        1321        1334        1343        1352        1357
                1367        1375
