FileFmt      1050624           0           0
NELG           58369        2590        2442
       27094
       27210
       27321
       27431
       27515
       27518
       27569
       27721
       27722
       27732
       27811
       27818
       27828
       27946
       27950
       28030
       28033
       28049
       28051
       28104
       28128
       28184
       28223
       28236
       28241
       28270
       28279
       28291
       28325
       28336
       28348
       28364
       28451
       28464
       28467
       28470
       28475
       28476
       28510
       28517
       28565
       28569
       28570
       28577
       28600
       28602
       28606
       28649
       28657
       28665
       28691
       28694
       28714
       28717
       28723
       28729
       28736
       28746
       28767
       28776
       28796
       28829
       28831
       28837
       28840
       28853
       28863
       28905
       28909
       28943
       28948
       28965
       28966
       28991
       29022
       29036
       29065
       29071
       29085
       29089
       29096
       29104
       29112
       29117
       29122
       29123
       29151
       29162
       29191
       29223
       29227
       29240
       29282
       29293
       29296
       29330
       29344
       29361
       29365
       29366
       29368
       29374
       29377
       29387
       29407
       29426
       29445
       29450
       29461
       29486
       29495
       29502
       29505
       29508
       29512
       29520
       29527
       29541
       29569
       29573
       29595
       29610
       29624
       29625
       29626
       29632
       29641
       29656
       29658
       29661
       29667
       29673
       29680
       29682
       29723
       29725
       29742
       29747
       29754
       29756
       29771
       29783
       29788
       29794
       29797
       29802
       29805
       29808
       29810
       29816
       29831
       29837
       29842
       29846
       29864
       29876
       29884
       29885
       29892
       29897
       29901
       29913
       29914
       29919
       29921
       29923
       29942
       29950
       29963
       29964
       29965
       29975
       29977
       29989
       29994
       30000
       30005
       30006
       30011
       30018
       30024
       30028
       30029
       30033
       30034
       30035
       30040
       30041
       30043
       30044
       30046
       30047
       30050
       30056
       30074
       30078
       30082
       30083
       30085
       30089
       30097
       30102
       30106
       30111
       30118
       30119
       30123
       30126
       30128
       30131
       30132
       30147
       30149
       30154
       30157
       30158
       30161
       30162
       30164
       30174
       30179
       30184
       30188
       30192
       30195
       30197
       30198
       30200
       30203
       30210
       30219
       30229
       30230
       30233
       30236
       30240
       30243
       30244
       30248
       30249
       30250
       30252
       30253
       30255
       30260
       30262
       30265
       30266
       30267
       30272
       30274
       30276
       30282
       30284
       30289
       30290
       30291
       30296
       30300
       30303
       30305
       30306
       30307
       30308
       30322
       30323
       30328
       30333
       30337
       30340
       30342
       30346
       30355
       30356
       30358
       30360
       30363
       30367
       30371
       30373
       30379
       30382
       30384
       30385
       30391
       30392
       30394
       30397
       30400
       30413
       30414
       30417
       30418
       30419
       30420
       30421
       30423
       30432
       30434
       30436
       30438
       30441
       30443
       30450
       30453
       30454
       30458
       30463
       30465
       30466
       30468
       30474
       30478
       30479
       30480
       30484
       30487
       30490
       30494
       30499
       30504
       30508
       30510
       30518
       30519
       30522
       30524
       30525
       30527
       30529
       30532
       30533
       30537
       30538
       30541
       30543
       30546
       30555
       30560
       30563
       30564
       30566
       30567
       30570
       30571
       30572
       30576
       30586
       30589
       30596
       30598
       30600
       30601
       30604
       30608
       30609
       30610
       30612
       30614
       30615
       30619
       30621
       30622
       30624
       30625
       30629
       30635
       30642
       30653
       30661
       30666
       30668
       30672
       30675
       30678
       30679
       30685
       30691
       30693
       30699
       30700
       30707
       30711
       30715
       30718
       30719
       30721
       30722
       30723
       30724
       30733
       30735
       30738
       30741
       30742
       30743
       30745
       30746
       30747
       30750
       30753
       30754
       30756
       30758
       30763
       30764
       30768
       30772
       30774
       30776
       30784
       30790
       30792
       30795
       30797
       30799
       30800
       30801
       30803
       30807
       30808
       30813
       30816
       30818
       30821
       30822
       30823
       30825
       30829
       30832
       30835
       30837
       30838
       30843
       30850
       30854
       30856
       30862
       30866
       30867
       30868
       30871
       30879
       30884
       30886
       30888
       30890
       30891
       30892
       30893
       30897
       30903
       30908
       30909
       30911
       30912
       30917
       30918
       30919
       30923
       30924
       30925
       30926
       30932
       30933
       30934
       30937
       30942
       30944
       30947
       30948
       30949
       30953
       30958
       30962
       30964
       30965
       30967
       30969
       30972
       30974
       30978
       30979
       30981
       30985
       30989
       30993
       30994
       30995
       31002
       31007
       31011
       31013
       31015
       31016
       31019
       31021
       31023
       31024
       31027
       31029
       31030
       31036
       31042
       31043
       31045
       31046
       31054
       31055
       31056
       31057
       31058
       31060
       31063
       31066
       31067
       31075
       31077
       31078
       31081
       31087
       31088
       31090
       31092
       31093
       31097
       31100
       31102
       31103
       31106
       31107
       31108
       31110
       31114
       31120
       31122
       31123
       31124
       31128
       31130
       31132
       31133
       31134
       31138
       31139
       31140
       31144
       31145
       31149
       31150
       31154
       31155
       31156
       31157
       31158
       31160
       31167
       31168
       31183
       31184
       31186
       31187
       31188
       31190
       31193
       31194
       31195
       31202
       31205
       31207
       31209
       31210
       31213
       31221
       31223
       31228
       31230
       31232
       31233
       31237
       31238
       31241
       31246
       31247
       31252
       31253
       31257
       31259
       31260
       31263
       31265
       31269
       31273
       31275
       31280
       31283
       31290
       31296
       31302
       31308
       31314
       31316
       31318
       31323
       31325
       31326
       31327
       31332
       31333
       31336
       31337
       31339
       31343
       31346
       31347
       31348
       31351
       31366
       31367
       31370
       31372
       31376
       31378
       31380
       31383
       31385
       31387
       31391
       31394
       31396
       31404
       31405
       31406
       31407
       31414
       31416
       31417
       31422
       31424
       31426
       31438
       31447
       31448
       31453
       31458
       31461
       31462
       31463
       31464
       31466
       31469
       31472
       31475
       31480
       31483
       31485
       31488
       31491
       31493
       31494
       31500
       31501
       31512
       31517
       31522
       31523
       31524
       31529
       31531
       31534
       31536
       31538
       31539
       31541
       31542
       31550
       31556
       31558
       31559
       31560
       31565
       31568
       31570
       31573
       31578
       31581
       31582
       31587
       31591
       31592
       31600
       31602
       31603
       31610
       31620
       31621
       31622
       31624
       31626
       31629
       31633
       31635
       31638
       31646
       31648
       31652
       31653
       31656
       31657
       31658
       31668
       31670
       31671
       31677
       31681
       31683
       31689
       31694
       31697
       31699
       31701
       31702
       31714
       31716
       31721
       31722
       31724
       31728
       31731
       31732
       31733
       31734
       31740
       31742
       31745
       31752
       31753
       31754
       31755
       31757
       31759
       31772
       31780
       31783
       31785
       31787
       31789
       31792
       31793
       31795
       31797
       31801
       31805
       31806
       31814
       31815
       31816
       31820
       31825
       31829
       31830
       31831
       31836
       31839
       31845
       31846
       31847
       31849
       31850
       31857
       31858
       31861
       31862
       31863
       31865
       31873
       31874
       31875
       31876
       31881
       31884
       31885
       31887
       31888
       31892
       31896
       31900
       31901
       31908
       31913
       31916
       31925
       31927
      -31929
       31936
       31939
       31942
       31943
      -31947
       31951
       31952
       31954
       31962
       31963
       31965
       31969
       31971
       31972
       31979
       31981
       31984
       31985
       31987
       31995
       31996
       31997
       32000
       32001
       32002
       32003
       32006
       32016
       32017
       32022
       32023
       32028
       32029
       32036
       32041
       32043
       32046
       32048
       32049
      -32050
       32056
       32058
       32059
       32061
       32062
       32063
       32065
      -32066
       32068
       32073
       32074
       32080
       32082
       32085
       32086
       32087
       32089
       32097
       32098
       32099
       32100
       32104
       32105
       32106
       32107
       32109
       32119
       32121
       32122
       32126
       32129
       32130
       32132
       32133
      -32137
       32138
       32139
       32141
      -32142
       32148
       32152
       32154
       32155
       32159
       32162
      -32169
       32170
       32171
       32172
      -32176
       32177
       32181
       32182
       32184
       32185
       32186
       32196
       32199
       32200
       32203
       32204
       32206
       32207
       32211
       32213
       32214
       32217
       32218
       32219
       32231
       32234
       32238
       32240
       32242
       32244
       32245
       32247
      -32248
       32250
       32251
       32252
       32253
       32254
       32257
       32260
       32264
       32267
      -32273
       32275
       32279
       32280
      -32281
       32289
       32292
       32294
       32296
       32298
       32300
       32304
       32306
       32313
       32314
       32321
       32322
       32323
       32324
       32325
       32327
       32332
       32333
       32340
       32342
       32344
       32349
       32355
       32358
       32361
       32362
       32363
       32365
       32366
       32369
       32376
       32380
       32384
       32390
      -32392
       32394
       32396
       32402
       32404
       32406
       32410
       32411
      -32412
       32413
       32417
       32420
       32423
       32427
       32430
       32434
       32435
       32438
       32439
       32443
       32451
       32456
       32458
       32459
       32461
       32462
       32465
       32466
       32467
       32468
       32472
       32474
      -32477
       32481
       32482
       32493
       32495
       32496
       32497
       32498
       32500
       32505
       32507
       32509
       32511
       32512
       32515
       32518
       32521
       32532
       32540
       32543
       32545
       32552
       32554
       32561
       32566
       32570
       32571
       32575
       32578
       32579
       32581
       32591
       32592
      -32595
       32596
       32599
       32604
       32605
       32606
       32608
       32610
       32611
       32621
       32623
       32629
       32632
       32633
       32635
       32641
       32645
       32646
       32649
       32653
       32656
       32659
       32660
       32664
       32665
       32669
       32672
       32682
       32684
       32686
       32691
       32693
      -32696
       32702
       32704
       32707
       32710
       32711
       32714
       32715
       32717
       32720
       32724
       32733
       32739
       32746
       32749
       32753
       32756
       32761
       32765
       32773
       32774
       32776
       32779
       32782
       32783
       32784
       32790
       32792
       32799
       32801
       32803
       32811
       32813
       32819
      -32820
       32823
       32827
       32829
       32830
       32832
       32833
       32834
       32837
       32840
       32846
       32848
       32853
       32857
       32860
       32862
       32865
       32877
       32879
      -32881
       32882
       32883
       32887
       32891
       32895
       32896
       32901
       32908
       32911
       32918
      -32922
       32926
       32930
       32933
       32938
       32939
       32940
       32943
       32945
       32953
       32960
       32961
       32966
       32967
       32968
       32971
       32973
       32979
       32983
       32986
       32992
       32994
       32996
       32999
       33001
       33002
       33017
       33020
       33021
       33027
       33028
       33031
       33034
       33036
       33037
       33042
       33049
       33050
      -33055
       33056
       33057
       33058
       33071
       33072
       33073
       33078
       33085
       33089
       33091
       33092
       33094
       33097
       33099
       33101
       33102
       33104
       33105
       33107
       33118
      -33119
       33123
       33124
       33125
       33136
       33139
       33141
       33142
       33147
       33152
       33153
       33158
       33160
       33161
       33165
       33167
       33168
       33170
       33171
      -33172
       33180
       33181
       33184
       33190
       33200
       33202
       33206
       33209
       33213
       33214
       33215
       33216
       33220
       33224
       33227
       33228
       33231
       33233
       33235
       33238
       33239
       33245
       33251
       33255
       33256
       33258
       33262
       33264
       33267
       33280
       33284
       33285
       33286
       33288
       33292
       33293
       33294
       33295
       33299
       33301
       33312
       33314
       33316
       33328
      -33329
       33334
       33344
      -33345
       33349
       33351
      -33354
       33355
       33359
       33360
       33361
       33363
       33368
       33369
       33371
       33372
       33375
       33376
       33379
       33382
       33387
       33390
       33398
       33399
       33417
       33418
       33419
       33422
       33425
       33428
       33430
       33433
       33435
       33436
       33440
       33441
       33448
       33453
       33457
       33460
       33461
       33463
       33465
       33470
       33474
       33478
       33490
       33491
       33492
       33496
       33497
       33500
       33501
       33510
       33512
       33514
       33516
       33517
       33519
       33527
       33528
       33530
       33532
       33537
       33547
       33548
       33552
       33556
       33558
       33559
       33566
       33579
       33583
       33585
       33586
       33588
       33591
      -33593
       33598
       33607
       33609
       33610
       33616
       33618
       33619
       33623
       33631
       33632
       33635
       33638
       33640
       33645
       33648
       33651
       33652
       33655
       33660
       33666
       33667
       33670
       33671
       33672
       33680
       33683
       33687
       33690
       33697
       33698
       33704
       33706
       33707
       33711
       33715
       33721
       33726
       33728
       33729
       33731
       33734
       33746
       33751
       33753
       33760
      -33764
       33772
       33773
       33775
       33778
       33780
       33781
       33783
       33786
       33788
       33790
       33791
       33792
       33802
       33804
       33812
       33813
       33823
       33824
       33833
       33835
       33836
      -33845
       33847
       33853
       33857
       33859
       33860
       33864
       33865
       33868
       33870
       33872
       33879
       33880
       33881
       33885
       33886
       33892
       33896
       33898
       33903
       33905
       33914
       33915
       33921
       33922
       33923
       33930
       33931
       33932
       33940
       33941
       33944
       33946
       33952
       33956
       33959
       33969
       33976
       33979
       33982
       33983
       33984
       33985
      -33986
       33988
       33990
       33995
       33997
       33998
       33999
       34006
       34008
       34011
       34020
       34021
       34022
       34029
       34038
       34039
       34040
       34042
       34045
       34047
       34049
       34052
       34054
       34059
       34062
       34072
       34082
       34087
       34088
       34089
       34090
       34092
       34097
       34101
       34107
      -34111
       34114
       34117
       34120
       34121
       34123
       34124
       34126
       34127
       34129
       34133
       34134
       34142
       34143
       34145
       34147
       34149
       34158
       34161
       34165
       34166
       34171
       34172
       34176
       34179
       34184
       34190
       34193
       34194
       34195
       34198
       34199
       34211
       34214
       34215
       34216
       34224
       34228
       34238
       34239
      -34245
       34249
       34250
       34253
       34254
       34257
       34262
       34264
       34265
       34267
       34268
       34273
       34274
       34278
       34279
       34287
       34288
       34289
       34291
       34292
       34294
       34295
       34298
       34314
       34318
       34320
       34321
       34324
      -34327
       34328
       34330
       34339
       34340
       34343
       34352
       34359
       34369
       34372
       34373
       34377
       34379
       34380
       34382
       34384
       34385
       34387
       34390
       34391
       34395
       34397
       34398
       34399
       34405
       34407
       34413
       34416
       34417
       34419
       34422
       34424
       34425
       34431
       34432
       34435
       34436
       34438
       34445
       34449
       34451
       34462
       34463
       34468
       34476
       34483
       34485
       34486
      -34489
       34493
       34494
       34496
       34501
       34502
       34503
       34509
       34510
       34521
       34523
       34525
       34526
       34535
       34536
       34538
       34539
       34540
       34549
       34550
       34556
       34557
       34566
       34568
       34569
       34574
       34579
       34582
       34583
       34591
       34593
       34594
       34595
       34603
       34604
       34607
       34615
       34618
       34620
       34622
       34623
       34624
       34633
       34634
       34638
       34639
       34640
       34642
      -34660
       34663
       34667
       34672
       34673
       34674
       34679
       34682
       34683
       34684
      -34690
       34691
       34692
       34694
       34697
       34698
       34699
       34703
       34707
       34717
       34719
       34726
       34728
       34737
       34739
       34741
       34754
       34758
       34760
       34761
       34763
       34765
       34766
       34767
       34768
       34770
       34772
       34779
       34782
       34784
       34787
       34790
       34792
      -34793
       34798
       34799
       34803
       34806
       34808
       34815
       34816
       34818
       34821
       34822
       34831
       34834
       34846
       34847
       34848
       34856
       34859
       34866
       34867
       34869
       34871
       34875
       34881
       34887
       34890
       34892
       34893
       34894
       34897
       34901
       34907
       34908
       34909
       34922
       34926
       34931
       34935
       34936
       34937
       34942
       34950
      -34953
       34960
       34964
       34965
       34970
       34972
       34976
       34981
       34982
       34984
       34985
       34993
       34999
       35000
       35002
       35006
       35009
       35011
       35014
       35015
       35025
       35026
       35033
       35034
       35039
       35040
       35042
       35048
       35056
       35059
       35068
       35072
      -35074
       35075
       35076
      -35077
       35081
       35082
       35085
       35090
       35092
       35094
       35105
       35107
       35113
       35114
       35115
       35120
       35122
       35127
       35128
       35129
       35131
       35132
       35134
       35140
       35143
       35144
       35146
       35148
       35149
       35151
       35163
      -35166
       35174
       35177
       35180
       35181
       35183
       35184
       35186
       35187
       35188
       35191
       35193
       35195
       35200
       35202
       35209
       35214
       35215
       35218
      -35222
       35224
       35226
       35227
       35230
       35239
       35240
       35247
       35250
       35254
       35261
       35264
       35267
       35268
       35273
       35274
       35278
       35281
       35284
       35288
       35289
       35290
       35291
       35292
       35294
      -35295
       35297
       35300
       35301
       35307
       35309
       35310
       35318
       35319
       35325
       35331
       35334
       35336
       35340
       35348
       35354
       35356
       35362
       35363
      -35366
       35367
       35369
       35370
       35379
       35381
       35382
       35383
       35384
       35388
       35390
       35392
       35393
       35398
       35399
       35405
       35407
       35409
       35410
       35414
       35418
       35424
       35425
       35426
       35427
       35430
       35432
       35433
       35440
      -35442
       35443
       35445
       35449
       35450
       35451
       35452
       35453
       35457
       35458
       35465
       35468
       35472
       35473
       35476
       35478
       35485
       35486
      -35489
       35490
       35494
       35497
       35498
       35499
       35507
       35509
       35513
       35515
       35519
       35521
       35523
       35528
       35534
       35535
       35536
       35537
       35538
       35545
       35548
       35549
       35550
       35556
       35558
       35560
      -35562
       35565
       35566
       35569
       35570
       35573
       35575
       35576
       35579
       35581
       35582
       35585
       35591
       35594
       35595
       35597
       35598
       35599
       35601
       35605
       35607
       35608
      -35614
       35616
       35617
       35618
       35619
       35627
       35629
       35630
       35633
       35635
       35638
       35642
       35644
       35649
       35651
       35652
       35653
       35655
       35659
       35664
       35667
       35668
       35670
       35677
       35679
       35683
       35688
       35689
       35691
       35694
       35700
       35703
       35704
       35705
       35709
       35712
       35715
       35717
       35719
       35720
       35721
       35725
       35727
       35736
       35737
       35739
       35741
       35745
       35746
       35747
       35750
       35753
       35757
       35760
       35761
       35762
       35765
       35767
       35768
       35769
       35770
       35771
       35773
       35778
       35780
       35784
       35785
       35792
       35793
       35794
       35802
       35803
       35804
       35807
       35810
       35813
       35814
       35817
       35828
       35832
       35833
       35834
       35835
       35836
       35841
       35844
       35845
       35848
       35849
       35852
       35853
       35861
       35865
       35868
       35871
       35875
       35877
       35878
       35879
       35880
       35885
       35887
       35889
       35890
       35891
       35892
       35894
       35895
       35896
       35898
       35900
       35904
       35907
       35908
       35910
       35912
       35913
       35914
       35915
       35916
       35921
       35925
       35929
       35930
       35935
       35936
       35938
       35942
       35944
       35947
       35948
       35954
       35955
       35956
       35957
       35958
       35960
       35961
       35965
       35966
       35968
       35970
       35971
       35975
       35978
       35979
       35981
       35985
       35986
       35987
       35992
       35997
       35998
       36000
       36001
       36003
       36006
       36008
       36009
       36010
       36013
       36014
       36015
       36021
       36022
       36026
       36029
       36032
       36033
       36036
       36037
       36041
       36043
       36044
       36045
       36048
       36053
       36054
       36060
       36063
       36065
       36067
       36072
       36073
       36076
       36077
       36078
       36079
       36081
       36084
       36085
       36086
       36087
       36089
       36092
       36094
       36097
       36098
       36100
       36101
       36102
       36104
       36105
       36106
       36111
       36117
       36120
       36121
       36123
       36124
       36126
       36130
       36131
       36132
       36133
       36135
       36137
       36140
       36144
       36146
       36151
       36154
       36155
       36156
       36157
       36165
       36167
       36168
       36169
       36172
       36177
       36180
       36181
       36182
       36183
       36184
       36187
       36189
       36193
       36194
       36195
       36201
       36202
       36204
       36206
       36207
       36210
       36211
       36213
       36215
       36217
       36218
       36221
       36225
       36231
       36234
       36236
       36237
       36240
       36242
       36244
       36247
       36249
       36252
       36253
       36255
       36256
       36258
       36261
       36263
       36264
       36272
       36273
       36274
       36276
       36278
       36279
       36280
       36281
       36283
       36284
       36287
       36288
       36289
       36293
       36300
       36303
       36307
       36309
       36311
       36317
       36323
       36326
       36328
       36333
       36335
       36336
       36337
       36341
       36342
       36344
       36353
       36358
       36360
       36361
       36363
       36368
       36371
       36375
       36376
       36379
       36387
       36391
       36392
       36393
       36395
       36397
       36403
       36407
       36408
       36412
       36413
       36417
       36420
       36424
       36425
       36426
       36427
       36432
       36433
       36439
       36445
       36447
       36448
       36449
       36464
       36468
       36469
       36474
       36475
       36476
       36477
       36481
       36484
       36490
       36491
       36497
       36499
       36504
       36507
       36508
       36510
       36512
       36513
       36516
       36517
       36528
       36529
       36537
       36541
       36546
       36547
       36550
       36552
       36555
       36559
       36563
       36566
       36567
       36571
       36573
       36575
       36581
       36583
       36589
       36591
       36592
       36596
       36600
       36603
       36606
       36611
       36618
       36622
       36624
       36625
       36627
       36629
       36636
       36638
       36642
       36643
       36646
       36648
       36649
       36652
       36653
       36655
       36657
       36668
       36670
       36683
       36685
       36693
       36695
       36702
       36703
       36704
       36713
       36716
       36719
       36720
       36721
       36723
       36725
       36726
       36730
       36731
       36737
       36738
       36749
       36754
       36755
       36761
       36762
       36763
       36770
       36776
       36789
       36790
       36792
       36799
       36803
       36806
       36816
       36818
       36820
       36823
       36824
       36827
       36828
       36833
       36834
       36835
       36837
       36842
       36843
       36846
       36847
       36857
       36859
       36866
       36868
       36870
       36873
       36874
       36880
       36881
       36884
       36896
       36897
       36909
       36910
       36920
       36925
       36935
       36936
       36938
       36939
       36940
       36942
       36945
       36947
       36950
       36951
       36952
       36953
       36957
       36958
       36981
       36985
       36990
       36991
       36994
       36995
       36997
       36999
       37018
       37019
       37024
       37025
       37036
       37039
       37040
       37057
       37058
       37063
       37066
       37068
       37072
       37074
       37079
       37094
       37099
       37131
NNODG          31435        1437        1332
       -1407
       -1498
       -1500
       -1501
        1502
       -1601
        1605
       -1606
        1607
        1608
        1609
       -1649
        1713
       -1714
       -1716
        1717
        1718
        1719
        1720
        1721
       -1756
       -1757
       -1758
        1759
        1760
        1827
       -1828
        1829
        1830
        1831
        1832
        1833
        1834
       -1871
       -1872
        1873
        1874
        1875
        1876
        1877
       -1947
        1950
        1951
        1952
        1953
        1954
        1955
        1956
        1957
       -2001
        2002
        2003
        2004
        2005
        2006
        2007
        2008
       -2076
        2080
        2081
        2082
        2083
        2084
        2085
        2086
        2087
       -2133
        2134
        2135
        2136
        2137
        2138
        2139
        2140
        2141
       -2219
       -2224
       -2225
        2226
        2227
        2228
        2229
        2230
        2231
       -2280
        2281
        2282
        2283
        2284
        2285
        2286
        2287
        2288
        2289
       -2378
        2379
        2380
        2381
        2382
        2383
        2384
        2385
       -2386
       -2439
        2440
        2441
        2442
        2443
        2444
        2445
        2446
        2447
        2448
        2525
        2526
        2527
        2528
        2529
        2530
        2531
       -2532
       -2593
        2594
        2595
        2596
        2597
        2598
        2599
        2600
        2601
        2602
        2684
        2685
        2686
        2687
        2688
        2689
        2690
       -2691
       -2692
       -2757
        2758
        2759
        2760
        2761
        2762
        2763
        2764
        2765
        2766
        2767
        2860
        2861
        2862
       -2863
        2864
        2865
        2866
       -2940
        2941
        2942
        2943
        2944
        2945
        2946
        2947
        2948
        2949
        2950
        3058
       -3059
       -3060
       -3061
       -3062
       -3064
       -3065
       -3137
        3138
        3139
        3140
        3141
        3142
        3143
        3144
        3145
        3146
        3147
       -3148
       -3250
       -3334
       -3335
        3336
        3337
        3338
        3339
        3340
        3341
        3342
        3343
        3344
        3345
       -3346
        3347
       -3530
        3531
        3532
        3533
        3534
        3535
        3536
        3537
        3538
        3539
        3540
        3541
        3542
       -3543
        3544
       -3727
        3728
        3729
        3730
        3731
        3732
        3733
        3734
        3735
        3736
        3737
        3738
        3739
        3740
        3741
        3742
       -3743
        3745
       -3922
        3923
        3924
        3925
        3926
        3927
        3928
        3929
        3930
        3931
        3932
        3933
        3934
        3935
        3936
        3937
        3938
        3939
        3940
        3941
       -3942
        3944
       -4097
        4098
        4099
        4100
        4101
        4102
        4103
        4104
        4105
        4106
        4107
        4108
        4109
        4110
        4111
        4112
        4113
        4114
        4115
        4116
        4117
        4118
        4119
        4120
       -4121
        4124
       -4282
        4283
        4284
        4285
        4286
        4287
        4288
        4289
        4290
        4291
        4292
        4293
        4294
        4295
        4296
        4297
        4298
        4299
        4300
        4301
        4302
        4303
        4304
        4305
        4306
        4307
        4308
        4309
        4310
       -4311
        4314
       -4486
        4487
        4488
        4489
        4490
        4491
        4492
        4493
        4494
        4495
        4496
        4497
        4498
        4499
        4500
        4501
        4502
        4503
        4504
        4505
        4506
        4507
        4508
        4509
        4510
        4511
        4512
        4513
        4514
        4515
        4516
        4517
        4518
        4519
        4520
       -4521
        4525
       -4711
        4712
        4713
        4714
        4715
        4716
        4717
        4718
        4719
        4720
        4721
        4722
        4723
        4724
        4725
        4726
        4727
        4728
        4729
        4730
        4731
        4732
        4733
        4734
        4735
        4736
        4737
        4738
        4739
        4740
        4741
        4742
        4743
        4744
        4745
        4746
        4747
        4748
        4749
        4750
        4751
        4752
       -4753
        4758
       -4960
        4961
        4962
        4963
        4964
        4965
        4966
        4967
        4968
        4969
        4970
        4971
        4972
        4973
        4974
        4975
        4976
        4977
        4978
        4979
        4980
        4981
        4982
        4983
        4984
        4985
        4986
        4987
        4988
        4989
        4990
        4991
        4992
        4993
        4994
        4995
        4996
        4997
        4998
        4999
        5000
        5001
        5002
        5003
        5004
        5005
        5006
        5007
        5008
       -5009
       -5011
        5015
       -5241
        5242
        5243
        5244
        5245
        5246
        5247
        5248
        5249
        5250
        5251
        5252
        5253
        5254
        5255
        5256
        5257
        5258
        5259
        5260
        5261
        5262
        5263
        5264
        5265
        5266
        5267
        5268
        5269
        5270
        5271
        5272
        5273
        5274
        5275
        5276
        5277
        5278
        5279
        5280
        5281
        5282
        5283
        5284
        5285
        5286
        5287
        5288
        5289
        5290
        5291
        5292
        5293
        5294
        5295
        5296
        5297
        5300
       -5301
        5306
       -5563
        5564
        5565
        5566
        5567
        5568
        5569
        5570
        5571
        5572
        5573
        5574
        5575
        5576
        5577
        5578
        5579
        5580
        5581
        5582
        5583
        5584
        5585
        5586
        5587
        5588
        5589
        5590
        5591
        5592
        5593
        5594
        5595
        5596
        5597
        5598
        5599
        5600
        5601
        5602
        5603
        5604
        5605
        5606
        5607
        5608
        5609
        5610
        5611
        5612
        5613
        5614
        5615
        5616
        5617
        5618
        5619
        5620
        5621
        5622
        5623
        5624
        5625
        5626
        5627
        5628
        5629
       -5632
        5633
        5634
        5638
        5639
        5927
        5928
        5929
        5930
        5931
        5932
        5933
        5934
        5935
        5936
        5937
        5938
        5939
        5940
        5941
        5942
        5943
        5944
        5945
        5946
        5947
        5948
        5949
        5950
        5951
        5952
        5953
        5954
        5955
        5956
        5957
        5958
        5959
        5960
        5961
        5962
        5963
        5964
        5965
        5966
        5967
        5968
        5969
        5970
        5971
        5972
        5973
        5974
        5975
        5976
        5977
        5978
        5979
        5980
        5981
        5982
        5983
        5984
        5985
        5986
        5987
        5988
        5989
        5990
        5991
        5992
        5993
        5994
        5995
       -6000
        6001
        6002
        6003
        6008
        6009
        6010
        6011
        6339
        6340
        6341
        6342
        6343
        6344
        6345
        6346
        6347
        6348
        6349
        6350
        6351
        6352
        6353
        6354
        6355
        6356
        6357
        6358
        6359
        6360
        6361
        6362
        6363
        6364
        6365
        6366
        6367
        6368
        6369
        6370
        6371
        6372
        6373
        6374
        6375
        6376
        6377
        6378
        6379
        6380
        6381
        6382
        6383
        6384
        6385
        6386
        6387
        6388
        6389
        6390
        6391
        6392
        6393
        6394
        6395
        6396
        6397
        6398
        6399
        6400
       -6407
        6408
        6409
        6410
        6411
        6412
        6413
        6414
        6415
        6755
        6756
        6757
        6758
        6759
        6760
        6761
        6762
        6763
        6764
        6765
        6766
        6767
        6768
        6769
        6770
        6771
        6772
        6773
        6774
        6775
        6776
        6777
        6778
        6779
        6780
        6781
        6782
        6783
        6784
        6785
        6786
        6787
        6788
        6789
        6790
        6791
        6792
        6793
        6794
        6795
        6796
        6797
        6798
        6799
        6800
        6801
        6802
        6803
        6804
        6805
        6806
        6807
        6808
        6809
        6810
        6811
        6812
        6813
        6814
        6815
        6816
        6817
        6818
        6819
        7159
        7160
        7161
        7162
        7163
        7164
        7165
        7166
        7167
        7168
        7169
        7170
        7171
        7172
        7173
        7174
        7175
        7176
        7177
        7178
        7179
        7180
        7181
        7182
        7183
        7184
        7185
        7186
        7187
        7188
        7189
        7190
        7191
        7192
        7193
        7194
        7195
        7196
        7197
        7198
        7199
        7200
        7201
        7202
        7203
        7204
        7205
        7206
        7207
        7208
        7209
        7210
        7211
        7212
        7213
        7214
        7215
        7216
        7217
        7218
        7219
        7220
        7221
        7222
        7223
        7224
        7225
        7226
        7227
        7531
        7532
        7533
        7534
        7535
        7536
        7537
        7538
        7539
        7540
        7541
        7542
        7543
        7544
        7545
        7546
        7547
        7548
        7549
        7550
        7551
        7552
        7553
        7554
        7555
        7556
        7557
        7558
        7559
        7560
        7561
        7562
        7563
        7564
        7565
        7566
        7567
        7568
        7569
        7570
        7571
        7572
        7573
        7574
        7575
        7576
        7577
        7578
        7579
        7580
        7581
        7582
        7583
        7584
        7585
        7586
        7587
        7588
        7589
        7590
        7591
        7592
        7593
        7594
        7595
        7596
        7597
        7598
        7599
        7600
        7601
        7602
        7901
        7902
        7903
        7904
        7905
        7906
        7907
        7908
        7909
        7910
        7911
        7912
        7913
        7914
        7915
        7916
        7917
        7918
        7919
        7920
        7921
        7922
        7923
        7924
        7925
        7926
        7927
        7928
        7929
        7930
        7931
        7932
        7933
        7934
        7935
        7936
        7937
        7938
        7939
        7940
        7941
        7942
        7943
        7944
        7945
        7946
        7947
        7948
        7949
        7950
        7951
        7952
        7953
        7954
        7955
        7956
        7957
        7958
        7959
        7960
        7961
        7962
        7963
        7964
        7965
        7966
        7967
        7968
        7969
        7970
        7971
        7972
        7973
        7974
        7975
        8285
        8286
        8287
        8288
        8289
        8290
        8291
        8292
        8293
        8294
        8295
        8296
        8297
        8298
        8299
        8300
        8301
        8302
        8303
        8304
        8305
        8306
        8307
        8308
        8309
        8310
        8311
        8312
        8313
        8314
        8315
        8316
        8317
        8318
        8319
        8320
        8321
        8322
        8323
        8324
        8325
        8326
        8327
        8328
        8329
        8330
        8331
        8332
        8333
        8334
        8335
        8336
        8337
        8338
        8339
        8340
        8341
        8342
        8343
        8344
        8345
        8346
        8347
        8348
        8349
        8350
        8351
        8352
        8353
        8354
        8355
        8356
        8687
        8688
        8689
        8690
        8691
        8692
        8693
        8694
        8695
        8696
        8697
        8698
        8699
        8700
        8701
        8702
        8703
        8704
        8705
        8706
        8707
        8708
        8709
        8710
        8711
        8712
        8713
        8714
        8715
        8716
        8717
        8718
        8719
        8720
        8721
        8722
        8723
        8724
        8725
        8726
        8727
        8728
        8729
        8730
        8731
        8732
        8733
        8734
        8735
       -8736
        8737
        8738
        8739
        8740
        8741
        8742
        8743
        8744
        8745
        8746
        9091
        9092
        9093
        9094
        9095
        9096
        9097
        9098
        9099
        9100
        9101
        9102
        9103
        9104
        9105
        9106
        9107
        9108
        9109
        9110
        9111
        9112
        9113
        9114
        9115
        9116
        9117
        9118
        9119
        9120
        9121
        9122
        9123
        9124
        9125
        9126
        9127
       -9128
       -9130
        9131
        9132
        9133
        9134
        9135
        9496
        9497
        9498
        9499
        9500
        9501
        9502
        9503
        9504
        9505
        9506
        9507
        9508
        9509
        9510
        9511
        9512
        9513
        9514
        9515
        9516
        9517
        9518
        9519
        9520
        9521
        9522
        9523
        9524
        9525
        9526
        9894
        9895
        9896
        9897
        9898
        9899
        9900
        9901
        9902
        9903
        9904
        9905
        9906
        9907
        9908
        9909
        9910
        9911
        9912
        9913
        9914
        9915
        9916
        9917
        9918
        9919
        9920
        9921
        9922
        9923
       10224
       10225
       10226
       10227
       10228
       10229
       10230
       10231
       10232
       10233
       10234
       10235
       10236
       10237
       10238
       10239
       10240
       10241
       10242
       10243
       10244
       10245
       10246
       10247
       10248
       10249
       10250
       10251
       10252
       10253
       10516
       10517
       10518
       10519
       10520
       10521
       10522
       10523
       10524
       10525
       10526
       10527
       10528
       10529
       10530
       10531
       10532
       10533
       10534
       10535
       10536
       10537
       10538
       10539
       10540
       10768
       10769
       10770
       10771
       10772
       10773
       10774
       10775
       10776
       10777
       10778
       10779
       10780
       10781
       10782
       10996
       10997
       10998
       10999
       11000
       11001
       11002
       11003
       11004
       11005
       11230
       11231
       11232
       11233
       11234
       11235
NFLUXF             0
NETA             103          37           0
NSTAE              0           0           0
NSTAV              0           0           0
NSTAM              0           0           0
NSTAC              0           0           0
RES NODE           1        1261
                   5           7           9          10          11          13
                  16          17          18          19          20          24
                  25          26          28          29          30          31
                  32          33          36          37          38          39
                  40          42          43          44          45          46
                  47          48          49          51          52          53
                  54          55          56          57          59          60
                  61          62          63          64          65          66
                  68          69          70          71          72          73
                  74          75          79          80          81          82
                  83          84          86          87          88          89
                  90          91          92          93          94          96
                  97          98          99         100         101         102
                 105         106         107         108         109         110
                 111         112         113         114         115         116
                 117         118         119         120         123         124
                 125         126         127         128         129         130
                 131         132         133         134         135         136
                 137         138         142         143         144         145
                 146         147         148         149         150         151
                 152         153         154         156         157         158
                 160         161         162         163         164         165
                 166         167         168         169         170         178
                 179         180         181         182         183         184
                 185         186         187         192         193         194
                 195         196         197         198         199         200
                 201         203         205         206         207         208
                 209         210         211         212         213         214
                 215         216         218         220         221         222
                 223         224         225         226         227         228
                 229         230         231         232         233         234
                 236         238         239         240         241         242
                 243         244         245         246         247         248
                 249         250         251         252         253         254
                 255         256         258         260         261         262
                 263         264         265         266         267         268
                 269         270         271         272         273         274
                 275         276         277         278         279         280
                 281         282         284         286         287         288
                 289         290         291         292         293         294
                 295         296         297         298         299         300
                 301         302         303         304         305         306
                 307         308         309         310         311         312
                 313         315         317         318         319         320
                 321         322         323         324         325         326
                 327         328         329         330         331         332
                 333         334         335         336         337         338
                 339         340         341         342         343         344
                 345         346         347         348         349         350
                 352         354         355         356         357         358
                 359         360         361         362         363         364
                 365         366         367         368         369         370
                 371         372         373         374         375         376
                 377         378         379         380         381         382
                 383         384         385         386         387         388
                 389         390         391         392         393         394
                 396         398         399         400         401         402
                 403         404         405         406         407         408
                 409         410         411         412         413         414
                 415         416         417         418         419         420
                 421         422         423         424         425         426
                 427         428         429         430         431         432
                 433         434         435         436         437         438
                 439         440         441         442         443         444
                 445         448         450         451         452         453
                 454         455         456         457         458         459
                 460         461         462         463         464         465
                 466         467         468         469         470         471
                 472         473         474         475         476         477
                 478         479         480         481         482         483
                 484         485         486         487         488         489
                 490         491         492         493         494         495
                 496         497         498         499         500         501
                 502         503         504         505         506         508
                 510         511         512         513         514         515
                 516         517         518         519         520         521
                 522         523         524         525         526         527
                 528         529         530         531         532         533
                 534         535         536         537         538         539
                 540         541         542         543         544         545
                 546         547         548         549         550         551
                 552         553         554         555         556         557
                 558         559         560         561         562         563
                 564         565         566         567         568         569
                 570         571         572         573         574         575
                 577         578         579         580         581         582
                 583         584         585         586         587         588
                 589         590         591         592         593         594
                 595         596         597         598         599         600
                 601         602         603         604         605         606
                 607         608         609         610         611         612
                 613         614         615         616         617         618
                 619         620         621         622         623         624
                 625         626         627         628         629         630
                 631         632         633         634         635         636
                 637         638         639         640         641         642
                 643         644         645         646         647         648
                 649         651         652         653         654         655
                 656         657         658         659         660         661
                 662         663         664         665         666         667
                 668         669         670         671         672         673
                 674         675         676         677         678         679
                 680         681         682         683         684         685
                 686         687         688         689         690         691
                 692         693         694         695         696         697
                 698         699         700         701         702         703
                 704         705         706         707         708         709
                 710         711         712         713         714         715
                 716         717         718         719         721         722
                 723         724         725         726         727         728
                 729         730         731         732         733         734
                 735         736         737         738         739         740
                 741         742         743         744         745         746
                 747         748         749         750         751         752
                 753         754         755         756         757         758
                 759         760         761         762         763         764
                 765         766         767         768         769         770
                 771         772         773         774         775         776
                 777         778         779         780         781         782
                 783         784         785         786         787         788
                 789         790         791         792         793         794
                 795         796         797         798         799         800
                 801         802         803         804         805         806
                 807         808         809         810         811         812
                 813         814         815         816         817         818
                 819         820         821         822         823         824
                 825         826         827         828         829         830
                 831         832         833         834         835         836
                 837         838         839         840         841         842
                 843         844         845         846         847         848
                 849         850         851         852         853         854
                 855         856         857         858         859         860
                 861         862         863         864         865         866
                 867         868         869         870         871         872
                 873         874         875         876         877         878
                 879         880         881         882         883         884
                 885         886         887         888         889         890
                 891         892         893         894         895         896
                 897         898         899         900         901         902
                 903         904         905         906         907         908
                 909         910         911         912         913         914
                 915         916         917         918         919         920
                 921         922         923         924         925         926
                 927         928         929         930         931         932
                 933         934         935         936         937         938
                 939         940         941         942         943         944
                 945         946         947         948         949         950
                 951         952         953         954         955         956
                 957         958         959         960         961         962
                 963         964         965         966         967         968
                 969         970         971         972         973         974
                 975         976         977         978         979         980
                 981         982         983         984         985         986
                 987         988         989         990         991         992
                 993         994         995         996         997         998
                 999        1000        1001        1002        1003        1004
                1005        1006        1007        1008        1009        1010
                1011        1012        1013        1014        1015        1016
                1017        1018        1019        1020        1021        1022
                1023        1024        1025        1026        1027        1028
                1029        1030        1031        1032        1033        1034
                1035        1036        1037        1038        1039        1040
                1041        1042        1043        1044        1045        1046
                1047        1048        1049        1050        1051        1052
                1053        1054        1055        1056        1057        1058
                1059        1060        1061        1062        1063        1064
                1065        1066        1067        1068        1069        1070
                1071        1072        1073        1074        1075        1076
                1077        1078        1079        1080        1081        1082
                1083        1084        1085        1086        1087        1088
                1089        1090        1091        1092        1093        1094
                1095        1096        1097        1098        1099        1100
                1101        1102        1103        1104        1105        1106
                1107        1108        1109        1110        1111        1112
                1113        1114        1115        1116        1117        1118
                1119        1120        1121        1122        1123        1124
                1125        1126        1127        1128        1129        1130
                1132        1133        1134        1135        1136        1137
                1138        1139        1140        1141        1142        1143
                1144        1145        1146        1147        1148        1149
                1150        1151        1152        1153        1154        1155
                1156        1157        1158        1159        1160        1161
                1162        1163        1164        1165        1166        1167
                1168        1169        1170        1171        1172        1173
                1174        1175        1176        1177        1178        1181
                1182        1183        1184        1185        1186        1187
                1188        1189        1190        1191        1192        1193
                1194        1195        1196        1197        1198        1199
                1200        1201        1202        1203        1204        1205
                1206        1207        1208        1209        1210        1211
                1212        1213        1214        1215        1216        1217
                1218        1219        1220        1221        1222        1223
                1224        1225        1226        1227        1228        1229
                1230        1231        1232        1233        1234        1235
                1236        1237        1238        1239        1240        1241
                1242        1243        1244        1245        1246        1247
                1248        1249        1250        1251        1252        1253
                1254        1255        1256        1257        1258        1259
                1260        1261        1262        1263        1264        1265
                1266        1267        1268        1269        1270        1271
                1272        1273        1274        1275        1276        1277
                1278        1279        1280        1281        1282        1283
                1284        1285        1286        1287        1288        1289
                1290        1291        1292        1293        1294        1295
                1296        1297        1298        1299        1300        1301
                1302        1303        1304        1305        1306        1307
                1308        1309        1310        1311        1312        1313
                1314        1315        1316        1317        1318        1319
                1320        1321        1322        1323        1324        1325
                1326        1327        1328        1329        1330        1331
                1332
COMM PE            5
RECV PE            0          24
                 171         172         174         175         176         188
                 189         202         217         235         257         283
                 314         351         395         446         447         507
                 576         650         720        1131        1179        1180
RECV PE            2          20
                  50          67          85         104         122         141
                 159         177         190         191         204         219
                 237         259         285         316         353         397
                 449         509
RECV PE            3          11
                  58          76          77          78          95         103
                 121         139         140         155         173
RECV PE            4          11
                   1           2           3           8          12          15
                  21          22          23          34          35
RECV PE            5           5
                   4           6          14          27          41
SEND PE            0          26
                 153         154         156         157         158         169
                 170         186         187         203         218         236
                 258         284         315         352         396         448
                 506         577         578         652         721        1070
                1130        1132
SEND PE            2          21
                  51          68          86         105         123         142
                 160         178         179         192         205         220
                 238         260         286         317         318         354
                 398         450         510
SEND PE            3           9
                  43          59          60          66          84         102
                 120         135         154
SEND PE            4          11
                   5           7           9          18          24          25
                  28          36          37          51          52
SEND PE            5           5
                   5          10          13          26          43
