AL, 14, 2016100412,   , BEST,   0, 184N,  743W, 125,  937,   ,  34, NEQ,  170,  150,   90,  100, 1013,     ,  15,     ,    ,    ,    ,    ,  0,   9,   MATTHEW  ,   1,    3, 1, 1, 1, 1,     44.9,   37.6,   21.6,   25.0,    2.1400,   2.2609,   2.2413,   2.1979,   2.2072, 132.2283, 132.2283, 132.2283, 132.2283
AL, 14, 2016100412,   , BEST,   0, 184N,  743W, 125,  937,   ,  50, NEQ,   70,   60,   50,   60, 1013,     ,  15,     ,    ,    ,    ,    ,  0,   9,   MATTHEW  ,   1,    3, 1, 1, 1, 1,     22.1,   18.2,   15.8,   19.8,    2.1400,   2.1993,   2.1888,   2.1825,   2.1933, 132.2283, 132.2283, 132.2283, 132.2283
AL, 14, 2016100412,   , BEST,   0, 184N,  743W, 125,  937,   ,  64, NEQ,   35,   40,   30,   30, 1013,     ,  15,     ,    ,    ,    ,    ,  0,   9,   MATTHEW  ,   1,    3, 1, 1, 1, 1,     13.3,   14.9,   11.8,   12.2,    2.1400,   2.1758,   2.1800,   2.1716,   2.1727, 132.2283, 132.2283, 132.2283, 132.2283
AL, 14, 2016100418,   , BEST,   6, 193N,  743W, 120,  947,   ,  34, NEQ,  160,  150,   90,  100, 1013,     ,  15,     ,    ,    ,    ,    ,  0,   9,   MATTHEW  ,   2,    3, 1, 1, 1, 1,     47.2,   42.7,   24.5,   28.4,    2.2615,   2.4084,   2.3943,   2.3375,   2.3496, 126.6727, 126.6727, 126.6727, 126.6727
AL, 14, 2016100418,   , BEST,   6, 193N,  743W, 120,  947,   ,  50, NEQ,   70,   60,   50,   60, 1013,     ,  15,     ,    ,    ,    ,    ,  0,   9,   MATTHEW  ,   2,    3, 1, 1, 1, 1,     24.6,   20.2,   17.6,   22.1,    2.2615,   2.3379,   2.3244,   2.3162,   2.3301, 126.6727, 126.6727, 126.6727, 126.6727
AL, 14, 2016100418,   , BEST,   6, 193N,  743W, 120,  947,   ,  64, NEQ,   40,   40,   40,   40, 1013,     ,  15,     ,    ,    ,    ,    ,  0,   9,   MATTHEW  ,   2,    3, 1, 1, 1, 1,     16.9,   16.4,   17.5,   18.1,    2.2615,   2.3140,   2.3125,   2.3158,   2.3176, 126.6727, 126.6727, 126.6727, 126.6727
AL, 14, 2016100500,   , BEST,  12, 201N,  743W, 115,  949,   ,  34, NEQ,  160,  150,   90,  100, 1013,     ,  15,     ,    ,    ,    ,    ,  0,   8,   MATTHEW  ,   3,    3, 1, 1, 1, 1,     46.4,   41.9,   23.9,   27.7,    2.1489,   2.2978,   2.2833,   2.2253,   2.2377, 121.5935, 121.5935, 121.5935, 121.5935
AL, 14, 2016100500,   , BEST,  12, 201N,  743W, 115,  949,   ,  50, NEQ,   70,   60,   50,   60, 1013,     ,  15,     ,    ,    ,    ,    ,  0,   8,   MATTHEW  ,   3,    3, 1, 1, 1, 1,     24.4,   20.0,   17.4,   21.9,    2.1489,   2.2268,   2.2129,   2.2046,   2.2189, 121.5935, 121.5935, 121.5935, 121.5935
AL, 14, 2016100500,   , BEST,  12, 201N,  743W, 115,  949,   ,  64, NEQ,   40,   40,   40,   40, 1013,     ,  15,     ,    ,    ,    ,    ,  0,   8,   MATTHEW  ,   3,    3, 1, 1, 1, 1,     16.9,   16.4,   17.5,   18.1,    2.1489,   2.2030,   2.2014,   2.2049,   2.2069, 121.5935, 121.5935, 121.5935, 121.5935
AL, 14, 2016100506,   , BEST,  18, 207N,  744W, 110,  960,   ,  34, NEQ,  160,  140,   90,   90, 1013,     ,  15,     ,    ,    ,    ,    ,351,   6,   MATTHEW  ,   4,    3, 1, 1, 1, 1,     55.6,   46.7,   28.8,   29.1,    2.4035,   2.6165,   2.5822,   2.5135,   2.5150, 117.0237, 117.0237, 117.0237, 117.0237
AL, 14, 2016100506,   , BEST,  18, 207N,  744W, 110,  960,   ,  50, NEQ,   70,   60,   50,   60, 1013,     ,  15,     ,    ,    ,    ,    ,351,   6,   MATTHEW  ,   4,    3, 1, 1, 1, 1,     28.3,   23.6,   20.3,   25.1,    2.4035,   2.5116,   2.4935,   2.4812,   2.4996, 117.0237, 117.0237, 117.0237, 117.0237
AL, 14, 2016100506,   , BEST,  18, 207N,  744W, 110,  960,   ,  64, NEQ,   40,   35,   35,   40, 1013,     ,  15,     ,    ,    ,    ,    ,351,   6,   MATTHEW  ,   4,    3, 1, 1, 1, 1,     19.2,   16.5,   17.4,   20.3,    2.4035,   2.4769,   2.4663,   2.4699,   2.4812, 117.0237, 117.0237, 117.0237, 117.0237
AL, 14, 2016100512,   , BEST,  24, 214N,  748W, 105,  962,   ,  34, NEQ,  160,  140,   80,   90, 1013,     ,  15,     ,    ,    ,    ,    ,332,   8,   MATTHEW  ,   5,    3, 1, 1, 1, 1,     53.5,   45.4,   24.7,   28.2,    2.2276,   2.4356,   2.4040,   2.3233,   2.3370, 110.5150, 110.5150, 110.5150, 110.5150
AL, 14, 2016100512,   , BEST,  24, 214N,  748W, 105,  962,   ,  50, NEQ,   70,   60,   50,   60, 1013,     ,  15,     ,    ,    ,    ,    ,332,   8,   MATTHEW  ,   5,    3, 1, 1, 1, 1,     27.4,   23.2,   20.5,   24.8,    2.2276,   2.3339,   2.3176,   2.3069,   2.3239, 110.5150, 110.5150, 110.5150, 110.5150
AL, 14, 2016100512,   , BEST,  24, 214N,  748W, 105,  962,   ,  64, NEQ,   40,   30,   30,   40, 1013,     ,  15,     ,    ,    ,    ,    ,332,   8,   MATTHEW  ,   5,    3, 1, 1, 1, 1,     18.9,   14.0,   15.3,   20.5,    2.2276,   2.3009,   2.2820,   2.2867,   2.3070, 110.5150, 110.5150, 110.5150, 110.5150
AL, 14, 2016100518,   , BEST,  30, 222N,  754W, 105,  963,   ,  34, NEQ,  160,  140,   70,   90, 1013,     ,  15,     ,    ,    ,    ,    ,325,  10,   MATTHEW  ,   6,    3, 1, 1, 1, 1,     54.2,   46.4,   21.8,   28.7,    2.2372,   2.4584,   2.4261,   2.3256,   2.3539, 109.6622, 109.6622, 109.6622, 109.6622
AL, 14, 2016100518,   , BEST,  30, 222N,  754W, 105,  963,   ,  50, NEQ,   70,   60,   40,   60, 1013,     ,  15,     ,    ,    ,    ,    ,325,  10,   MATTHEW  ,   6,    3, 1, 1, 1, 1,     27.6,   23.6,   16.5,   25.2,    2.2372,   2.3494,   2.3330,   2.3043,   2.3396, 109.6622, 109.6622, 109.6622, 109.6622
AL, 14, 2016100518,   , BEST,  30, 222N,  754W, 105,  963,   ,  64, NEQ,   40,   30,   30,   40, 1013,     ,  15,     ,    ,    ,    ,    ,325,  10,   MATTHEW  ,   6,    3, 1, 1, 1, 1,     19.0,   14.2,   15.6,   20.8,    2.2372,   2.3143,   2.2950,   2.3007,   2.3215, 109.6622, 109.6622, 109.6622, 109.6622
AL, 14, 2016100600,   , BEST,  36, 230N,  760W, 105,  960,   ,  34, NEQ,  160,  140,   70,   90, 1013,     ,  10,     ,    ,    ,    ,    ,325,  10,   MATTHEW  ,   7,    3, 1, 1, 1, 1,     51.1,   43.6,   20.4,   26.9,    2.1109,   2.3144,   2.2843,   2.1916,   2.2177, 109.6704, 109.6704, 109.6704, 109.6704
AL, 14, 2016100600,   , BEST,  36, 230N,  760W, 105,  960,   ,  50, NEQ,   70,   60,   40,   60, 1013,     ,  10,     ,    ,    ,    ,    ,325,  10,   MATTHEW  ,   7,    3, 1, 1, 1, 1,     26.2,   22.3,   15.7,   24.0,    2.1109,   2.2148,   2.1995,   2.1731,   2.2060, 109.6704, 109.6704, 109.6704, 109.6704
AL, 14, 2016100600,   , BEST,  36, 230N,  760W, 105,  960,   ,  64, NEQ,   40,   30,   30,   40, 1013,     ,  10,     ,    ,    ,    ,    ,325,  10,   MATTHEW  ,   7,    3, 1, 1, 1, 1,     18.2,   13.6,   15.1,   20.0,    2.1109,   2.1829,   2.1649,   2.1706,   2.1901, 109.6704, 109.6704, 109.6704, 109.6704
AL, 14, 2016100606,   , BEST,  42, 238N,  767W, 110,  952,   ,  34, NEQ,  160,  140,   70,   90, 1013,     ,  10,     ,    ,    ,    ,    ,321,  10,   MATTHEW  ,   8,    3, 1, 1, 1, 1,     46.3,   39.4,   18.4,   24.2,    2.0163,   2.1896,   2.1637,   2.0847,   2.1065, 114.9884, 114.9884, 114.9884, 114.9884
AL, 14, 2016100606,   , BEST,  42, 238N,  767W, 110,  952,   ,  50, NEQ,   70,   60,   40,   60, 1013,     ,  10,     ,    ,    ,    ,    ,321,  10,   MATTHEW  ,   8,    3, 1, 1, 1, 1,     23.8,   20.4,   14.3,   21.7,    2.0163,   2.1050,   2.0923,   2.0695,   2.0974, 114.9884, 114.9884, 114.9884, 114.9884
AL, 14, 2016100606,   , BEST,  42, 238N,  767W, 110,  952,   ,  64, NEQ,   40,   30,   30,   40, 1013,     ,  10,     ,    ,    ,    ,    ,321,  10,   MATTHEW  ,   8,    3, 1, 1, 1, 1,     16.6,   12.5,   13.8,   18.2,    2.0163,   2.0781,   2.0628,   2.0677,   2.0842, 114.9884, 114.9884, 114.9884, 114.9884
AL, 14, 2016100612,   , BEST,  48, 247N,  775W, 120,  937,   ,  34, NEQ,  160,  140,   70,  100, 1013,     ,  10,     ,    ,    ,    ,    ,321,  12,   MATTHEW  ,   9,    3, 1, 1, 1, 1,     39.7,   34.0,   15.7,   23.6,    1.9285,   2.0634,   2.0438,   1.9817,   2.0084, 125.5245, 125.5245, 125.5245, 125.5245
AL, 14, 2016100612,   , BEST,  48, 247N,  775W, 120,  937,   ,  50, NEQ,   70,   60,   40,   60, 1013,     ,  10,     ,    ,    ,    ,    ,321,  12,   MATTHEW  ,   9,    3, 1, 1, 1, 1,     20.6,   17.6,   12.4,   18.8,    1.9285,   1.9981,   1.9881,   1.9702,   1.9922, 125.5245, 125.5245, 125.5245, 125.5245
AL, 14, 2016100612,   , BEST,  48, 247N,  775W, 120,  937,   ,  64, NEQ,   40,   40,   30,   40, 1013,     ,  10,     ,    ,    ,    ,    ,321,  12,   MATTHEW  ,   9,    3, 1, 1, 1, 1,     14.4,   14.7,   12.0,   15.8,    1.9285,   1.9771,   1.9782,   1.9689,   1.9819, 125.5245, 125.5245, 125.5245, 125.5245
