eastcoast_95d_ll_select.grd nodal attributes                                    
        5164
           2
primitive_weighting_in_continuity_equation                                      
unitless                                                                        
           1
  0.500000000E-02
mannings_n_at_sea_floor                                                         
unitless                                                                        
           1
  0.250000000E-01
primitive_weighting_in_continuity_equation                                      
         587
     25521    0.20000000E-01
     26059    0.20000000E-01
     26060    0.20000000E-01
     26063    0.20000000E-01
     26329    0.20000000E-01
     26330    0.20000000E-01
     26331    0.20000000E-01
     26333    0.20000000E-01
     26334    0.20000000E-01
     26335    0.20000000E-01
     26597    0.20000000E-01
     26598    0.20000000E-01
     26599    0.20000000E-01
     26603    0.20000000E-01
     26604    0.20000000E-01
     26605    0.20000000E-01
     26861    0.20000000E-01
     26863    0.20000000E-01
     26864    0.20000000E-01
     26866    0.20000000E-01
     26868    0.20000000E-01
     26869    0.20000000E-01
     26870    0.20000000E-01
     26871    0.20000000E-01
     26874    0.20000000E-01
     26875    0.20000000E-01
     26876    0.20000000E-01
     26877    0.20000000E-01
     27127    0.20000000E-01
     27129    0.20000000E-01
     27130    0.20000000E-01
     27141    0.20000000E-01
     27142    0.20000000E-01
     27143    0.20000000E-01
     27144    0.20000000E-01
     27385    0.20000000E-01
     27394    0.20000000E-01
     27395    0.20000000E-01
     27407    0.20000000E-01
     27540    0.20000000E-01
     27541    0.20000000E-01
     27545    0.20000000E-01
     27546    0.20000000E-01
     27547    0.20000000E-01
     27550    0.20000000E-01
     27623    0.20000000E-01
     27624    0.20000000E-01
     27627    0.20000000E-01
     27631    0.20000000E-01
     27632    0.20000000E-01
     27633    0.20000000E-01
     27635    0.20000000E-01
     27643    0.20000000E-01
     27644    0.20000000E-01
     27646    0.20000000E-01
     27647    0.20000000E-01
     27678    0.20000000E-01
     27679    0.20000000E-01
     27680    0.20000000E-01
     27770    0.20000000E-01
     27771    0.20000000E-01
     27772    0.20000000E-01
     27773    0.20000000E-01
     27774    0.20000000E-01
     27779    0.20000000E-01
     27787    0.20000000E-01
     27853    0.20000000E-01
     27857    0.20000000E-01
     27858    0.20000000E-01
     27859    0.20000000E-01
     27862    0.20000000E-01
     27863    0.20000000E-01
     27866    0.20000000E-01
     27998    0.20000000E-01
     28000    0.20000000E-01
     28008    0.20000000E-01
     28011    0.20000000E-01
     28012    0.20000000E-01
     28013    0.20000000E-01
     28014    0.20000000E-01
     28070    0.20000000E-01
     28071    0.20000000E-01
     28072    0.20000000E-01
     28073    0.20000000E-01
     28074    0.20000000E-01
     28079    0.20000000E-01
     28080    0.20000000E-01
     28082    0.20000000E-01
     28083    0.20000000E-01
     28095    0.20000000E-01
     28201    0.20000000E-01
     28202    0.20000000E-01
     28208    0.20000000E-01
     28209    0.20000000E-01
     28210    0.20000000E-01
     28211    0.20000000E-01
     28212    0.20000000E-01
     28213    0.20000000E-01
     28214    0.20000000E-01
     28271    0.20000000E-01
     28272    0.20000000E-01
     28273    0.20000000E-01
     28274    0.20000000E-01
     28275    0.20000000E-01
     28276    0.20000000E-01
     28279    0.20000000E-01
     28281    0.20000000E-01
     28283    0.20000000E-01
     28284    0.20000000E-01
     28293    0.20000000E-01
     28296    0.20000000E-01
     28303    0.20000000E-01
     28304    0.20000000E-01
     28305    0.20000000E-01
     28398    0.20000000E-01
     28399    0.20000000E-01
     28400    0.20000000E-01
     28460    0.20000000E-01
     28461    0.20000000E-01
     28462    0.20000000E-01
     28465    0.20000000E-01
     28466    0.20000000E-01
     28468    0.20000000E-01
     28470    0.20000000E-01
     28471    0.20000000E-01
     28477    0.20000000E-01
     28479    0.20000000E-01
     28481    0.20000000E-01
     28485    0.20000000E-01
     28487    0.20000000E-01
     28488    0.20000000E-01
     28494    0.20000000E-01
     28495    0.20000000E-01
     28664    0.20000000E-01
     28665    0.20000000E-01
     28668    0.20000000E-01
     28670    0.20000000E-01
     28675    0.20000000E-01
     28676    0.20000000E-01
     28677    0.20000000E-01
     28680    0.20000000E-01
     28681    0.20000000E-01
     28684    0.20000000E-01
     28685    0.20000000E-01
     28791    0.20000000E-01
     28792    0.20000000E-01
     28793    0.20000000E-01
     28869    0.20000000E-01
     28875    0.20000000E-01
     28876    0.20000000E-01
     28877    0.20000000E-01
     28878    0.20000000E-01
     28879    0.20000000E-01
     28880    0.20000000E-01
     28881    0.20000000E-01
     28882    0.20000000E-01
     28883    0.20000000E-01
     29072    0.20000000E-01
     29073    0.20000000E-01
     29074    0.20000000E-01
     29075    0.20000000E-01
     29076    0.20000000E-01
     29077    0.20000000E-01
     29079    0.20000000E-01
     29080    0.20000000E-01
     29081    0.20000000E-01
     29082    0.20000000E-01
     29083    0.20000000E-01
     29084    0.20000000E-01
     29085    0.20000000E-01
     29086    0.20000000E-01
     29087    0.20000000E-01
     29088    0.20000000E-01
     29231    0.20000000E-01
     29265    0.20000000E-01
     29271    0.20000000E-01
     29272    0.20000000E-01
     29273    0.20000000E-01
     29275    0.20000000E-01
     29276    0.20000000E-01
     29277    0.20000000E-01
     29278    0.20000000E-01
     29279    0.20000000E-01
     29280    0.20000000E-01
     29281    0.20000000E-01
     29282    0.20000000E-01
     29283    0.20000000E-01
     29284    0.20000000E-01
     29285    0.20000000E-01
     29358    0.20000000E-01
     29405    0.20000000E-01
     29406    0.20000000E-01
     29411    0.20000000E-01
     29418    0.20000000E-01
     29422    0.20000000E-01
     29466    0.20000000E-01
     29467    0.20000000E-01
     29468    0.20000000E-01
     29469    0.20000000E-01
     29470    0.20000000E-01
     29471    0.20000000E-01
     29472    0.20000000E-01
     29474    0.20000000E-01
     29475    0.20000000E-01
     29540    0.20000000E-01
     29541    0.20000000E-01
     29542    0.20000000E-01
     29545    0.20000000E-01
     29575    0.20000000E-01
     29576    0.20000000E-01
     29577    0.20000000E-01
     29584    0.20000000E-01
     29585    0.20000000E-01
     29588    0.20000000E-01
     29589    0.20000000E-01
     29590    0.20000000E-01
     29592    0.20000000E-01
     29593    0.20000000E-01
     29599    0.20000000E-01
     29605    0.20000000E-01
     29610    0.20000000E-01
     29657    0.20000000E-01
     29658    0.20000000E-01
     29659    0.20000000E-01
     29660    0.20000000E-01
     29661    0.20000000E-01
     29662    0.20000000E-01
     29663    0.20000000E-01
     29665    0.20000000E-01
     29666    0.20000000E-01
     29719    0.20000000E-01
     29720    0.20000000E-01
     29721    0.20000000E-01
     29722    0.20000000E-01
     29723    0.20000000E-01
     29724    0.20000000E-01
     29725    0.20000000E-01
     29756    0.20000000E-01
     29758    0.20000000E-01
     29764    0.20000000E-01
     29766    0.20000000E-01
     29767    0.20000000E-01
     29768    0.20000000E-01
     29769    0.20000000E-01
     29770    0.20000000E-01
     29771    0.20000000E-01
     29772    0.20000000E-01
     29773    0.20000000E-01
     29775    0.20000000E-01
     29776    0.20000000E-01
     29777    0.20000000E-01
     29785    0.20000000E-01
     29791    0.20000000E-01
     29795    0.20000000E-01
     29797    0.20000000E-01
     29798    0.20000000E-01
     29799    0.20000000E-01
     29800    0.20000000E-01
     29801    0.20000000E-01
     29802    0.20000000E-01
     29803    0.20000000E-01
     29808    0.20000000E-01
     29809    0.20000000E-01
     29810    0.20000000E-01
     29812    0.20000000E-01
     29813    0.20000000E-01
     29814    0.20000000E-01
     29815    0.20000000E-01
     29816    0.20000000E-01
     29817    0.20000000E-01
     29818    0.20000000E-01
     29830    0.20000000E-01
     29831    0.20000000E-01
     29837    0.20000000E-01
     29842    0.20000000E-01
     29843    0.20000000E-01
     29844    0.20000000E-01
     29845    0.20000000E-01
     29846    0.20000000E-01
     29849    0.20000000E-01
     29850    0.20000000E-01
     29867    0.20000000E-01
     29868    0.20000000E-01
     29893    0.20000000E-01
     29894    0.20000000E-01
     29895    0.20000000E-01
     29896    0.20000000E-01
     29897    0.20000000E-01
     29898    0.20000000E-01
     29899    0.20000000E-01
     29900    0.20000000E-01
     29932    0.20000000E-01
     29934    0.20000000E-01
     29935    0.20000000E-01
     29940    0.20000000E-01
     29943    0.20000000E-01
     29944    0.20000000E-01
     29945    0.20000000E-01
     29946    0.20000000E-01
     29947    0.20000000E-01
     29948    0.20000000E-01
     29949    0.20000000E-01
     29957    0.20000000E-01
     29958    0.20000000E-01
     29959    0.20000000E-01
     29963    0.20000000E-01
     29964    0.20000000E-01
     29965    0.20000000E-01
     29973    0.20000000E-01
     29977    0.20000000E-01
     29986    0.20000000E-01
     29992    0.20000000E-01
     29996    0.20000000E-01
     29997    0.20000000E-01
     30012    0.20000000E-01
     30013    0.20000000E-01
     30030    0.20000000E-01
     30059    0.20000000E-01
     30063    0.20000000E-01
     30065    0.20000000E-01
     30068    0.20000000E-01
     30069    0.20000000E-01
     30070    0.20000000E-01
     30071    0.20000000E-01
     30072    0.20000000E-01
     30073    0.20000000E-01
     30080    0.20000000E-01
     30081    0.20000000E-01
     30086    0.20000000E-01
     30094    0.20000000E-01
     30105    0.20000000E-01
     30115    0.20000000E-01
     30127    0.20000000E-01
     30128    0.20000000E-01
     30129    0.20000000E-01
     30167    0.20000000E-01
     30168    0.20000000E-01
     30169    0.20000000E-01
     30170    0.20000000E-01
     30171    0.20000000E-01
     30172    0.20000000E-01
     30173    0.20000000E-01
     30174    0.20000000E-01
     30175    0.20000000E-01
     30176    0.20000000E-01
     30180    0.20000000E-01
     30182    0.20000000E-01
     30183    0.20000000E-01
     30184    0.20000000E-01
     30185    0.20000000E-01
     30186    0.20000000E-01
     30187    0.20000000E-01
     30193    0.20000000E-01
     30195    0.20000000E-01
     30199    0.20000000E-01
     30220    0.20000000E-01
     30245    0.20000000E-01
     30246    0.20000000E-01
     30282    0.20000000E-01
     30283    0.20000000E-01
     30284    0.20000000E-01
     30285    0.20000000E-01
     30288    0.20000000E-01
     30289    0.20000000E-01
     30295    0.20000000E-01
     30296    0.20000000E-01
     30297    0.20000000E-01
     30299    0.20000000E-01
     30303    0.20000000E-01
     30321    0.20000000E-01
     30322    0.20000000E-01
     30323    0.20000000E-01
     30346    0.20000000E-01
     30347    0.20000000E-01
     30377    0.20000000E-01
     30378    0.20000000E-01
     30383    0.20000000E-01
     30384    0.20000000E-01
     30385    0.20000000E-01
     30387    0.20000000E-01
     30395    0.20000000E-01
     30396    0.20000000E-01
     30414    0.20000000E-01
     30415    0.20000000E-01
     30416    0.20000000E-01
     30438    0.20000000E-01
     30439    0.20000000E-01
     30440    0.20000000E-01
     30465    0.20000000E-01
     30466    0.20000000E-01
     30467    0.20000000E-01
     30468    0.20000000E-01
     30475    0.20000000E-01
     30495    0.20000000E-01
     30496    0.20000000E-01
     30497    0.20000000E-01
     30519    0.20000000E-01
     30520    0.20000000E-01
     30521    0.20000000E-01
     30544    0.20000000E-01
     30545    0.20000000E-01
     30546    0.20000000E-01
     30552    0.20000000E-01
     30575    0.20000000E-01
     30576    0.20000000E-01
     30587    0.20000000E-01
     30597    0.20000000E-01
     30598    0.20000000E-01
     30599    0.20000000E-01
     30618    0.20000000E-01
     30619    0.20000000E-01
     30620    0.20000000E-01
     30624    0.20000000E-01
     30625    0.20000000E-01
     30628    0.20000000E-01
     30651    0.20000000E-01
     30660    0.20000000E-01
     30661    0.20000000E-01
     30674    0.20000000E-01
     30676    0.20000000E-01
     30677    0.20000000E-01
     30693    0.20000000E-01
     30694    0.20000000E-01
     30698    0.20000000E-01
     30702    0.20000000E-01
     30718    0.20000000E-01
     30726    0.20000000E-01
     30729    0.20000000E-01
     30738    0.20000000E-01
     30739    0.20000000E-01
     30755    0.20000000E-01
     30758    0.20000000E-01
     30759    0.20000000E-01
     30760    0.20000000E-01
     30767    0.20000000E-01
     30769    0.20000000E-01
     30770    0.20000000E-01
     30788    0.20000000E-01
     30791    0.20000000E-01
     30794    0.20000000E-01
     30800    0.20000000E-01
     30807    0.20000000E-01
     30808    0.20000000E-01
     30809    0.20000000E-01
     30824    0.20000000E-01
     30825    0.20000000E-01
     30828    0.20000000E-01
     30829    0.20000000E-01
     30836    0.20000000E-01
     30851    0.20000000E-01
     30862    0.20000000E-01
     30863    0.20000000E-01
     30877    0.20000000E-01
     30882    0.20000000E-01
     30884    0.20000000E-01
     30885    0.20000000E-01
     30886    0.20000000E-01
     30888    0.20000000E-01
     30906    0.20000000E-01
     30911    0.20000000E-01
     30912    0.20000000E-01
     30929    0.20000000E-01
     30930    0.20000000E-01
     30932    0.20000000E-01
     30933    0.20000000E-01
     30955    0.20000000E-01
     30969    0.20000000E-01
     30970    0.20000000E-01
     30979    0.20000000E-01
     30982    0.20000000E-01
     30983    0.20000000E-01
     31088    0.20000000E-01
     31127    0.20000000E-01
     31149    0.20000000E-01
     31169    0.20000000E-01
     31186    0.20000000E-01
     31195    0.20000000E-01
     31201    0.20000000E-01
     31202    0.20000000E-01
     31212    0.20000000E-01
     31213    0.20000000E-01
     31218    0.20000000E-01
     31219    0.20000000E-01
     31221    0.20000000E-01
     31222    0.20000000E-01
     31223    0.20000000E-01
     31230    0.20000000E-01
     31234    0.20000000E-01
     31235    0.20000000E-01
     31238    0.20000000E-01
     31248    0.20000000E-01
     31252    0.20000000E-01
     31253    0.20000000E-01
     31257    0.20000000E-01
     31267    0.20000000E-01
     31271    0.20000000E-01
     31272    0.20000000E-01
     31276    0.20000000E-01
     31284    0.20000000E-01
     31287    0.20000000E-01
     31288    0.20000000E-01
     31292    0.20000000E-01
     31299    0.20000000E-01
     31300    0.20000000E-01
     31301    0.20000000E-01
     31302    0.20000000E-01
     31303    0.20000000E-01
     31305    0.20000000E-01
     31313    0.20000000E-01
     31314    0.20000000E-01
     31315    0.20000000E-01
     31316    0.20000000E-01
     31317    0.20000000E-01
     31318    0.20000000E-01
     31325    0.20000000E-01
     31326    0.20000000E-01
     31327    0.20000000E-01
     31328    0.20000000E-01
     31329    0.20000000E-01
     31337    0.20000000E-01
     31338    0.20000000E-01
     31339    0.20000000E-01
     31340    0.20000000E-01
     31341    0.20000000E-01
     31342    0.20000000E-01
     31343    0.20000000E-01
     31344    0.20000000E-01
     31351    0.20000000E-01
     31352    0.20000000E-01
     31353    0.20000000E-01
     31354    0.20000000E-01
     31355    0.20000000E-01
     31356    0.20000000E-01
     31357    0.20000000E-01
     31358    0.20000000E-01
     31363    0.20000000E-01
     31364    0.20000000E-01
     31365    0.20000000E-01
     31366    0.20000000E-01
     31367    0.20000000E-01
     31368    0.20000000E-01
     31369    0.20000000E-01
     31370    0.20000000E-01
     31371    0.20000000E-01
     31372    0.20000000E-01
     31375    0.20000000E-01
     31376    0.20000000E-01
     31377    0.20000000E-01
     31378    0.20000000E-01
     31379    0.20000000E-01
     31380    0.20000000E-01
     31381    0.20000000E-01
     31382    0.20000000E-01
     31383    0.20000000E-01
     31384    0.20000000E-01
     31388    0.20000000E-01
     31389    0.20000000E-01
     31390    0.20000000E-01
     31391    0.20000000E-01
     31392    0.20000000E-01
     31393    0.20000000E-01
     31394    0.20000000E-01
     31395    0.20000000E-01
     31396    0.20000000E-01
     31397    0.20000000E-01
     31403    0.20000000E-01
     31404    0.20000000E-01
     31405    0.20000000E-01
     31406    0.20000000E-01
     31411    0.20000000E-01
     31412    0.20000000E-01
     31413    0.20000000E-01
     31418    0.20000000E-01
     31419    0.20000000E-01
     31420    0.20000000E-01
     31424    0.20000000E-01
     31425    0.20000000E-01
     31426    0.20000000E-01
     31427    0.20000000E-01
     31428    0.20000000E-01
     31429    0.20000000E-01
     31430    0.20000000E-01
     31431    0.20000000E-01
     31432    0.20000000E-01
     31433    0.20000000E-01
     31434    0.20000000E-01
     31435    0.20000000E-01
mannings_n_at_sea_floor                                                         
           0
