FileFmt      1050624           0           0
NELG           58369        2590        2430
      -50194
      -50240
      -50569
      -50635
      -50732
      -50738
       50914
      -50960
      -50969
       51057
       51117
       51136
      -51179
       51241
       51248
       51268
       51270
       51310
       51312
       51370
       51376
       51383
       51385
      -51413
       51423
       51439
       51445
       51451
       51455
       51468
       51502
       51515
       51525
       51537
       51548
       51564
       51584
       51593
       51597
       51619
       51623
      -51624
       51628
       51637
       51639
      -51661
       51671
       51693
       51696
       51698
       51718
       51721
       51729
       51742
       51758
       51762
       51765
       51788
       51819
       51821
       51822
       51823
       51825
       51828
      -51846
       51850
       51875
       51888
       51898
       51900
       51901
       51909
      -51916
       51933
       51956
       51957
       51958
       51963
       51969
       51976
       51986
       51993
       51994
       52004
       52009
      -52014
       52024
       52034
       52036
       52037
       52039
       52066
       52067
       52069
       52078
       52083
       52084
       52090
       52097
       52119
      -52127
       52129
       52144
       52147
       52152
       52153
       52154
       52164
       52172
       52174
       52178
       52194
       52200
       52201
       52206
       52220
       52221
       52224
       52225
       52228
       52236
       52246
       52259
       52260
       52266
       52279
       52290
       52292
       52297
       52303
      -52309
       52311
       52313
       52319
       52320
       52328
       52330
       52331
       52335
       52338
       52351
       52353
       52356
       52371
       52376
       52379
       52383
       52388
       52398
       52401
       52403
      -52408
       52410
       52413
       52415
      -52423
       52424
       52436
       52438
       52445
       52448
       52449
       52450
       52454
       52462
       52463
       52474
       52477
       52479
       52486
       52492
       52493
       52501
       52503
       52510
       52518
      -52527
       52528
       52529
       52532
       52535
       52542
       52548
       52552
       52556
       52562
       52569
       52574
       52579
       52582
       52585
       52588
       52593
       52602
       52604
       52607
       52611
       52624
       52625
       52628
       52633
       52634
       52635
       52636
      -52637
       52638
       52649
       52654
       52656
       52660
       52661
       52665
       52677
       52682
       52685
       52690
       52692
       52701
       52707
       52709
       52714
       52716
       52721
       52728
       52738
      -52741
       52744
       52745
       52748
       52749
       52750
       52752
       52765
       52771
       52777
       52778
       52779
       52780
       52781
       52784
       52785
       52786
       52789
       52795
       52804
       52815
       52816
       52817
       52824
       52828
       52834
       52841
       52842
      -52843
       52845
       52846
       52850
       52853
       52855
       52865
       52866
       52867
       52869
       52874
       52875
       52879
       52880
       52883
       52887
       52893
       52894
       52896
       52897
       52910
       52911
       52919
       52920
       52929
       52931
       52932
       52937
       52942
       52944
      -52946
       52947
       52956
       52958
       52959
       52961
       52962
       52966
       52970
       52976
       52983
       52985
       52987
       52994
       52996
       52998
       53001
       53005
       53014
       53015
       53016
       53017
       53018
       53019
       53022
       53023
       53027
       53031
       53034
      -53040
       53041
       53044
       53045
       53046
       53049
       53051
       53054
       53067
       53071
       53073
       53076
       53078
       53080
       53087
       53095
       53096
       53097
       53102
       53103
       53104
       53106
       53121
       53122
       53125
       53126
       53128
       53132
      -53133
       53134
       53139
       53143
       53149
       53150
       53153
       53154
       53156
       53157
       53160
       53167
       53169
       53170
       53173
       53176
       53180
       53183
       53184
       53187
       53189
       53192
       53197
       53198
       53199
       53202
       53203
       53209
      -53212
       53216
       53219
       53220
       53226
       53228
       53231
       53238
       53245
       53247
       53251
       53254
       53261
       53262
       53263
       53270
       53273
       53276
       53277
       53278
       53279
       53281
       53282
       53284
       53287
       53290
       53293
       53295
       53296
       53299
       53301
      -53302
       53305
       53309
       53312
       53313
       53321
       53326
       53327
       53329
       53330
       53333
       53336
       53345
       53346
       53347
       53349
       53350
       53352
       53353
       53357
       53359
       53361
       53364
       53365
      -53366
       53370
       53373
       53380
       53381
       53386
       53389
       53391
       53395
       53399
      -53400
       53401
       53404
       53405
       53407
       53408
       53411
       53417
       53421
       53422
       53423
       53426
       53428
       53429
       53434
       53438
       53442
       53444
       53447
       53450
       53451
       53453
       53456
      -53457
       53459
       53462
       53464
       53466
       53467
       53470
       53472
       53474
       53480
       53482
       53484
       53489
       53493
       53495
       53497
       53499
       53500
       53501
       53504
       53509
       53510
       53512
       53513
       53516
       53517
       53520
       53521
       53523
       53524
       53526
      -53527
       53528
       53530
       53540
       53545
       53549
       53550
       53553
       53556
       53558
       53560
       53562
       53563
       53565
       53567
       53569
       53571
       53573
       53577
       53581
       53582
       53586
      -53587
       53591
       53592
       53594
       53595
       53597
       53599
       53603
       53607
       53608
       53609
       53610
       53612
       53619
       53622
       53623
       53625
       53626
       53630
       53632
       53633
       53634
       53645
       53650
       53651
       53652
       53653
       53657
      -53658
       53660
       53663
       53664
       53666
       53670
       53673
       53675
       53676
       53678
       53680
       53681
       53682
       53683
       53684
       53689
       53693
       53695
       53697
       53699
       53700
       53702
       53708
       53713
       53714
       53715
       53718
       53719
       53722
       53723
       53725
       53727
       53732
       53735
       53738
      -53745
       53746
       53747
       53749
       53750
       53752
       53755
       53756
       53766
       53767
       53769
       53771
       53772
       53774
       53777
       53778
       53779
       53782
       53785
       53786
       53787
       53789
       53793
       53794
       53801
       53804
      -53806
       53809
       53811
       53813
       53815
       53816
       53818
       53819
       53826
       53828
       53830
       53831
       53833
       53834
       53839
       53840
       53842
       53845
       53846
       53847
       53848
       53851
       53852
       53854
       53855
       53856
       53857
       53860
      -53861
       53864
       53865
       53866
       53868
       53869
       53871
       53872
       53878
       53879
       53880
       53883
       53884
       53886
       53889
       53891
       53894
      -53896
       53897
       53901
       53904
       53905
       53907
       53908
       53914
       53915
       53926
       53929
       53932
       53933
       53937
       53940
       53942
       53943
      -53944
       53945
       53948
       53950
       53952
       53956
       53957
       53958
       53960
       53963
       53966
       53975
       53979
       53980
       53985
       53990
       53992
       53995
       53996
       53997
       53998
       54001
      -54003
       54005
       54006
       54007
       54008
       54009
       54012
       54013
       54018
       54019
       54020
       54021
       54027
       54033
       54035
       54037
       54038
       54039
       54040
       54041
       54046
       54047
       54050
       54051
       54055
       54059
       54060
       54062
       54066
       54070
       54071
       54073
       54074
      -54080
       54081
       54083
       54090
       54092
       54094
       54097
       54099
       54102
       54103
       54106
       54108
       54109
       54110
       54112
       54113
       54114
       54117
       54124
       54125
       54128
       54129
       54130
      -54134
       54137
       54141
       54142
       54145
       54147
       54154
       54155
       54168
       54171
       54173
       54174
       54176
       54184
       54185
       54186
       54187
       54192
       54194
       54195
       54200
       54207
       54212
       54213
       54214
       54223
       54224
       54227
       54228
       54229
       54231
       54234
       54235
       54237
       54238
      -54239
       54240
       54247
       54249
       54251
       54258
       54266
       54268
       54270
       54271
       54272
       54276
      -54279
       54280
       54281
       54282
       54284
       54286
       54292
       54300
       54302
       54304
       54305
       54308
       54311
       54316
       54317
       54320
       54321
       54324
       54328
       54329
       54331
       54332
       54335
       54337
       54338
       54344
       54345
       54353
       54360
       54362
       54364
       54366
       54372
       54373
       54375
       54377
       54384
       54388
       54391
       54393
       54395
       54398
       54401
       54408
       54409
       54411
       54415
       54419
       54423
       54426
       54430
       54431
       54434
       54440
       54450
       54451
       54453
       54455
       54457
       54460
       54464
       54469
       54472
       54473
       54476
       54478
       54481
       54484
       54488
       54508
       54514
       54515
       54518
       54522
       54525
       54527
       54531
       54533
       54534
       54535
       54538
       54539
       54544
       54545
       54547
       54550
       54556
       54561
       54564
       54566
       54568
       54576
       54582
       54586
       54590
       54603
       54612
       54615
       54616
       54617
       54621
       54622
       54624
       54627
       54630
       54632
       54633
       54642
       54646
       54647
       54651
       54654
       54658
       54659
       54662
       54667
       54668
       54676
       54679
       54680
       54682
       54684
       54685
       54689
       54702
       54710
       54712
       54717
       54718
       54723
       54728
       54731
       54734
       54737
       54738
       54741
       54743
       54745
       54747
       54750
       54759
       54761
       54762
       54766
       54767
       54777
       54781
       54782
       54787
       54794
       54798
       54801
       54805
       54807
       54812
       54815
       54819
       54824
       54828
       54830
       54834
       54835
       54836
       54838
       54844
       54852
       54862
       54863
       54864
       54869
       54872
       54875
       54877
       54882
       54884
       54885
       54886
       54896
       54899
       54904
       54906
       54907
       54908
       54910
       54915
       54920
       54923
       54931
       54932
       54935
       54942
       54947
       54956
       54958
       54959
       54964
       54966
       54967
       54972
       54975
       54978
       54981
       54986
       54989
       54993
       54994
       54998
       55002
       55004
       55006
       55012
       55016
       55018
       55027
       55038
       55040
       55043
       55048
       55049
       55050
       55053
       55059
       55062
       55064
       55067
       55071
       55072
       55073
       55075
       55077
       55079
       55087
       55090
       55092
       55096
       55099
       55104
       55112
       55115
       55116
       55120
       55128
       55129
       55132
       55136
       55147
       55149
       55150
       55153
       55155
       55156
       55160
       55165
       55167
       55168
       55169
       55176
       55177
       55178
       55184
       55189
       55192
       55198
       55201
       55205
       55206
       55207
       55210
       55211
       55220
       55224
       55225
       55231
       55232
       55233
       55237
       55238
       55241
       55244
       55255
       55256
       55258
       55260
       55265
       55274
       55278
       55279
       55280
       55281
       55283
       55284
       55288
       55293
       55296
       55298
       55299
       55300
       55304
       55306
       55308
       55309
       55310
       55311
       55314
       55316
       55334
       55335
       55337
       55338
       55342
       55348
       55351
       55352
       55354
       55355
       55358
       55361
       55369
       55371
       55373
       55374
       55377
       55378
       55379
       55382
       55385
       55388
       55392
       55400
       55404
       55407
       55408
       55410
       55415
       55417
       55418
       55420
       55423
       55427
       55429
       55430
       55433
       55434
       55437
       55439
       55444
       55445
       55446
       55449
       55451
       55453
       55454
       55455
       55458
       55461
       55462
       55476
       55477
       55479
       55491
       55495
       55498
       55499
       55501
       55502
       55504
       55506
       55508
       55510
       55511
       55512
       55515
       55519
       55520
       55525
       55526
       55529
       55538
       55545
       55549
       55553
       55557
       55561
       55565
       55566
       55571
       55572
       55577
       55581
       55584
       55585
       55586
       55589
       55591
       55593
       55594
       55596
       55599
       55601
       55606
       55607
       55608
       55617
       55619
       55620
       55623
       55626
       55627
       55630
       55631
       55633
       55635
       55642
       55657
       55663
       55664
       55665
       55669
       55671
       55675
       55678
       55681
       55685
       55689
       55690
       55695
       55699
       55700
       55706
       55708
       55712
       55714
       55715
       55722
       55723
       55724
       55726
       55730
       55732
       55733
       55734
       55735
       55737
       55743
       55746
       55747
       55755
       55760
       55762
       55772
       55774
       55775
       55778
       55780
       55784
       55788
       55790
       55792
       55793
       55795
       55798
       55799
       55800
       55806
       55808
       55812
       55815
       55818
       55819
       55821
       55824
       55826
       55830
       55833
       55834
       55837
       55838
       55842
       55845
       55847
       55851
       55852
       55853
       55854
       55864
       55866
       55867
       55870
       55871
       55874
       55877
       55878
       55879
       55881
       55882
       55884
       55887
       55889
       55890
       55897
       55899
       55900
       55903
       55905
       55913
       55914
       55915
       55919
       55922
       55924
       55930
       55931
       55935
       55937
       55940
       55943
       55948
       55949
       55951
       55954
       55956
       55958
       55959
       55960
       55961
       55962
       55963
       55966
       55967
       55969
       55970
       55982
       55984
       55985
       55988
       55993
       55996
       55999
       56002
       56008
       56011
       56013
       56014
       56017
       56019
       56020
       56021
       56022
       56025
       56027
       56032
       56036
       56037
       56038
       56045
       56053
       56054
       56060
       56062
       56063
       56065
       56072
       56077
       56079
       56081
       56084
       56087
       56089
       56090
       56091
       56092
       56096
       56097
       56098
       56103
       56105
       56106
       56110
       56117
       56118
       56121
       56122
       56133
       56134
       56135
       56138
       56141
       56142
       56143
       56144
       56145
       56148
       56153
       56155
       56156
       56158
       56159
       56165
       56166
       56168
       56169
       56172
       56174
       56177
       56180
       56187
       56189
       56191
       56195
       56199
       56200
       56205
       56206
       56208
       56209
       56211
       56214
       56215
       56216
       56219
       56221
       56223
       56225
       56226
       56230
       56234
       56235
       56236
       56238
       56239
       56247
       56248
       56253
       56255
       56256
       56258
       56260
       56264
       56265
       56269
       56274
       56276
       56277
       56278
       56280
       56285
       56286
       56287
       56288
       56289
       56290
       56292
       56295
       56298
       56304
       56306
       56307
       56310
       56311
       56315
       56316
       56318
       56323
       56327
       56329
       56332
       56333
       56334
       56336
       56338
       56339
       56340
       56342
       56343
       56344
       56346
       56352
       56353
       56354
       56358
       56359
       56362
       56364
       56367
       56368
       56370
       56373
       56374
       56375
       56381
       56384
       56386
       56388
       56389
       56391
       56393
       56397
       56399
       56400
       56401
       56405
       56406
       56408
       56410
       56413
       56414
       56417
       56418
       56426
       56427
       56428
       56429
       56430
       56432
       56434
       56436
       56437
       56441
       56442
       56444
       56447
       56448
       56449
       56451
       56455
       56456
       56459
       56461
       56462
       56468
       56469
       56470
       56472
       56476
       56477
       56478
       56481
       56482
       56485
       56488
       56489
       56490
       56492
       56494
       56495
       56496
       56499
       56500
       56501
       56502
       56503
       56504
       56508
       56509
       56510
       56513
       56514
       56520
       56527
       56529
       56532
       56533
       56536
       56541
       56542
       56544
       56545
       56546
       56547
       56548
       56549
       56552
       56554
       56555
       56556
       56557
       56558
       56559
       56561
       56563
       56565
       56566
       56569
       56570
       56580
       56581
       56584
       56585
       56586
       56592
       56593
       56594
       56595
       56597
       56598
       56599
       56600
       56602
       56603
       56604
       56606
       56607
       56608
       56609
       56610
       56611
       56612
       56613
       56614
       56615
       56619
       56620
       56624
       56633
       56636
       56637
       56641
       56646
       56647
       56648
       56651
       56653
       56654
       56657
       56659
       56660
       56662
       56663
       56664
       56665
       56666
       56667
       56669
       56670
       56673
       56675
       56676
       56677
       56679
       56680
       56682
       56685
       56686
       56687
       56692
       56694
       56697
       56698
       56700
       56706
       56707
       56708
       56710
       56712
       56713
       56718
       56720
       56721
       56722
       56723
       56724
       56725
       56727
       56729
       56733
       56734
       56735
       56737
       56738
       56739
       56740
       56741
       56743
       56746
       56749
       56753
       56758
       56759
       56762
       56763
       56765
       56766
       56767
       56769
       56772
       56774
       56775
       56777
       56778
       56779
       56780
       56784
       56788
       56789
       56790
       56791
       56794
       56795
       56797
       56798
       56799
       56801
       56802
       56803
       56804
       56806
       56807
       56808
       56809
       56811
       56814
       56817
       56819
       56821
       56822
       56825
       56826
       56827
       56830
       56831
       56834
       56837
       56838
       56841
       56842
       56843
       56846
       56847
       56848
       56849
       56851
       56853
       56854
       56855
       56856
       56857
       56858
       56860
       56861
       56863
       56864
       56866
       56868
       56869
       56870
       56872
       56873
       56875
       56876
       56877
       56879
       56881
       56882
       56883
       56886
       56887
       56888
       56891
       56893
       56894
       56895
       56897
       56898
       56902
       56903
       56905
       56909
       56912
       56913
       56914
       56915
       56917
       56919
       56920
       56921
       56922
       56924
       56925
       56927
       56929
       56930
       56933
       56934
       56935
       56936
       56938
       56940
       56942
       56943
       56945
       56946
       56947
       56952
       56953
       56954
       56955
       56957
       56959
       56960
       56961
       56962
       56966
       56968
       56969
       56970
       56971
       56972
       56974
       56976
       56977
       56979
       56981
       56982
       56983
       56984
       56985
       56987
       56990
       56991
       56992
       56994
       56999
       57000
       57001
       57002
       57003
       57004
       57005
       57006
       57007
       57008
       57009
       57012
       57013
       57014
       57015
       57016
       57018
       57019
       57020
       57021
       57022
       57023
       57024
       57026
       57028
       57030
       57032
       57035
       57036
       57040
       57043
       57044
       57045
       57047
       57049
       57050
       57052
       57054
       57058
       57059
       57062
       57063
       57064
       57065
       57066
       57067
       57069
       57070
       57071
       57072
       57073
       57075
       57076
       57078
       57079
       57080
       57081
       57082
       57083
       57084
       57086
       57088
       57091
       57092
       57093
       57094
       57096
       57098
       57099
       57101
       57104
       57106
       57107
       57109
       57110
       57111
       57112
       57114
       57117
       57118
       57119
       57120
       57122
       57123
       57124
       57126
       57127
       57128
       57129
       57130
       57131
       57132
       57133
       57134
       57137
       57139
       57143
       57144
       57145
       57146
       57149
       57150
       57151
       57153
       57154
       57155
       57156
       57158
       57159
       57160
       57162
       57165
       57166
       57167
       57168
       57171
       57172
       57174
       57175
       57176
       57178
       57179
       57180
       57183
       57184
       57185
       57186
       57187
       57188
       57189
       57191
       57193
       57194
       57195
       57197
       57198
       57200
       57201
       57202
       57204
       57205
       57207
       57209
       57210
       57211
       57213
       57214
       57215
       57216
       57217
       57220
       57221
       57223
       57224
       57225
       57226
       57227
       57228
       57233
       57235
       57236
       57241
       57244
       57245
       57246
       57248
       57249
       57250
       57251
       57252
       57254
       57255
       57257
       57258
       57259
       57260
       57261
       57262
       57263
       57264
       57265
       57266
       57267
       57268
       57269
       57270
       57272
       57273
       57274
       57275
       57277
       57279
       57280
       57282
       57283
       57288
       57289
       57290
       57293
       57296
       57297
       57298
       57300
       57302
       57303
       57304
       57305
       57307
       57308
       57309
       57310
       57311
       57314
       57316
       57317
       57318
       57319
       57320
       57321
       57322
       57324
       57328
       57330
       57332
       57333
       57336
       57337
       57338
       57339
       57342
       57343
       57344
       57346
       57347
       57349
       57350
       57352
       57353
       57354
       57355
       57356
       57358
       57359
       57360
       57361
       57363
       57364
       57365
       57367
       57368
       57369
       57370
       57374
       57377
       57378
       57379
       57382
       57385
       57386
       57387
       57391
       57392
       57393
       57394
       57395
       57396
       57398
       57399
       57401
       57402
       57403
       57407
       57409
       57410
       57411
       57412
       57413
       57414
       57415
       57418
       57420
       57421
       57424
       57425
       57426
       57427
       57428
       57430
       57431
       57432
       57433
       57434
       57435
       57436
       57440
       57442
       57445
       57448
       57451
       57452
       57453
       57454
       57455
       57457
       57458
       57459
       57460
       57461
       57462
       57466
       57467
       57468
       57469
       57472
       57473
       57475
       57476
       57477
       57478
       57481
       57482
       57484
       57485
       57487
       57488
       57491
       57492
       57493
       57494
       57495
       57496
       57498
       57499
       57502
       57503
       57504
       57507
       57508
       57509
       57510
       57511
       57512
       57514
       57515
       57516
       57519
       57520
       57521
       57522
       57523
       57524
       57526
       57527
       57528
       57529
       57534
       57535
       57537
       57538
       57539
       57540
       57541
       57543
       57544
       57545
       57546
       57547
       57549
       57551
       57552
       57553
       57554
       57555
       57556
       57557
       57558
       57559
       57561
       57563
       57565
       57566
       57567
       57568
       57569
       57570
       57571
       57575
       57576
       57577
       57578
       57579
       57580
       57581
       57583
       57584
       57585
       57586
       57587
       57589
       57590
       57591
       57592
       57593
       57594
       57595
       57597
       57598
       57599
       57600
       57603
       57604
       57605
       57606
       57607
       57608
       57611
       57612
       57613
       57614
       57615
       57616
       57617
       57619
       57620
       57622
       57623
       57625
       57626
       57627
       57630
       57633
       57634
       57635
       57636
       57637
       57638
       57639
       57640
       57641
       57643
       57644
       57645
       57647
       57648
       57649
       57650
       57651
       57652
       57653
       57654
       57655
       57656
       57657
       57658
       57660
       57661
       57662
       57663
       57664
       57665
       57666
       57667
       57668
       57669
       57670
       57672
       57674
       57675
       57678
       57682
       57685
       57686
       57687
       57688
       57689
       57692
       57693
       57694
       57695
       57696
       57698
       57699
       57700
       57701
       57702
       57703
       57707
       57708
       57710
       57711
       57712
       57713
       57714
       57720
       57721
       57722
       57724
       57725
       57726
       57727
       57729
       57731
       57734
       57736
       57738
       57739
       57740
       57744
       57745
       57746
       57747
       57748
       57749
       57751
       57752
       57753
       57755
       57756
       57757
       57759
       57762
       57764
       57765
       57770
       57774
       57775
       57776
       57777
       57778
       57780
       57782
       57787
       57788
       57789
       57793
       57796
       57798
       57799
       57800
       57802
       57806
       57807
       57808
       57811
       57816
       57818
       57829
       57830
       57831
       57832
       57833
       57838
       57841
       57845
       57856
       57859
       57860
       57862
       57863
       57864
       57866
       57871
       57881
       57882
       57888
       57890
       57892
       57894
       57908
       57912
       57913
       57914
       57916
       57917
       57928
       57929
       57931
       57936
       57942
       57945
       57949
       57958
       57961
       57964
       57974
       57975
       57991
       57992
       57994
       58005
       58006
       58007
       58020
       58023
       58032
       58037
       58038
       58045
       58046
       58047
       58052
       58055
       58057
       58063
       58067
       58070
       58072
       58076
       58077
       58079
       58080
       58085
       58089
       58090
       58091
       58095
       58096
       58097
       58100
       58103
       58104
       58107
       58108
       58110
NNODG          31435        1437        1361
      -21992
      -21993
      -21994
      -22390
      -22394
       22396
       22397
       22398
      -22791
       22792
      -22798
       22800
       22801
       22802
       22803
      -23204
       23205
      -23214
       23216
       23217
       23218
       23219
       23220
       23221
      -23629
       23631
       23632
      -23642
       23645
       23646
       23647
       23648
       23649
       23650
       23651
       23652
      -24060
       24061
       24064
       24065
      -24075
       24078
       24079
       24080
       24081
       24082
       24083
       24084
       24085
       24456
      -24457
       24458
       24459
      -24461
       24462
       24463
       24464
      -24475
       24478
       24479
       24480
       24481
       24482
       24483
       24484
       24485
       24486
       24487
       24815
       24816
       24817
       24818
      -24821
       24822
       24823
       24824
      -24837
       24840
       24841
       24842
       24843
       24844
       24845
       24846
       24847
       24848
       24849
       24850
       24851
       25160
       25161
       25162
       25163
      -25166
       25167
       25168
       25169
      -25183
       25185
       25189
       25190
       25191
       25192
       25193
       25194
       25195
       25196
       25197
       25198
       25199
       25200
       25466
       25467
       25468
       25469
       25470
      -25473
       25474
       25475
       25476
      -25490
       25492
       25496
       25497
       25498
       25499
       25500
       25501
       25502
       25503
       25504
       25505
       25506
       25507
       25730
       25731
       25732
       25733
       25734
       25735
       25736
      -25739
       25740
       25741
      -25757
      -25759
       25760
       25764
       25765
       25766
       25767
       25768
       25769
       25770
       25771
       25772
       25773
       25774
       25775
       25776
       25995
       25996
       25997
       25998
       25999
       26000
       26001
       26002
      -26007
       26008
       26009
      -26029
       26030
       26034
       26035
       26036
       26037
       26038
       26039
       26040
       26041
       26042
       26043
       26044
       26045
       26046
       26261
       26262
       26263
       26264
       26265
       26266
       26267
       26268
       26269
       26270
       26271
       26277
      -26278
       26279
       26280
      -26303
       26304
       26307
       26308
       26309
       26310
       26311
       26312
       26313
       26314
       26315
       26316
       26317
       26523
       26524
       26525
       26526
       26527
       26528
       26529
       26530
       26531
       26532
       26533
       26534
       26541
      -26542
       26543
       26544
       26545
      -26571
       26572
       26573
       26575
       26576
       26577
       26578
       26579
       26580
       26581
       26582
       26583
       26781
       26782
       26783
       26784
       26785
       26786
       26787
       26788
       26789
       26790
       26791
       26792
       26800
      -26801
       26802
       26803
       26804
       26805
      -26836
       26837
       26838
       26839
       26840
       26841
       26842
       26843
       26844
       26845
       26846
       26847
       26848
       27053
       27054
       27055
       27056
       27057
       27058
       27059
       27060
       27061
       27062
       27063
       27064
       27071
      -27072
       27074
       27075
       27076
       27077
      -27103
       27107
       27108
       27109
       27110
       27111
       27112
       27113
       27114
       27115
       27116
       27117
       27118
       27119
       27308
       27309
       27310
       27311
       27312
       27313
       27314
       27315
       27316
       27317
       27318
       27324
      -27325
       27327
       27328
       27329
       27330
       27331
      -27360
       27361
       27365
       27366
       27367
       27368
       27369
       27370
       27371
       27372
       27373
       27374
       27375
       27376
       27377
       27378
       27539
       27540
       27541
       27542
       27543
       27544
       27545
       27546
       27547
       27548
       27549
       27550
       27551
       27558
      -27559
       27561
       27562
       27563
       27564
       27565
       27595
      -27596
       27600
       27601
       27602
       27603
       27604
       27605
       27606
       27607
       27608
       27609
       27610
       27611
       27612
       27613
       27614
       27770
       27771
       27772
       27773
       27774
       27775
       27776
       27777
       27778
       27779
       27786
      -27787
       27789
       27790
       27791
       27792
       27793
       27824
      -27825
       27826
       27831
       27832
       27833
       27834
       27835
       27836
       27837
       27838
       27839
       27840
       27841
       27842
       27843
       27844
       27845
       27846
       27847
       27998
       27999
       28000
       28001
       28008
       28009
       28010
       28011
       28012
       28013
       28014
      -28046
       28047
       28048
       28053
       28054
       28055
       28056
       28057
       28058
       28059
       28060
       28061
       28062
       28063
       28064
       28065
       28066
       28067
       28068
       28201
       28202
       28208
       28209
       28210
       28211
       28212
       28213
       28214
      -28246
       28247
       28248
       28249
       28255
       28256
       28257
       28258
       28259
       28260
       28261
       28262
       28263
       28264
       28265
       28266
       28267
       28268
       28269
       28270
       28271
       28398
       28399
       28400
      -28433
       28434
       28435
       28436
       28437
       28443
       28444
       28445
       28446
       28447
       28448
       28449
       28450
       28451
       28452
       28453
       28454
       28455
       28456
       28457
       28458
       28459
       28460
      -28636
       28637
       28638
       28639
       28640
       28646
       28647
       28648
       28649
       28650
       28651
       28652
       28653
       28654
       28655
       28656
       28657
       28658
       28659
       28660
       28661
       28662
       28663
      -28834
       28835
       28836
       28837
       28838
       28846
       28847
       28848
       28849
       28850
       28851
       28852
       28853
       28854
       28855
       28856
       28857
       28858
       28859
       28860
       28861
       28862
       28863
       28864
       28865
       28866
      -29037
       29038
       29039
       29040
       29041
      -29045
       29049
       29050
       29051
       29052
       29053
       29054
       29055
       29056
       29057
       29058
       29059
       29060
       29061
       29062
       29063
       29064
       29065
       29066
       29067
       29068
       29069
       29070
       29071
       29235
       29236
       29237
       29238
      -29242
       29246
       29247
       29248
       29249
       29250
       29251
       29252
       29253
       29254
       29255
       29256
       29257
       29258
       29259
       29260
       29261
       29262
       29263
       29264
       29265
       29266
       29267
       29268
       29269
       29270
      -29426
       29427
       29428
       29429
       29430
       29436
       29437
       29438
       29439
       29440
       29441
       29442
       29443
       29444
       29445
       29446
       29447
       29448
       29449
       29450
       29451
       29452
       29453
       29454
       29455
       29456
       29457
       29458
       29459
       29460
       29461
       29462
       29463
       29464
      -29615
       29616
       29617
       29618
       29619
       29626
       29627
       29628
       29629
       29630
       29631
       29632
       29633
       29634
       29635
       29636
       29637
       29638
       29639
       29640
       29641
       29642
       29643
       29644
       29645
       29646
       29647
       29648
       29649
       29650
       29651
       29652
       29653
       29654
       29655
       29656
      -29797
       29798
       29799
       29800
       29801
       29810
       29811
       29812
       29813
       29814
       29815
       29816
       29817
       29818
       29819
       29820
       29821
       29822
       29823
       29824
       29825
       29826
       29827
       29828
       29829
       29830
       29831
       29832
       29833
       29834
       29835
       29836
       29837
       29838
       29839
       29840
       29841
       29966
       29967
       29968
       29969
       29970
       29971
       29972
       29973
       29974
       29975
       29976
       29977
       29978
       29979
       29980
       29981
       29982
       29983
       29984
       29985
       29986
       29987
       29988
       29989
       29990
       30087
       30088
       30089
       30090
       30091
       30092
       30093
       30094
       30095
       30096
       30097
       30098
       30099
       30100
       30101
       30102
       30103
       30104
       30105
       30106
       30107
       30108
       30200
       30201
       30202
       30203
       30204
       30205
       30206
       30207
       30208
       30209
       30210
       30211
       30212
       30213
       30214
       30215
       30216
       30217
       30218
       30219
       30220
       30221
       30222
       30223
       30224
       30300
       30301
       30302
       30303
       30304
       30305
       30306
       30307
       30308
       30309
       30310
       30311
       30312
       30313
       30314
       30315
       30316
       30317
       30318
       30319
       30320
       30321
       30322
       30323
       30324
       30325
       30326
       30327
       30392
       30393
       30394
       30395
       30396
       30397
       30398
       30399
       30400
       30401
       30402
       30403
       30404
       30405
       30406
       30407
       30408
       30409
       30410
       30411
       30412
       30413
       30414
       30415
       30416
       30417
       30418
       30419
       30420
       30472
       30473
       30474
       30475
       30476
       30477
       30478
       30479
       30480
       30481
       30482
       30483
       30484
       30485
       30486
       30487
       30488
       30489
       30490
       30491
       30492
       30493
       30494
       30495
       30496
       30497
       30498
       30499
       30500
       30549
       30550
       30551
       30552
       30553
       30554
       30555
       30556
       30557
       30558
       30559
       30560
       30561
       30562
       30563
       30564
       30565
       30566
       30567
       30568
       30569
       30570
       30571
       30572
       30573
       30574
       30575
       30576
       30577
       30578
       30579
       30621
       30622
       30623
       30624
       30625
       30626
       30627
       30628
       30629
       30630
       30631
       30632
       30633
       30634
       30635
       30636
       30637
       30638
       30639
       30640
       30641
       30642
       30643
       30644
       30645
       30646
       30647
       30648
       30649
       30650
       30651
       30652
       30653
       30654
       30695
       30696
       30697
       30698
       30699
       30700
       30701
       30702
       30703
       30704
       30705
       30706
       30707
       30708
       30709
       30710
       30711
       30712
       30713
       30714
       30715
       30716
       30717
       30718
       30719
       30720
       30721
       30722
       30723
       30724
       30725
       30726
       30727
       30728
       30729
       30730
       30731
       30732
       30768
       30769
       30770
       30771
       30772
       30773
       30774
       30775
       30776
       30777
       30778
       30779
       30780
       30781
       30782
       30783
       30784
       30785
       30786
       30787
       30788
       30789
       30790
       30791
       30792
       30793
       30794
       30795
       30796
       30797
       30798
       30799
       30800
       30801
       30802
       30803
       30834
       30835
       30836
       30837
       30838
       30839
       30840
       30841
       30842
       30843
       30844
       30845
       30846
       30847
       30848
       30849
       30850
       30851
       30852
       30853
       30854
       30855
       30856
       30857
       30883
       30884
       30885
       30886
       30887
       30888
       30889
       30890
       30891
       30892
       30893
       30894
       30895
       30896
       30897
       30898
       30899
       30900
       30901
       30902
       30903
       30904
       30905
       30931
       30932
       30933
       30934
       30935
       30936
       30937
       30938
       30939
       30940
       30941
       30942
       30943
       30944
       30945
       30946
       30947
       30948
       30949
       30971
       30972
       30973
       30974
       30975
       30976
       30977
       30978
       30979
       30980
       30981
       30982
       30983
       30984
       30985
       30986
       31002
       31003
       31004
       31005
       31006
       31007
       31008
       31009
       31010
       31011
       31012
       31026
       31027
       31028
       31029
       31030
       31031
       31032
       31033
       31034
       31035
       31036
       31044
       31045
       31046
       31047
       31048
       31049
       31050
       31051
       31052
       31053
       31054
       31063
       31064
       31065
       31066
       31067
       31068
       31069
       31070
       31071
       31072
       31073
       31081
       31082
       31083
       31084
       31085
       31086
       31087
       31088
       31089
       31090
       31091
       31099
       31100
       31101
       31102
       31103
       31104
       31105
       31106
       31107
       31108
       31109
       31119
       31120
       31121
       31122
       31123
       31124
       31125
       31126
       31127
       31128
       31129
       31141
       31142
       31143
       31144
       31145
       31146
       31147
       31148
       31149
       31150
       31151
       31161
       31162
       31163
       31164
       31165
       31166
       31167
       31168
       31169
       31170
       31171
       31178
       31179
       31180
       31181
       31182
       31183
       31184
       31185
       31186
       31187
       31188
       31194
       31195
       31196
       31197
       31198
       31199
       31200
       31201
       31202
       31203
       31204
       31205
       31212
       31213
       31214
       31215
       31216
       31217
       31218
       31219
       31220
       31221
       31222
       31223
       31230
       31231
       31232
       31233
       31234
       31235
       31236
       31237
       31238
       31248
       31249
       31250
       31251
       31252
       31253
       31254
       31255
       31256
       31257
       31267
       31268
       31269
       31270
       31271
       31272
       31273
       31274
       31275
       31276
       31283
       31284
       31285
       31286
       31287
       31288
       31289
       31290
       31291
       31292
       31298
       31299
       31300
       31301
       31302
       31303
       31304
       31305
       31312
       31313
       31314
       31315
       31316
       31317
       31318
       31324
       31325
       31326
       31327
       31328
       31329
       31335
       31336
       31337
       31338
       31339
       31340
       31341
       31342
       31343
       31344
       31349
       31350
       31351
       31352
       31353
       31354
       31355
       31356
       31357
       31358
       31362
       31363
       31364
       31365
       31366
       31367
       31368
       31369
       31370
       31371
       31372
       31375
       31376
       31377
       31378
       31379
       31380
       31381
       31382
       31383
       31384
       31388
       31389
       31390
       31391
       31392
       31393
       31394
       31395
       31396
       31397
       31403
       31404
       31405
       31406
       31411
       31412
       31413
       31418
       31419
       31420
       31424
       31425
       31426
       31427
       31428
       31429
       31430
       31431
       31432
       31433
       31434
       31435
NFLUXF             0
NETA             103          37           0
NSTAE              0           0           0
NSTAV              0           0           0
NSTAM              0           0           0
NSTAC              0           0           0
RES NODE          16        1309
                   6           7           8          10          12          13
                  14          15          17          19          20          21
                  22          23          24          26          27          29
                  30          31          32          33          34          35
                  36          38          39          40          42          43
                  44          45          46          47          48          49
                  50          52          53          55          56          57
                  59          60          61          62          63          64
                  65          66          67          68          69          70
                  71          72          74          75          76          78
                  79          80          81          82          83          84
                  85          86          87          88          89          90
                  91          92          93          95          96          97
                  99         100         101         102         103         104
                 105         106         107         108         109         110
                 111         112         113         114         115         116
                 118         119         120         122         123         124
                 125         126         127         128         129         130
                 131         132         133         134         135         136
                 137         138         139         140         141         143
                 144         147         148         149         150         151
                 152         153         154         155         156         157
                 158         159         160         161         162         163
                 164         165         166         167         168         170
                 171         173         174         175         176         177
                 178         179         180         181         182         183
                 184         185         186         187         188         189
                 190         191         192         193         194         195
                 196         197         198         200         201         203
                 204         205         206         207         208         209
                 210         211         212         213         214         215
                 216         217         218         219         220         221
                 222         223         224         225         226         227
                 229         230         231         233         234         235
                 236         237         238         239         240         241
                 242         243         244         245         246         247
                 248         249         250         251         252         253
                 254         255         256         258         259         260
                 261         263         264         265         266         267
                 268         269         270         271         272         273
                 274         275         276         277         278         279
                 280         281         282         283         284         285
                 286         287         289         290         291         292
                 294         295         296         297         298         299
                 300         301         302         303         304         305
                 306         307         308         309         310         311
                 312         313         314         315         316         317
                 318         320         321         322         323         324
                 326         327         328         329         330         331
                 332         333         334         335         336         337
                 338         339         340         341         342         343
                 344         345         346         347         348         349
                 350         351         352         353         354         356
                 357         358         359         360         361         363
                 364         365         366         367         368         369
                 370         371         372         373         374         375
                 376         377         378         379         380         381
                 382         383         384         385         386         387
                 388         390         391         392         393         394
                 395         397         398         399         400         401
                 402         403         404         405         406         407
                 408         409         410         411         412         413
                 414         415         416         417         418         419
                 420         421         422         423         424         425
                 427         428         429         430         431         432
                 433         434         435         436         437         438
                 439         440         441         442         443         444
                 445         446         447         448         449         450
                 451         452         453         455         456         457
                 458         459         460         461         462         463
                 464         465         466         467         468         469
                 470         471         472         473         474         475
                 476         477         479         480         481         482
                 483         484         485         486         487         488
                 489         490         491         492         493         494
                 495         496         497         498         499         500
                 502         503         504         505         506         507
                 508         509         510         511         512         513
                 514         515         516         517         518         519
                 520         521         522         523         525         526
                 527         528         529         530         531         532
                 533         534         535         536         537         538
                 539         540         541         542         543         544
                 545         546         547         548         549         551
                 552         553         554         556         557         558
                 559         560         561         562         563         564
                 565         566         567         568         569         570
                 571         572         573         574         575         576
                 577         578         579         580         581         582
                 584         585         586         587         588         589
                 590         591         592         593         594         595
                 596         597         598         599         600         601
                 602         603         604         605         606         607
                 608         610         611         612         613         614
                 615         616         617         618         619         620
                 621         622         623         624         625         626
                 627         628         629         630         631         632
                 633         634         635         636         637         638
                 639         640         641         642         644         645
                 646         647         648         649         650         651
                 652         653         654         655         656         657
                 658         659         660         661         662         663
                 664         665         666         667         668         669
                 670         671         672         673         674         675
                 676         677         678         680         681         682
                 683         684         685         686         687         688
                 689         690         691         692         693         694
                 695         696         697         698         699         700
                 701         702         703         704         705         706
                 707         708         709         710         711         712
                 713         714         715         716         717         718
                 719         720         721         722         723         724
                 725         726         727         728         729         730
                 731         732         733         734         735         736
                 737         738         739         740         741         742
                 743         744         745         746         747         748
                 749         750         751         752         753         754
                 755         756         757         758         759         760
                 761         762         763         764         765         766
                 767         768         769         770         771         772
                 773         774         775         776         777         778
                 779         780         781         782         783         784
                 785         786         787         788         789         790
                 791         792         793         794         795         796
                 797         798         799         800         801         802
                 803         804         805         806         807         808
                 809         810         811         812         813         814
                 815         816         817         818         819         820
                 821         822         823         824         825         826
                 827         828         829         830         831         832
                 833         834         835         836         837         838
                 839         840         841         842         843         844
                 845         846         847         848         849         850
                 851         852         853         854         855         856
                 857         858         859         860         861         862
                 863         864         865         866         867         868
                 869         870         871         872         873         874
                 875         876         877         878         879         880
                 881         882         883         884         885         886
                 887         888         889         890         891         892
                 893         894         895         896         897         898
                 899         900         901         902         903         904
                 905         906         907         908         909         910
                 911         912         913         914         915         916
                 917         918         919         920         921         922
                 923         924         925         926         927         928
                 929         930         931         932         933         934
                 935         936         937         938         939         940
                 941         942         943         944         945         946
                 947         948         949         950         951         952
                 953         954         955         956         957         958
                 959         960         961         962         963         964
                 965         966         967         968         969         970
                 971         972         973         974         975         976
                 977         978         979         980         981         982
                 983         984         985         986         987         988
                 989         990         991         992         993         994
                 995         996         997         998         999        1000
                1001        1002        1003        1004        1005        1006
                1007        1008        1009        1010        1011        1012
                1013        1014        1015        1016        1017        1018
                1019        1020        1021        1022        1023        1024
                1025        1026        1027        1028        1029        1030
                1031        1032        1033        1034        1035        1036
                1037        1038        1039        1040        1041        1042
                1043        1044        1045        1046        1047        1048
                1049        1050        1051        1052        1053        1054
                1055        1056        1057        1058        1059        1060
                1061        1062        1063        1064        1065        1066
                1067        1068        1069        1070        1071        1072
                1073        1074        1075        1076        1077        1078
                1079        1080        1081        1082        1083        1084
                1085        1086        1087        1088        1089        1090
                1091        1092        1093        1094        1095        1096
                1097        1098        1099        1100        1101        1102
                1103        1104        1105        1106        1107        1108
                1109        1110        1111        1112        1113        1114
                1115        1116        1117        1118        1119        1120
                1121        1122        1123        1124        1125        1126
                1127        1128        1129        1130        1131        1132
                1133        1134        1135        1136        1137        1138
                1139        1140        1141        1142        1143        1144
                1145        1146        1147        1148        1149        1150
                1151        1152        1153        1154        1155        1156
                1157        1158        1159        1160        1161        1162
                1163        1164        1165        1166        1167        1168
                1169        1170        1171        1172        1173        1174
                1175        1176        1177        1178        1179        1180
                1181        1182        1183        1184        1185        1186
                1187        1188        1189        1190        1191        1192
                1193        1194        1195        1196        1197        1198
                1199        1200        1201        1202        1203        1204
                1205        1206        1207        1208        1209        1210
                1211        1212        1213        1214        1215        1216
                1217        1218        1219        1220        1221        1222
                1223        1224        1225        1226        1227        1228
                1229        1230        1231        1232        1233        1234
                1235        1236        1237        1238        1239        1240
                1241        1242        1243        1244        1245        1246
                1247        1248        1249        1250        1251        1252
                1253        1254        1255        1256        1257        1258
                1259        1260        1261        1262        1263        1264
                1265        1266        1267        1268        1269        1270
                1271        1272        1273        1274        1275        1276
                1277        1278        1279        1280        1281        1282
                1283        1284        1285        1286        1287        1288
                1289        1290        1291        1292        1293        1294
                1295        1296        1297        1298        1299        1300
                1301        1302        1303        1304        1305        1306
                1307        1308        1309        1310        1311        1312
                1313        1314        1315        1316        1317        1318
                1319        1320        1321        1322        1323        1324
                1325        1326        1327        1328        1329        1330
                1331        1332        1333        1334        1335        1336
                1337        1338        1339        1340        1341        1342
                1343        1344        1345        1346        1347        1348
                1349        1350        1351        1352        1353        1354
                1355        1356        1357        1358        1359        1360
                1361
COMM PE            3
RECV PE           13           2
                   1           3
RECV PE           15          20
                   2           4           9          16          25          37
                  51          54          73          94         117         142
                 169         199         228         257         288         319
                 355         389
RECV PE           17          30
                   5          11          18          28          41          58
                  77          98         121         145         146         172
                 202         232         262         293         325         362
                 396         426         454         478         501         524
                 550         555         583         609         643         679
SEND PE           13           2
                   6           8
SEND PE           15          22
                   6           7          10          17          26          38
                  50          69          70          91         113         136
                 162         188         198         227         256         287
                 317         318         354         388
SEND PE           17          29
                   8          14          22          34          47          66
                  88          99         122         147         173         203
                 233         263         294         326         361         395
                 397         427         455         479         502         525
                 551         579         610         644         680
