AL, 14, 2016100300,   , BEST,   0, 145N,  740W, 130,  944,   ,  34, NEQ,  170,  100,   80,  130, 1013,     ,  10,     ,    ,    ,    ,    ,  0,   4,   MATTHEW  ,   1,    3, 1, 1, 1, 1,     53.9,   29.0,   23.2,   40.5,    2.6592,   2.7938,   2.7316,   2.7171,   2.7602, 140.4483, 140.4483, 140.4483, 140.4483
AL, 14, 2016100300,   , BEST,   0, 145N,  740W, 130,  944,   ,  50, NEQ,   60,   50,   30,   50, 1013,     ,  10,     ,    ,    ,    ,    ,  0,   4,   MATTHEW  ,   1,    3, 1, 1, 1, 1,     22.2,   18.1,   10.9,   18.8,    2.6592,   2.7145,   2.7042,   2.6864,   2.7061, 140.4483, 140.4483, 140.4483, 140.4483
AL, 14, 2016100300,   , BEST,   0, 145N,  740W, 130,  944,   ,  64, NEQ,   30,   20,   20,   25, 1013,     ,  10,     ,    ,    ,    ,    ,  0,   4,   MATTHEW  ,   1,    3, 1, 1, 1, 1,     13.1,    8.5,    8.8,   11.2,    2.6592,   2.6918,   2.6804,   2.6811,   2.6871, 140.4483, 140.4483, 140.4483, 140.4483
AL, 14, 2016100306,   , BEST,   6, 149N,  740W, 125,  942,   ,  34, NEQ,  170,  110,   80,  130, 1013,     ,  10,     ,    ,    ,    ,    ,  0,   4,   MATTHEW  ,   2,    3, 1, 1, 1, 1,     48.9,   29.1,   20.9,   36.7,    2.3839,   2.5011,   2.4534,   2.4338,   2.4717, 134.8928, 134.8928, 134.8928, 134.8928
AL, 14, 2016100306,   , BEST,   6, 149N,  740W, 125,  942,   ,  50, NEQ,   60,   50,   40,   50, 1013,     ,  10,     ,    ,    ,    ,    ,  0,   4,   MATTHEW  ,   2,    3, 1, 1, 1, 1,     20.5,   16.6,   13.6,   17.5,    2.3839,   2.4329,   2.4237,   2.4164,   2.4256, 134.8928, 134.8928, 134.8928, 134.8928
AL, 14, 2016100306,   , BEST,   6, 149N,  740W, 125,  942,   ,  64, NEQ,   30,   25,   20,   25, 1013,     ,  10,     ,    ,    ,    ,    ,  0,   4,   MATTHEW  ,   2,    3, 1, 1, 1, 1,     12.3,   10.1,    8.3,   10.6,    2.3839,   2.4134,   2.4079,   2.4037,   2.4092, 134.8928, 134.8928, 134.8928, 134.8928
AL, 14, 2016100312,   , BEST,  12, 154N,  740W, 125,  941,   ,  34, NEQ,  170,  120,   80,  120, 1013,     ,  10,     ,    ,    ,    ,    ,  0,   5,   MATTHEW  ,   3,    3, 1, 1, 1, 1,     47.9,   31.3,   20.4,   32.9,    2.3298,   2.4462,   2.4058,   2.3793,   2.4096, 134.2896, 134.2896, 134.2896, 134.2896
AL, 14, 2016100312,   , BEST,  12, 154N,  740W, 125,  941,   ,  50, NEQ,   60,   50,   40,   50, 1013,     ,  10,     ,    ,    ,    ,    ,  0,   5,   MATTHEW  ,   3,    3, 1, 1, 1, 1,     20.1,   16.3,   13.3,   17.2,    2.3298,   2.3785,   2.3692,   2.3621,   2.3715, 134.2896, 134.2896, 134.2896, 134.2896
AL, 14, 2016100312,   , BEST,  12, 154N,  740W, 125,  941,   ,  64, NEQ,   30,   25,   20,   25, 1013,     ,  10,     ,    ,    ,    ,    ,  0,   5,   MATTHEW  ,   3,    3, 1, 1, 1, 1,     12.1,    9.9,    8.2,   10.5,    2.3298,   2.3592,   2.3537,   2.3496,   2.3552, 134.2896, 134.2896, 134.2896, 134.2896
AL, 14, 2016100318,   , BEST,  18, 159N,  739W, 125,  938,   ,  34, NEQ,  170,  130,   90,  120, 1013,     ,  15,     ,    ,    ,    ,    , 11,   5,   MATTHEW  ,   4,    3, 1, 1, 1, 1,     45.9,   32.6,   22.0,   31.3,    2.2349,   2.3451,   2.3131,   2.2875,   2.3100, 134.2365, 134.2365, 134.2365, 134.2365
AL, 14, 2016100318,   , BEST,  18, 159N,  739W, 125,  938,   ,  50, NEQ,   70,   50,   50,   50, 1013,     ,  15,     ,    ,    ,    ,    , 11,   5,   MATTHEW  ,   4,    3, 1, 1, 1, 1,     22.8,   15.5,   16.1,   16.5,    2.2349,   2.2896,   2.2721,   2.2734,   2.2744, 134.2365, 134.2365, 134.2365, 134.2365
AL, 14, 2016100318,   , BEST,  18, 159N,  739W, 125,  938,   ,  64, NEQ,   35,   30,   30,   30, 1013,     ,  15,     ,    ,    ,    ,    , 11,   5,   MATTHEW  ,   4,    3, 1, 1, 1, 1,     13.8,   11.4,   11.9,   12.2,    2.2349,   2.2679,   2.2623,   2.2633,   2.2642, 134.2365, 134.2365, 134.2365, 134.2365
AL, 14, 2016100400,   , BEST,  24, 166N,  736W, 130,  934,   ,  34, NEQ,  170,  140,   90,  110, 1013,     ,  15,     ,    ,    ,    ,    , 22,   8,   MATTHEW  ,   5,    3, 1, 1, 1, 1,     45.8,   35.1,   21.6,   28.2,    2.2577,   2.3701,   2.3438,   2.3107,   2.3270, 138.4720, 138.4720, 138.4720, 138.4720
AL, 14, 2016100400,   , BEST,  24, 166N,  736W, 130,  934,   ,  50, NEQ,   70,   60,   50,   50, 1013,     ,  15,     ,    ,    ,    ,    , 22,   8,   MATTHEW  ,   5,    3, 1, 1, 1, 1,     22.6,   18.4,   15.7,   16.4,    2.2577,   2.3131,   2.3029,   2.2962,   2.2978, 138.4720, 138.4720, 138.4720, 138.4720
AL, 14, 2016100400,   , BEST,  24, 166N,  736W, 130,  934,   ,  64, NEQ,   35,   30,   30,   30, 1013,     ,  15,     ,    ,    ,    ,    , 22,   8,   MATTHEW  ,   5,    3, 1, 1, 1, 1,     13.6,   11.1,   11.6,   12.1,    2.2577,   2.2910,   2.2849,   2.2860,   2.2873, 138.4720, 138.4720, 138.4720, 138.4720
AL, 14, 2016100406,   , BEST,  30, 175N,  734W, 130,  934,   ,  34, NEQ,  170,  150,   90,  100, 1013,     ,  15,     ,    ,    ,    ,    , 12,   9,   MATTHEW  ,   6,    3, 1, 1, 1, 1,     45.5,   38.0,   21.7,   25.4,    2.2323,   2.3494,   2.3299,   2.2879,   2.2974, 137.6905, 137.6905, 137.6905, 137.6905
AL, 14, 2016100406,   , BEST,  30, 175N,  734W, 130,  934,   ,  50, NEQ,   70,   60,   50,   60, 1013,     ,  15,     ,    ,    ,    ,    , 12,   9,   MATTHEW  ,   6,    3, 1, 1, 1, 1,     22.4,   18.3,   15.8,   19.9,    2.2323,   2.2897,   2.2792,   2.2727,   2.2834, 137.6905, 137.6905, 137.6905, 137.6905
AL, 14, 2016100406,   , BEST,  30, 175N,  734W, 130,  934,   ,  64, NEQ,   35,   35,   30,   30, 1013,     ,  15,     ,    ,    ,    ,    , 12,   9,   MATTHEW  ,   6,    3, 1, 1, 1, 1,     13.4,   12.9,   11.6,   12.1,    2.2323,   2.2668,   2.2655,   2.2620,   2.2634, 137.6905, 137.6905, 137.6905, 137.6905
AL, 14, 2016100411,   , BEST,  35, 183N,  733W, 130,  935,   ,  34, NEQ,  170,  150,   90,  100, 1013,     ,  15,     ,    ,    ,    ,    ,  7,  10,   MATTHEW  ,   7,    3, 1, 1, 1, 1,     46.5,   38.9,   22.3,   25.9,    2.2539,   2.3801,   2.3594,   2.3142,   2.3242, 137.4766, 137.4766, 137.4766, 137.4766
AL, 14, 2016100411,   , BEST,  35, 183N,  733W, 130,  935,   ,  50, NEQ,   70,   60,   50,   60, 1013,     ,  15,     ,    ,    ,    ,    ,  7,  10,   MATTHEW  ,   7,    3, 1, 1, 1, 1,     22.7,   18.6,   16.1,   20.3,    2.2539,   2.3153,   2.3042,   2.2974,   2.3087, 137.4766, 137.4766, 137.4766, 137.4766
AL, 14, 2016100411,   , BEST,  35, 183N,  733W, 130,  935,   ,  64, NEQ,   35,   35,   30,   30, 1013,     ,  15,     ,    ,    ,    ,    ,  7,  10,   MATTHEW  ,   7,    3, 1, 1, 1, 1,     13.6,   13.1,   11.8,   12.3,    2.2539,   2.2906,   2.2894,   2.2858,   2.2871, 137.4766, 137.4766, 137.4766, 137.4766
AL, 14, 2016100412,   , BEST,  36, 184N,  733W, 125,  937,   ,  34, NEQ,  170,  150,   90,  100, 1013,     ,  15,     ,    ,    ,    ,    ,  0,   6,  MATTHEW   ,   8,    3, 1, 1, 1, 1,     45.9,   38.7,   22.0,   25.3,    2.1888,   2.3140,   2.2943,   2.2485,   2.2576, 133.7297, 133.7297, 133.7297, 133.7297
AL, 14, 2016100412,   , BEST,  36, 184N,  733W, 125,  937,   ,  50, NEQ,   70,   60,   50,   60, 1013,     ,  15,     ,    ,    ,    ,    ,  0,   6,  MATTHEW   ,   8,    3, 1, 1, 1, 1,     22.5,   18.6,   16.0,   19.9,    2.1888,   2.2500,   2.2395,   2.2323,   2.2429, 133.7297, 133.7297, 133.7297, 133.7297
AL, 14, 2016100412,   , BEST,  36, 184N,  733W, 125,  937,   ,  64, NEQ,   35,   40,   30,   30, 1013,     ,  15,     ,    ,    ,    ,    ,  0,   6,  MATTHEW   ,   8,    3, 1, 1, 1, 1,     13.5,   15.2,   11.8,   12.1,    2.1888,   2.2256,   2.2302,   2.2210,   2.2218, 133.7297, 133.7297, 133.7297, 133.7297
AL, 14, 2016100418,   , BEST,  42, 193N,  733W, 120,  947,   ,  34, NEQ,  160,  150,   90,  100, 1013,     ,  15,     ,    ,    ,    ,    ,  0,   9,  MATTHEW   ,   9,    3, 1, 1, 1, 1,     47.2,   42.7,   24.5,   28.4,    2.2615,   2.4084,   2.3943,   2.3375,   2.3496, 126.6727, 126.6727, 126.6727, 126.6727
AL, 14, 2016100418,   , BEST,  42, 193N,  733W, 120,  947,   ,  50, NEQ,   70,   60,   50,   60, 1013,     ,  15,     ,    ,    ,    ,    ,  0,   9,  MATTHEW   ,   9,    3, 1, 1, 1, 1,     24.6,   20.2,   17.6,   22.1,    2.2615,   2.3379,   2.3244,   2.3162,   2.3301, 126.6727, 126.6727, 126.6727, 126.6727
AL, 14, 2016100418,   , BEST,  42, 193N,  733W, 120,  947,   ,  64, NEQ,   40,   40,   40,   40, 1013,     ,  15,     ,    ,    ,    ,    ,  0,   9,  MATTHEW   ,   9,    3, 1, 1, 1, 1,     16.9,   16.4,   17.5,   18.1,    2.2615,   2.3140,   2.3125,   2.3158,   2.3176, 126.6727, 126.6727, 126.6727, 126.6727
AL, 14, 2016100500,   , BEST,  48, 201N,  733W, 115,  949,   ,  34, NEQ,  160,  150,   90,  100, 1013,     ,  15,     ,    ,    ,    ,    ,  0,   8,  MATTHEW   ,  10,    3, 1, 1, 1, 1,     46.4,   41.9,   23.9,   27.7,    2.1489,   2.2978,   2.2833,   2.2253,   2.2377, 121.5935, 121.5935, 121.5935, 121.5935
AL, 14, 2016100500,   , BEST,  48, 201N,  733W, 115,  949,   ,  50, NEQ,   70,   60,   50,   60, 1013,     ,  15,     ,    ,    ,    ,    ,  0,   8,  MATTHEW   ,  10,    3, 1, 1, 1, 1,     24.4,   20.0,   17.4,   21.9,    2.1489,   2.2268,   2.2129,   2.2046,   2.2189, 121.5935, 121.5935, 121.5935, 121.5935
AL, 14, 2016100500,   , BEST,  48, 201N,  733W, 115,  949,   ,  64, NEQ,   40,   40,   40,   40, 1013,     ,  15,     ,    ,    ,    ,    ,  0,   8,  MATTHEW   ,  10,    3, 1, 1, 1, 1,     16.9,   16.4,   17.5,   18.1,    2.1489,   2.2030,   2.2014,   2.2049,   2.2069, 121.5935, 121.5935, 121.5935, 121.5935
AL, 14, 2016100506,   , BEST,  54, 207N,  734W, 110,  960,   ,  34, NEQ,  160,  140,   90,   90, 1013,     ,  15,     ,    ,    ,    ,    ,351,   6,  MATTHEW   ,  11,    3, 1, 1, 1, 1,     55.6,   46.7,   28.8,   29.1,    2.4035,   2.6165,   2.5822,   2.5135,   2.5150, 117.0237, 117.0237, 117.0237, 117.0237
AL, 14, 2016100506,   , BEST,  54, 207N,  734W, 110,  960,   ,  50, NEQ,   70,   60,   50,   60, 1013,     ,  15,     ,    ,    ,    ,    ,351,   6,  MATTHEW   ,  11,    3, 1, 1, 1, 1,     28.3,   23.6,   20.3,   25.1,    2.4035,   2.5116,   2.4935,   2.4812,   2.4996, 117.0237, 117.0237, 117.0237, 117.0237
AL, 14, 2016100506,   , BEST,  54, 207N,  734W, 110,  960,   ,  64, NEQ,   40,   35,   35,   40, 1013,     ,  15,     ,    ,    ,    ,    ,351,   6,  MATTHEW   ,  11,    3, 1, 1, 1, 1,     19.2,   16.5,   17.4,   20.3,    2.4035,   2.4769,   2.4663,   2.4699,   2.4812, 117.0237, 117.0237, 117.0237, 117.0237
AL, 14, 2016100512,   , BEST,  60, 214N,  738W, 105,  962,   ,  34, NEQ,  160,  140,   80,   90, 1013,     ,  15,     ,    ,    ,    ,    ,332,   8,  MATTHEW   ,  12,    3, 1, 1, 1, 1,     53.5,   45.4,   24.7,   28.2,    2.2276,   2.4356,   2.4040,   2.3233,   2.3370, 110.5150, 110.5150, 110.5150, 110.5150
AL, 14, 2016100512,   , BEST,  60, 214N,  738W, 105,  962,   ,  50, NEQ,   70,   60,   50,   60, 1013,     ,  15,     ,    ,    ,    ,    ,332,   8,  MATTHEW   ,  12,    3, 1, 1, 1, 1,     27.4,   23.2,   20.5,   24.8,    2.2276,   2.3339,   2.3176,   2.3069,   2.3239, 110.5150, 110.5150, 110.5150, 110.5150
AL, 14, 2016100512,   , BEST,  60, 214N,  738W, 105,  962,   ,  64, NEQ,   40,   30,   30,   40, 1013,     ,  15,     ,    ,    ,    ,    ,332,   8,  MATTHEW   ,  12,    3, 1, 1, 1, 1,     18.9,   14.0,   15.3,   20.5,    2.2276,   2.3009,   2.2820,   2.2867,   2.3070, 110.5150, 110.5150, 110.5150, 110.5150
AL, 14, 2016100518,   , BEST,  66, 222N,  744W, 105,  963,   ,  34, NEQ,  160,  140,   70,   90, 1013,     ,  15,     ,    ,    ,    ,    ,325,  10,  MATTHEW   ,  13,    3, 1, 1, 1, 1,     54.2,   46.4,   21.8,   28.7,    2.2372,   2.4584,   2.4261,   2.3256,   2.3539, 109.6622, 109.6622, 109.6622, 109.6622
AL, 14, 2016100518,   , BEST,  66, 222N,  744W, 105,  963,   ,  50, NEQ,   70,   60,   40,   60, 1013,     ,  15,     ,    ,    ,    ,    ,325,  10,  MATTHEW   ,  13,    3, 1, 1, 1, 1,     27.6,   23.6,   16.5,   25.2,    2.2372,   2.3494,   2.3330,   2.3043,   2.3396, 109.6622, 109.6622, 109.6622, 109.6622
AL, 14, 2016100518,   , BEST,  66, 222N,  744W, 105,  963,   ,  64, NEQ,   40,   30,   30,   40, 1013,     ,  15,     ,    ,    ,    ,    ,325,  10,  MATTHEW   ,  13,    3, 1, 1, 1, 1,     19.0,   14.2,   15.6,   20.8,    2.2372,   2.3143,   2.2950,   2.3007,   2.3215, 109.6622, 109.6622, 109.6622, 109.6622
AL, 14, 2016100600,   , BEST,  72, 230N,  750W, 105,  960,   ,  34, NEQ,  160,  140,   70,   90, 1013,     ,  10,     ,    ,    ,    ,    ,325,  10,  MATTHEW   ,  14,    3, 1, 1, 1, 1,     51.1,   43.6,   20.4,   26.9,    2.1109,   2.3144,   2.2843,   2.1916,   2.2177, 109.6704, 109.6704, 109.6704, 109.6704
AL, 14, 2016100600,   , BEST,  72, 230N,  750W, 105,  960,   ,  50, NEQ,   70,   60,   40,   60, 1013,     ,  10,     ,    ,    ,    ,    ,325,  10,  MATTHEW   ,  14,    3, 1, 1, 1, 1,     26.2,   22.3,   15.7,   24.0,    2.1109,   2.2148,   2.1995,   2.1731,   2.2060, 109.6704, 109.6704, 109.6704, 109.6704
AL, 14, 2016100600,   , BEST,  72, 230N,  750W, 105,  960,   ,  64, NEQ,   40,   30,   30,   40, 1013,     ,  10,     ,    ,    ,    ,    ,325,  10,  MATTHEW   ,  14,    3, 1, 1, 1, 1,     18.2,   13.6,   15.1,   20.0,    2.1109,   2.1829,   2.1649,   2.1706,   2.1901, 109.6704, 109.6704, 109.6704, 109.6704
AL, 14, 2016100606,   , BEST,  78, 238N,  757W, 110,  952,   ,  34, NEQ,  160,  140,   70,   90, 1013,     ,  10,     ,    ,    ,    ,    ,321,  10,  MATTHEW   ,  15,    3, 1, 1, 1, 1,     46.3,   39.4,   18.4,   24.2,    2.0163,   2.1896,   2.1637,   2.0847,   2.1065, 114.9884, 114.9884, 114.9884, 114.9884
AL, 14, 2016100606,   , BEST,  78, 238N,  757W, 110,  952,   ,  50, NEQ,   70,   60,   40,   60, 1013,     ,  10,     ,    ,    ,    ,    ,321,  10,  MATTHEW   ,  15,    3, 1, 1, 1, 1,     23.8,   20.4,   14.3,   21.7,    2.0163,   2.1050,   2.0923,   2.0695,   2.0974, 114.9884, 114.9884, 114.9884, 114.9884
AL, 14, 2016100606,   , BEST,  78, 238N,  757W, 110,  952,   ,  64, NEQ,   40,   30,   30,   40, 1013,     ,  10,     ,    ,    ,    ,    ,321,  10,  MATTHEW   ,  15,    3, 1, 1, 1, 1,     16.6,   12.5,   13.8,   18.2,    2.0163,   2.0781,   2.0628,   2.0677,   2.0842, 114.9884, 114.9884, 114.9884, 114.9884
AL, 14, 2016100612,   , BEST,  84, 247N,  765W, 120,  937,   ,  34, NEQ,  160,  140,   70,  100, 1013,     ,  10,     ,    ,    ,    ,    ,321,  12,  MATTHEW   ,  16,    3, 1, 1, 1, 1,     39.7,   34.0,   15.7,   23.6,    1.9285,   2.0634,   2.0438,   1.9817,   2.0084, 125.5245, 125.5245, 125.5245, 125.5245
AL, 14, 2016100612,   , BEST,  84, 247N,  765W, 120,  937,   ,  50, NEQ,   70,   60,   40,   60, 1013,     ,  10,     ,    ,    ,    ,    ,321,  12,  MATTHEW   ,  16,    3, 1, 1, 1, 1,     20.6,   17.6,   12.4,   18.8,    1.9285,   1.9981,   1.9881,   1.9702,   1.9922, 125.5245, 125.5245, 125.5245, 125.5245
AL, 14, 2016100612,   , BEST,  84, 247N,  765W, 120,  937,   ,  64, NEQ,   40,   40,   30,   40, 1013,     ,  10,     ,    ,    ,    ,    ,321,  12,  MATTHEW   ,  16,    3, 1, 1, 1, 1,     14.4,   14.7,   12.0,   15.8,    1.9285,   1.9771,   1.9782,   1.9689,   1.9819, 125.5245, 125.5245, 125.5245, 125.5245
