EWN Feature Mesh nodal attributes
12111
2
primitive_weighting_in_continuity_equation
unitless
1
2.9999999999999999E-02
mannings_n_at_sea_floor
unitless
1
2.5000000000000001E-02
primitive_weighting_in_continuity_equation
3414
1 0.005
2 0.005
3 0.005
4 0.005
5 0.005
6 0.02
7 0.005
8 0.005
9 0.005
10 0.005
11 0.005
12 0.005
13 0.005
14 0.005
15 0.005
16 0.005
17 0.005
18 0.005
19 0.005
20 0.005
21 0.005
22 0.005
23 0.005
24 0.005
25 0.005
26 0.005
27 0.005
28 0.005
29 0.005
30 0.005
31 0.005
32 0.02
33 0.005
34 0.005
35 0.005
36 0.005
37 0.005
38 0.005
39 0.005
40 0.005
41 0.005
42 0.02
43 0.005
44 0.005
45 0.005
46 0.005
47 0.005
48 0.005
49 0.005
50 0.005
51 0.005
52 0.005
53 0.005
54 0.005
55 0.02
56 0.005
57 0.02
58 0.02
59 0.005
60 0.005
61 0.005
62 0.005
63 0.005
64 0.005
65 0.005
66 0.005
67 0.005
68 0.005
69 0.005
70 0.005
71 0.005
72 0.005
73 0.02
74 0.02
75 0.02
76 0.005
77 0.005
78 0.005
79 0.005
80 0.005
81 0.005
82 0.005
83 0.005
84 0.005
85 0.005
86 0.005
87 0.005
88 0.005
89 0.005
90 0.005
91 0.02
92 0.005
93 0.02
94 0.005
95 0.02
96 0.005
97 0.005
98 0.005
99 0.02
100 0.005
101 0.005
102 0.005
103 0.005
104 0.005
105 0.005
106 0.005
107 0.005
108 0.005
109 0.005
110 0.005
111 0.005
112 0.005
113 0.005
114 0.005
115 0.005
116 0.005
117 0.005
118 0.02
119 0.005
120 0.005
121 0.02
122 0.005
123 0.02
124 0.005
125 0.005
126 0.005
127 0.005
128 0.005
129 0.005
130 0.02
131 0.005
132 0.005
133 0.005
134 0.005
135 0.005
136 0.005
137 0.005
138 0.005
139 0.005
140 0.005
141 0.005
142 0.005
143 0.005
144 0.005
145 0.005
146 0.005
147 0.005
148 0.005
149 0.005
150 0.005
151 0.005
152 0.005
153 0.005
154 0.02
155 0.005
156 0.005
157 0.005
158 0.005
159 0.005
160 0.005
161 0.005
162 0.005
163 0.02
164 0.02
165 0.02
166 0.005
167 0.005
168 0.005
169 0.005
170 0.005
171 0.005
172 0.005
173 0.005
174 0.005
175 0.005
176 0.005
177 0.005
178 0.005
179 0.005
180 0.005
181 0.005
182 0.005
183 0.005
184 0.005
185 0.005
186 0.005
187 0.005
188 0.005
189 0.005
190 0.005
191 0.005
192 0.005
193 0.005
194 0.005
195 0.005
196 0.005
197 0.005
198 0.005
199 0.005
200 0.005
201 0.005
202 0.005
203 0.005
204 0.005
205 0.005
206 0.005
207 0.005
208 0.005
209 0.005
210 0.005
211 0.005
212 0.005
213 0.005
214 0.005
215 0.005
216 0.005
217 0.005
218 0.02
219 0.02
220 0.02
221 0.02
222 0.005
223 0.02
224 0.005
225 0.02
226 0.005
227 0.005
228 0.005
229 0.005
230 0.005
231 0.005
232 0.005
233 0.005
234 0.005
235 0.005
236 0.005
237 0.005
238 0.005
239 0.005
240 0.005
241 0.005
242 0.005
243 0.005
244 0.005
245 0.005
246 0.005
247 0.005
248 0.005
249 0.005
250 0.005
251 0.005
252 0.005
253 0.005
254 0.005
255 0.005
256 0.005
257 0.005
258 0.005
259 0.005
260 0.005
261 0.005
262 0.005
263 0.005
264 0.005
265 0.005
266 0.005
267 0.005
268 0.005
269 0.005
270 0.005
271 0.005
272 0.005
273 0.005
274 0.02
275 0.005
276 0.005
277 0.005
278 0.02
279 0.005
280 0.005
281 0.005
282 0.005
283 0.005
284 0.005
285 0.005
286 0.005
287 0.005
288 0.005
289 0.005
290 0.005
291 0.005
292 0.005
293 0.005
294 0.005
295 0.005
296 0.005
297 0.005
298 0.005
299 0.005
300 0.005
301 0.005
302 0.005
303 0.005
304 0.005
305 0.005
306 0.005
307 0.005
308 0.005
309 0.005
310 0.005
311 0.005
312 0.005
313 0.005
314 0.005
315 0.005
316 0.005
317 0.005
318 0.005
319 0.005
320 0.005
321 0.005
322 0.005
323 0.005
324 0.02
325 0.005
326 0.005
327 0.005
328 0.005
329 0.02
330 0.005
331 0.005
332 0.005
333 0.005
334 0.005
335 0.005
336 0.005
337 0.005
338 0.005
339 0.005
340 0.005
341 0.005
342 0.005
343 0.005
344 0.005
345 0.005
346 0.005
347 0.005
348 0.005
349 0.005
350 0.005
351 0.005
352 0.005
353 0.005
354 0.005
355 0.005
356 0.005
357 0.005
358 0.005
359 0.005
360 0.005
361 0.005
362 0.005
363 0.005
364 0.005
365 0.005
366 0.005
367 0.005
368 0.005
369 0.005
370 0.005
371 0.005
372 0.02
373 0.005
374 0.005
375 0.005
376 0.02
377 0.02
378 0.005
379 0.005
380 0.005
381 0.005
382 0.005
383 0.005
384 0.005
385 0.005
386 0.005
387 0.005
388 0.005
389 0.005
390 0.005
391 0.005
392 0.005
393 0.005
394 0.005
395 0.005
396 0.005
397 0.005
398 0.005
399 0.005
400 0.005
401 0.005
402 0.005
403 0.005
404 0.005
405 0.005
406 0.005
407 0.005
408 0.005
409 0.005
410 0.005
411 0.005
412 0.005
413 0.005
414 0.005
415 0.005
416 0.005
417 0.005
418 0.005
419 0.005
420 0.005
421 0.005
422 0.005
423 0.005
424 0.005
425 0.005
426 0.005
427 0.005
428 0.005
429 0.005
430 0.005
431 0.005
432 0.005
433 0.005
434 0.005
435 0.005
436 0.005
437 0.005
438 0.005
439 0.005
440 0.005
441 0.005
442 0.005
443 0.005
444 0.005
445 0.005
446 0.005
447 0.005
448 0.005
449 0.005
450 0.005
451 0.005
452 0.005
453 0.005
454 0.005
455 0.005
456 0.005
457 0.005
458 0.005
459 0.005
460 0.005
461 0.005
462 0.005
463 0.005
464 0.005
465 0.005
466 0.005
467 0.005
468 0.005
469 0.005
470 0.005
471 0.005
472 0.005
473 0.005
474 0.005
475 0.005
476 0.005
477 0.005
478 0.005
479 0.005
480 0.005
481 0.005
482 0.005
483 0.005
484 0.005
485 0.005
486 0.005
487 0.005
488 0.005
489 0.005
490 0.005
491 0.005
492 0.005
493 0.005
494 0.005
495 0.005
496 0.005
497 0.005
498 0.005
499 0.005
500 0.005
501 0.005
502 0.005
503 0.005
504 0.005
505 0.005
506 0.005
507 0.005
508 0.005
509 0.005
510 0.005
511 0.005
512 0.005
513 0.005
514 0.005
515 0.005
516 0.005
517 0.005
518 0.005
519 0.005
520 0.005
521 0.005
522 0.005
523 0.005
524 0.005
525 0.005
526 0.005
527 0.005
528 0.005
529 0.005
530 0.005
531 0.005
532 0.005
533 0.005
534 0.005
535 0.005
536 0.005
537 0.005
538 0.005
539 0.005
540 0.005
541 0.005
542 0.005
543 0.005
544 0.005
545 0.005
546 0.005
547 0.005
548 0.005
549 0.005
550 0.005
551 0.005
552 0.005
553 0.005
554 0.005
555 0.005
556 0.005
557 0.005
558 0.005
559 0.005
560 0.005
561 0.005
562 0.005
563 0.005
564 0.005
565 0.005
566 0.005
567 0.005
568 0.005
569 0.005
570 0.005
571 0.005
572 0.005
573 0.005
574 0.005
575 0.005
576 0.005
577 0.005
578 0.005
579 0.005
580 0.005
581 0.005
582 0.005
583 0.005
584 0.005
585 0.005
586 0.005
587 0.005
588 0.005
589 0.005
590 0.005
591 0.005
592 0.005
593 0.005
594 0.005
595 0.005
596 0.005
597 0.005
598 0.005
599 0.005
600 0.005
601 0.005
602 0.005
603 0.005
604 0.005
605 0.005
606 0.005
607 0.005
608 0.005
609 0.005
610 0.005
611 0.005
612 0.005
613 0.005
614 0.005
615 0.005
616 0.005
617 0.005
618 0.005
619 0.005
620 0.005
621 0.005
622 0.005
623 0.005
624 0.005
625 0.005
626 0.005
627 0.005
628 0.005
629 0.005
630 0.005
631 0.005
632 0.005
633 0.005
634 0.005
635 0.005
636 0.005
637 0.005
638 0.005
639 0.005
640 0.005
641 0.005
642 0.005
643 0.005
644 0.005
645 0.005
646 0.005
647 0.005
648 0.005
649 0.005
650 0.005
651 0.005
652 0.005
653 0.005
654 0.005
655 0.005
656 0.005
657 0.005
658 0.005
659 0.005
660 0.005
661 0.005
662 0.005
663 0.005
664 0.005
665 0.005
666 0.005
667 0.005
668 0.005
669 0.005
670 0.005
671 0.005
672 0.005
673 0.005
674 0.02
675 0.005
676 0.005
677 0.005
678 0.005
679 0.005
680 0.005
681 0.005
682 0.005
683 0.005
684 0.005
685 0.005
686 0.005
687 0.005
688 0.005
689 0.005
690 0.005
691 0.005
692 0.005
693 0.005
694 0.005
695 0.005
696 0.005
697 0.005
698 0.005
699 0.005
700 0.005
701 0.005
702 0.005
703 0.005
704 0.005
705 0.005
706 0.005
707 0.005
708 0.005
709 0.005
710 0.005
711 0.005
712 0.005
713 0.005
714 0.005
715 0.005
716 0.005
717 0.005
718 0.005
719 0.005
720 0.005
721 0.005
722 0.005
723 0.005
724 0.02
725 0.005
726 0.005
727 0.005
728 0.005
729 0.005
730 0.005
731 0.005
732 0.02
733 0.005
734 0.005
735 0.005
736 0.005
737 0.005
738 0.005
739 0.005
740 0.005
741 0.005
742 0.005
743 0.005
744 0.005
745 0.005
746 0.005
747 0.005
748 0.005
749 0.005
750 0.005
751 0.005
752 0.005
753 0.005
754 0.005
755 0.005
756 0.005
757 0.005
758 0.005
759 0.005
760 0.005
761 0.005
762 0.005
763 0.005
764 0.005
765 0.005
766 0.005
767 0.005
768 0.005
769 0.005
770 0.02
771 0.005
772 0.005
773 0.005
774 0.005
775 0.005
776 0.005
777 0.005
778 0.005
779 0.005
780 0.005
781 0.005
782 0.005
783 0.005
784 0.005
785 0.005
786 0.005
787 0.005
788 0.005
789 0.005
790 0.005
791 0.005
792 0.005
793 0.005
794 0.005
795 0.005
796 0.005
797 0.005
798 0.005
799 0.005
801 0.005
802 0.005
803 0.005
804 0.005
805 0.005
806 0.005
807 0.005
808 0.005
809 0.005
810 0.005
811 0.005
812 0.005
813 0.005
814 0.005
815 0.005
816 0.005
817 0.005
818 0.005
819 0.005
820 0.005
821 0.02
822 0.005
823 0.005
824 0.005
825 0.005
826 0.005
827 0.005
828 0.005
829 0.005
830 0.005
831 0.005
832 0.005
833 0.005
834 0.005
835 0.005
836 0.005
837 0.005
838 0.005
839 0.005
842 0.005
843 0.005
844 0.005
845 0.005
846 0.005
847 0.005
848 0.005
849 0.005
850 0.005
851 0.005
852 0.005
853 0.005
854 0.005
855 0.005
856 0.005
857 0.005
858 0.005
859 0.005
860 0.005
861 0.005
862 0.02
863 0.005
864 0.005
865 0.005
866 0.005
867 0.005
868 0.005
869 0.005
870 0.005
871 0.005
872 0.005
873 0.005
874 0.005
875 0.005
876 0.005
877 0.005
878 0.005
879 0.005
882 0.005
883 0.005
884 0.005
885 0.005
886 0.005
887 0.005
888 0.005
889 0.005
890 0.005
891 0.005
892 0.005
893 0.005
894 0.005
895 0.005
896 0.005
897 0.005
898 0.005
899 0.005
900 0.005
901 0.005
902 0.005
903 0.005
904 0.005
905 0.005
906 0.005
907 0.005
908 0.005
909 0.005
910 0.005
911 0.005
912 0.005
913 0.005
914 0.005
915 0.005
922 0.005
923 0.005
924 0.005
925 0.005
926 0.005
927 0.005
928 0.005
929 0.005
930 0.005
931 0.005
932 0.005
933 0.005
934 0.005
935 0.005
936 0.005
937 0.005
938 0.005
939 0.02
940 0.005
941 0.005
942 0.005
943 0.005
944 0.005
945 0.005
946 0.005
947 0.005
948 0.005
949 0.005
950 0.005
951 0.005
952 0.005
953 0.005
954 0.005
968 0.005
969 0.005
970 0.005
971 0.005
972 0.005
973 0.005
974 0.005
975 0.005
976 0.005
977 0.005
978 0.005
979 0.005
980 0.005
981 0.005
982 0.005
983 0.02
984 0.005
985 0.005
986 0.005
987 0.005
988 0.005
989 0.005
990 0.005
991 0.005
992 0.005
993 0.005
994 0.005
995 0.005
996 0.005
997 0.005
1013 0.005
1014 0.005
1015 0.005
1016 0.005
1017 0.005
1018 0.005
1019 0.005
1020 0.005
1021 0.005
1022 0.005
1023 0.005
1024 0.005
1025 0.005
1026 0.02
1027 0.005
1028 0.005
1029 0.005
1030 0.005
1031 0.005
1032 0.005
1033 0.005
1034 0.005
1035 0.005
1036 0.005
1037 0.005
1038 0.005
1039 0.005
1040 0.005
1041 0.005
1059 0.005
1060 0.005
1061 0.005
1062 0.005
1063 0.005
1064 0.005
1065 0.005
1066 0.005
1067 0.005
1068 0.005
1069 0.005
1070 0.005
1071 0.005
1072 0.02
1073 0.02
1074 0.02
1075 0.005
1076 0.005
1077 0.005
1078 0.005
1079 0.005
1080 0.005
1081 0.005
1082 0.005
1083 0.005
1084 0.005
1085 0.005
1086 0.005
1087 0.005
1088 0.005
1108 0.005
1109 0.005
1110 0.005
1111 0.005
1112 0.005
1113 0.005
1114 0.005
1115 0.005
1116 0.005
1117 0.005
1118 0.005
1119 0.005
1120 0.005
1121 0.005
1122 0.005
1123 0.005
1124 0.005
1125 0.005
1126 0.005
1127 0.005
1128 0.005
1129 0.005
1130 0.005
1131 0.005
1132 0.005
1133 0.005
1134 0.005
1161 0.005
1162 0.005
1163 0.005
1164 0.005
1165 0.005
1166 0.005
1167 0.005
1168 0.005
1169 0.02
1170 0.005
1171 0.02
1172 0.005
1173 0.005
1174 0.005
1175 0.005
1176 0.005
1177 0.005
1178 0.005
1179 0.005
1180 0.005
1181 0.005
1182 0.005
1183 0.005
1184 0.005
1185 0.005
1186 0.005
1187 0.005
1188 0.005
1229 0.005
1230 0.005
1231 0.005
1232 0.005
1233 0.005
1234 0.005
1235 0.005
1236 0.005
1237 0.02
1238 0.02
1239 0.005
1240 0.005
1241 0.02
1242 0.005
1243 0.005
1244 0.005
1245 0.005
1246 0.005
1247 0.005
1248 0.005
1249 0.005
1250 0.005
1251 0.005
1252 0.005
1253 0.005
1254 0.005
1255 0.005
1256 0.005
1257 0.005
1258 0.005
1259 0.005
1261 0.005
1262 0.005
1263 0.005
1264 0.005
1304 0.005
1305 0.005
1306 0.005
1307 0.005
1308 0.005
1309 0.005
1310 0.005
1311 0.005
1312 0.005
1313 0.005
1314 0.005
1315 0.02
1316 0.005
1317 0.005
1318 0.005
1319 0.005
1320 0.005
1321 0.005
1322 0.005
1323 0.005
1324 0.005
1325 0.005
1326 0.005
1327 0.005
1328 0.005
1329 0.005
1330 0.005
1331 0.005
1332 0.005
1333 0.005
1334 0.005
1335 0.005
1336 0.005
1337 0.005
1338 0.005
1382 0.005
1383 0.005
1384 0.005
1385 0.005
1386 0.005
1387 0.005
1388 0.005
1389 0.02
1390 0.005
1391 0.005
1392 0.005
1393 0.005
1394 0.02
1395 0.005
1396 0.005
1397 0.005
1398 0.005
1399 0.005
1400 0.005
1401 0.005
1402 0.005
1403 0.005
1404 0.005
1405 0.005
1406 0.005
1407 0.005
1408 0.005
1409 0.005
1410 0.005
1411 0.005
1412 0.005
1413 0.005
1414 0.005
1415 0.005
1416 0.005
1417 0.005
1418 0.005
1419 0.005
1462 0.005
1463 0.005
1464 0.005
1465 0.005
1466 0.005
1467 0.005
1468 0.005
1469 0.005
1470 0.005
1471 0.005
1472 0.005
1473 0.005
1474 0.005
1475 0.005
1476 0.005
1477 0.005
1478 0.005
1479 0.005
1480 0.005
1481 0.005
1482 0.005
1483 0.005
1484 0.005
1485 0.005
1486 0.005
1487 0.005
1488 0.005
1489 0.005
1490 0.005
1491 0.005
1492 0.005
1493 0.005
1494 0.005
1495 0.005
1496 0.005
1497 0.005
1498 0.005
1499 0.005
1500 0.005
1503 0.005
1550 0.005
1552 0.005
1553 0.005
1554 0.005
1555 0.005
1556 0.005
1557 0.005
1558 0.005
1559 0.005
1560 0.005
1561 0.005
1562 0.005
1563 0.005
1564 0.005
1565 0.005
1566 0.005
1567 0.005
1568 0.005
1569 0.005
1570 0.005
1571 0.005
1572 0.005
1573 0.005
1574 0.005
1575 0.005
1576 0.005
1577 0.005
1578 0.005
1579 0.005
1580 0.005
1581 0.005
1582 0.005
1583 0.005
1584 0.005
1585 0.005
1586 0.005
1587 0.005
1588 0.005
1589 0.005
1643 0.005
1644 0.005
1645 0.005
1646 0.005
1647 0.005
1648 0.005
1649 0.005
1650 0.005
1651 0.005
1652 0.005
1653 0.005
1654 0.005
1655 0.005
1656 0.005
1657 0.005
1658 0.005
1659 0.005
1660 0.005
1661 0.005
1662 0.005
1663 0.005
1664 0.005
1665 0.005
1666 0.005
1667 0.005
1668 0.005
1669 0.005
1670 0.005
1671 0.005
1672 0.005
1673 0.005
1674 0.005
1675 0.005
1676 0.005
1677 0.005
1678 0.005
1679 0.005
1680 0.005
1681 0.005
1708 0.005
1709 0.005
1722 0.005
1723 0.005
1724 0.005
1725 0.005
1726 0.005
1727 0.005
1728 0.005
1729 0.005
1730 0.005
1731 0.005
1732 0.005
1733 0.005
1734 0.005
1735 0.005
1736 0.005
1737 0.005
1738 0.005
1739 0.005
1740 0.005
1741 0.005
1742 0.005
1743 0.005
1744 0.005
1745 0.005
1746 0.005
1747 0.005
1748 0.005
1749 0.005
1750 0.005
1751 0.005
1752 0.005
1753 0.005
1754 0.005
1755 0.005
1756 0.005
1757 0.005
1758 0.005
1759 0.005
1760 0.005
1761 0.005
1762 0.005
1786 0.005
1787 0.005
1797 0.005
1798 0.005
1799 0.005
1800 0.005
1801 0.005
1802 0.005
1803 0.005
1808 0.005
1809 0.005
1810 0.005
1811 0.005
1812 0.005
1813 0.005
1814 0.005
1815 0.005
1816 0.005
1817 0.005
1818 0.005
1819 0.005
1820 0.005
1821 0.005
1822 0.005
1823 0.005
1824 0.005
1825 0.005
1826 0.005
1827 0.005
1828 0.005
1829 0.005
1830 0.005
1831 0.005
1832 0.005
1833 0.005
1834 0.005
1835 0.005
1836 0.005
1837 0.005
1838 0.005
1839 0.005
1840 0.005
1841 0.005
1867 0.005
1868 0.005
1874 0.005
1875 0.005
1876 0.005
1877 0.005
1878 0.005
1879 0.005
1880 0.005
1881 0.005
1882 0.005
1883 0.005
1893 0.005
1894 0.005
1895 0.005
1896 0.005
1897 0.005
1898 0.005
1899 0.005
1900 0.005
1901 0.005
1902 0.005
1903 0.005
1904 0.005
1905 0.005
1906 0.005
1907 0.005
1908 0.005
1909 0.005
1910 0.005
1911 0.005
1912 0.005
1913 0.005
1914 0.005
1915 0.005
1916 0.005
1917 0.005
1918 0.005
1919 0.005
1920 0.005
1921 0.005
1922 0.005
1923 0.005
1924 0.005
1925 0.005
1926 0.005
1927 0.005
1928 0.005
1929 0.005
1955 0.005
1956 0.005
1957 0.005
1958 0.005
1959 0.005
1960 0.005
1961 0.005
1962 0.005
1963 0.005
1964 0.005
1966 0.005
1967 0.005
1968 0.005
1969 0.005
1970 0.005
1971 0.005
1972 0.005
1973 0.005
1974 0.005
1986 0.005
1987 0.005
1988 0.005
1989 0.005
1990 0.005
1991 0.005
1992 0.005
1993 0.02
1994 0.02
1995 0.005
1996 0.005
1997 0.005
1998 0.005
1999 0.005
2000 0.005
2001 0.005
2002 0.005
2003 0.005
2004 0.005
2005 0.005
2006 0.005
2007 0.005
2008 0.005
2009 0.005
2010 0.005
2011 0.005
2012 0.005
2013 0.005
2014 0.005
2015 0.005
2016 0.005
2017 0.005
2018 0.005
2019 0.005
2020 0.005
2021 0.005
2022 0.005
2023 0.005
2024 0.005
2025 0.005
2050 0.005
2051 0.005
2052 0.005
2053 0.005
2054 0.005
2055 0.005
2056 0.005
2064 0.005
2065 0.005
2066 0.005
2067 0.005
2068 0.005
2069 0.005
2070 0.005
2071 0.005
2072 0.005
2091 0.005
2092 0.005
2093 0.005
2094 0.005
2095 0.005
2096 0.005
2097 0.005
2098 0.005
2099 0.005
2100 0.005
2101 0.005
2102 0.005
2103 0.005
2104 0.005
2105 0.005
2106 0.005
2107 0.005
2108 0.005
2109 0.005
2110 0.005
2111 0.005
2112 0.005
2113 0.005
2114 0.005
2115 0.005
2116 0.005
2117 0.005
2118 0.005
2119 0.005
2120 0.005
2121 0.005
2122 0.005
2123 0.005
2124 0.005
2125 0.005
2126 0.005
2127 0.005
2128 0.005
2129 0.005
2152 0.005
2153 0.005
2154 0.005
2155 0.005
2156 0.005
2157 0.005
2158 0.005
2173 0.005
2176 0.005
2177 0.005
2178 0.005
2179 0.005
2180 0.005
2181 0.005
2182 0.005
2183 0.005
2184 0.005
2185 0.005
2213 0.005
2218 0.005
2219 0.005
2220 0.005
2221 0.005
2222 0.005
2223 0.005
2224 0.005
2225 0.005
2226 0.005
2227 0.005
2228 0.005
2229 0.005
2230 0.005
2231 0.005
2232 0.005
2233 0.005
2234 0.005
2235 0.005
2236 0.005
2237 0.005
2238 0.005
2239 0.005
2240 0.005
2241 0.005
2242 0.005
2243 0.005
2244 0.005
2245 0.005
2246 0.005
2247 0.005
2248 0.005
2249 0.005
2250 0.005
2251 0.005
2252 0.005
2253 0.005
2254 0.005
2255 0.005
2280 0.005
2282 0.005
2283 0.005
2284 0.005
2285 0.005
2286 0.005
2312 0.005
2314 0.005
2315 0.005
2316 0.005
2317 0.005
2318 0.005
2321 0.005
2322 0.005
2323 0.005
2324 0.005
2325 0.005
2326 0.005
2327 0.005
2328 0.005
2364 0.005
2366 0.005
2367 0.005
2369 0.005
2370 0.005
2371 0.005
2372 0.005
2373 0.005
2374 0.005
2375 0.005
2376 0.005
2377 0.005
2378 0.005
2379 0.005
2380 0.005
2381 0.005
2382 0.005
2383 0.005
2384 0.005
2385 0.005
2386 0.005
2387 0.005
2388 0.005
2389 0.005
2390 0.005
2391 0.005
2392 0.005
2393 0.005
2394 0.005
2395 0.005
2396 0.005
2397 0.005
2398 0.005
2399 0.005
2400 0.005
2401 0.005
2402 0.005
2403 0.005
2404 0.005
2405 0.005
2406 0.005
2407 0.005
2408 0.005
2418 0.02
2426 0.02
2428 0.005
2429 0.005
2430 0.005
2432 0.005
2433 0.005
2434 0.005
2435 0.005
2436 0.005
2437 0.005
2438 0.005
2439 0.005
2446 0.02
2448 0.005
2449 0.005
2453 0.005
2454 0.005
2462 0.005
2463 0.005
2464 0.005
2465 0.005
2466 0.005
2469 0.005
2470 0.005
2471 0.005
2472 0.005
2473 0.005
2474 0.005
2475 0.005
2507 0.02
2510 0.005
2514 0.005
2515 0.005
2516 0.005
2517 0.005
2528 0.005
2529 0.005
2530 0.005
2531 0.005
2532 0.005
2533 0.005
2534 0.005
2535 0.005
2536 0.005
2537 0.005
2538 0.005
2539 0.005
2540 0.005
2541 0.005
2542 0.005
2543 0.005
2544 0.005
2545 0.005
2546 0.005
2547 0.005
2548 0.005
2549 0.005
2550 0.005
2551 0.005
2552 0.005
2553 0.005
2554 0.005
2555 0.005
2556 0.005
2557 0.005
2558 0.005
2559 0.005
2560 0.005
2561 0.005
2562 0.005
2577 0.005
2581 0.005
2582 0.005
2583 0.005
2584 0.005
2585 0.005
2586 0.005
2587 0.005
2588 0.005
2589 0.005
2590 0.005
2591 0.005
2592 0.005
2593 0.005
2594 0.005
2595 0.005
2596 0.005
2597 0.005
2598 0.005
2599 0.005
2600 0.005
2601 0.005
2602 0.005
2606 0.005
2607 0.005
2609 0.005
2610 0.005
2611 0.005
2612 0.005
2613 0.005
2619 0.005
2620 0.005
2621 0.005
2622 0.005
2623 0.005
2624 0.005
2625 0.005
2626 0.005
2669 0.005
2670 0.005
2672 0.005
2673 0.005
2674 0.005
2675 0.005
2676 0.005
2677 0.005
2678 0.005
2679 0.005
2680 0.005
2681 0.005
2682 0.005
2698 0.005
2700 0.005
2701 0.005
2702 0.005
2703 0.005
2704 0.005
2705 0.005
2706 0.005
2707 0.005
2708 0.005
2709 0.005
2710 0.005
2711 0.005
2712 0.005
2713 0.005
2714 0.005
2715 0.005
2716 0.005
2717 0.005
2718 0.005
2719 0.005
2720 0.005
2721 0.005
2722 0.005
2723 0.005
2724 0.005
2725 0.005
2726 0.005
2727 0.005
2728 0.005
2729 0.005
2730 0.005
2731 0.005
2732 0.005
2733 0.005
2734 0.005
2735 0.005
2737 0.005
2741 0.005
2742 0.005
2743 0.005
2744 0.005
2745 0.005
2746 0.005
2747 0.005
2748 0.005
2749 0.005
2750 0.005
2751 0.005
2752 0.005
2753 0.005
2754 0.005
2755 0.005
2756 0.005
2757 0.005
2758 0.005
2759 0.005
2760 0.005
2761 0.005
2762 0.005
2763 0.005
2766 0.005
2767 0.005
2768 0.005
2769 0.005
2770 0.005
2771 0.005
2772 0.005
2773 0.005
2774 0.005
2775 0.005
2779 0.005
2781 0.005
2782 0.005
2783 0.005
2784 0.005
2785 0.005
2786 0.005
2787 0.005
2830 0.005
2831 0.005
2832 0.005
2838 0.005
2839 0.005
2840 0.005
2841 0.005
2842 0.005
2843 0.005
2844 0.005
2845 0.005
2846 0.005
2847 0.005
2848 0.005
2849 0.005
2850 0.005
2858 0.005
2859 0.005
2860 0.005
2861 0.005
2862 0.005
2863 0.005
2864 0.005
2865 0.005
2866 0.005
2867 0.005
2868 0.005
2869 0.005
2870 0.005
2871 0.005
2872 0.005
2873 0.005
2874 0.005
2875 0.005
2876 0.005
2877 0.005
2878 0.005
2879 0.005
2880 0.005
2881 0.005
2882 0.005
2883 0.005
2884 0.005
2885 0.005
2886 0.005
2887 0.005
2888 0.005
2889 0.005
2890 0.005
2891 0.005
2892 0.005
2893 0.005
2894 0.005
2895 0.005
2896 0.005
2897 0.005
2898 0.005
2899 0.005
2900 0.005
2901 0.005
2902 0.005
2903 0.005
2904 0.005
2905 0.005
2906 0.005
2907 0.005
2908 0.005
2909 0.005
2910 0.005
2911 0.005
2912 0.005
2913 0.005
2914 0.005
2915 0.005
2916 0.005
2917 0.005
2918 0.005
2919 0.005
2920 0.005
2921 0.005
2922 0.005
2923 0.005
2924 0.005
2925 0.005
2926 0.005
2927 0.005
2928 0.005
2929 0.005
2930 0.005
2931 0.005
2932 0.005
2933 0.005
2934 0.005
2935 0.005
2936 0.005
2937 0.005
2938 0.005
2939 0.005
2940 0.005
2941 0.005
2982 0.005
2983 0.005
2985 0.005
2988 0.005
2989 0.005
2990 0.005
2991 0.005
2992 0.005
2993 0.005
2994 0.005
2995 0.005
2996 0.005
2997 0.005
3000 0.005
3002 0.005
3003 0.005
3004 0.005
3005 0.005
3006 0.005
3007 0.005
3008 0.005
3009 0.005
3010 0.005
3011 0.005
3012 0.005
3013 0.005
3014 0.005
3015 0.005
3016 0.005
3017 0.005
3018 0.005
3019 0.005
3020 0.005
3021 0.005
3022 0.005
3023 0.005
3024 0.005
3025 0.005
3026 0.005
3027 0.005
3028 0.005
3029 0.005
3030 0.005
3031 0.005
3032 0.005
3033 0.005
3034 0.005
3035 0.005
3036 0.005
3037 0.005
3038 0.005
3039 0.005
3040 0.005
3041 0.005
3042 0.005
3043 0.005
3044 0.005
3045 0.005
3046 0.005
3047 0.005
3048 0.005
3049 0.005
3050 0.005
3051 0.005
3052 0.005
3053 0.005
3054 0.005
3055 0.005
3056 0.005
3057 0.005
3058 0.005
3059 0.005
3060 0.005
3061 0.005
3062 0.005
3063 0.005
3064 0.005
3065 0.005
3066 0.005
3068 0.005
3069 0.005
3070 0.005
3071 0.005
3072 0.005
3073 0.005
3074 0.005
3075 0.005
3076 0.005
3087 0.005
3091 0.005
3092 0.005
3095 0.005
3096 0.005
3109 0.02
3110 0.02
3117 0.02
3126 0.005
3127 0.005
3129 0.005
3130 0.005
3131 0.005
3132 0.005
3133 0.005
3134 0.005
3135 0.005
3136 0.005
3137 0.005
3138 0.005
3140 0.005
3141 0.005
3142 0.005
3143 0.005
3144 0.005
3145 0.005
3146 0.005
3147 0.005
3148 0.005
3149 0.005
3150 0.005
3151 0.005
3152 0.005
3153 0.005
3154 0.005
3155 0.005
3156 0.005
3157 0.005
3158 0.005
3159 0.005
3160 0.005
3161 0.005
3162 0.005
3163 0.005
3164 0.005
3165 0.005
3166 0.005
3167 0.005
3168 0.005
3169 0.005
3170 0.005
3171 0.005
3172 0.005
3173 0.005
3174 0.005
3175 0.005
3176 0.005
3177 0.005
3178 0.005
3179 0.005
3180 0.005
3181 0.005
3182 0.005
3183 0.005
3184 0.005
3185 0.005
3186 0.005
3187 0.005
3188 0.005
3189 0.005
3190 0.005
3191 0.005
3192 0.005
3193 0.005
3194 0.005
3195 0.005
3196 0.005
3198 0.005
3199 0.005
3200 0.005
3201 0.005
3202 0.005
3203 0.005
3204 0.005
3205 0.005
3206 0.005
3221 0.005
3223 0.005
3224 0.005
3225 0.005
3226 0.005
3227 0.005
3230 0.005
3242 0.005
3249 0.005
3250 0.005
3251 0.005
3252 0.005
3253 0.005
3254 0.005
3256 0.005
3259 0.005
3260 0.005
3261 0.005
3262 0.005
3263 0.005
3264 0.005
3265 0.005
3266 0.005
3267 0.005
3268 0.005
3269 0.005
3270 0.005
3271 0.005
3272 0.005
3273 0.005
3274 0.005
3275 0.005
3276 0.005
3277 0.005
3278 0.005
3279 0.005
3280 0.005
3281 0.005
3282 0.005
3283 0.005
3284 0.005
3285 0.005
3286 0.005
3287 0.005
3288 0.005
3289 0.005
3290 0.005
3291 0.005
3292 0.005
3293 0.005
3294 0.005
3295 0.005
3296 0.005
3297 0.005
3298 0.005
3299 0.005
3300 0.005
3301 0.005
3302 0.005
3303 0.005
3304 0.005
3305 0.005
3306 0.005
3307 0.005
3308 0.005
3309 0.005
3310 0.005
3311 0.005
3312 0.005
3313 0.005
3314 0.005
3315 0.005
3316 0.005
3318 0.005
3319 0.005
3320 0.005
3321 0.005
3322 0.005
3323 0.005
3327 0.005
3328 0.005
3329 0.005
3330 0.005
3331 0.005
3344 0.005
3345 0.005
3346 0.005
3347 0.005
3348 0.005
3349 0.005
3350 0.005
3351 0.005
3352 0.005
3353 0.005
3354 0.005
3355 0.005
3357 0.005
3364 0.005
3365 0.005
3368 0.005
3369 0.005
3370 0.005
3371 0.005
3372 0.005
3373 0.005
3374 0.005
3375 0.005
3376 0.005
3377 0.005
3379 0.005
3380 0.005
3381 0.005
3382 0.005
3383 0.005
3384 0.005
3385 0.005
3386 0.005
3387 0.005
3388 0.005
3389 0.005
3390 0.005
3391 0.005
3392 0.005
3393 0.005
3394 0.005
3395 0.005
3396 0.005
3397 0.005
3398 0.005
3399 0.005
3400 0.005
3401 0.005
3402 0.005
3403 0.005
3404 0.005
3405 0.005
3406 0.005
3407 0.005
3408 0.005
3409 0.005
3410 0.005
3411 0.005
3412 0.005
3413 0.005
3414 0.005
3415 0.005
3416 0.005
3417 0.005
3418 0.005
3419 0.005
3420 0.005
3421 0.005
3422 0.005
3423 0.005
3424 0.005
3425 0.005
3426 0.005
3427 0.005
3428 0.005
3429 0.005
3430 0.005
3431 0.005
3432 0.005
3433 0.005
3434 0.005
3435 0.005
3436 0.005
3437 0.005
3438 0.005
3442 0.005
3443 0.005
3444 0.005
3445 0.005
3458 0.005
3459 0.005
3460 0.005
3461 0.005
3462 0.005
3463 0.005
3464 0.005
3465 0.005
3466 0.005
3467 0.005
3468 0.005
3478 0.005
3479 0.005
3480 0.005
3481 0.005
3482 0.005
3483 0.005
3484 0.005
3485 0.005
3486 0.005
3487 0.005
3488 0.005
3490 0.005
3491 0.005
3492 0.005
3493 0.005
3494 0.005
3495 0.005
3496 0.005
3497 0.005
3498 0.005
3499 0.005
3500 0.005
3502 0.005
3503 0.005
3504 0.005
3505 0.005
3506 0.005
3507 0.005
3508 0.005
3509 0.005
3510 0.005
3511 0.005
3512 0.005
3513 0.005
3514 0.005
3515 0.005
3516 0.005
3517 0.005
3518 0.005
3519 0.005
3520 0.005
3521 0.005
3522 0.005
3523 0.005
3524 0.005
3525 0.005
3526 0.005
3527 0.005
3528 0.005
3529 0.005
3530 0.005
3531 0.005
3532 0.005
3533 0.005
3534 0.005
3535 0.005
3536 0.005
3537 0.005
3538 0.005
3539 0.005
3540 0.005
3542 0.005
3543 0.005
3544 0.005
3545 0.005
3546 0.005
3554 0.005
3556 0.005
3557 0.005
3558 0.005
3559 0.005
3560 0.005
3561 0.005
3562 0.005
3563 0.005
3564 0.005
3565 0.005
3566 0.005
3567 0.005
3568 0.005
3569 0.005
3570 0.005
3571 0.005
3572 0.005
3573 0.005
3574 0.005
3575 0.005
3576 0.005
3577 0.005
3578 0.005
3579 0.005
3580 0.005
3581 0.005
3582 0.005
3583 0.005
3584 0.005
3585 0.005
3586 0.005
3587 0.005
3588 0.005
3589 0.005
3590 0.005
3591 0.005
3592 0.005
3593 0.005
3594 0.005
3595 0.005
3596 0.005
3597 0.005
3598 0.005
3599 0.005
3600 0.005
3601 0.005
3602 0.005
3603 0.005
3604 0.005
3605 0.005
3606 0.005
3607 0.005
3608 0.005
3609 0.005
3610 0.005
3611 0.005
3612 0.005
3613 0.005
3614 0.005
3615 0.005
3616 0.005
3617 0.005
3618 0.005
3619 0.005
3620 0.005
3621 0.005
3622 0.005
3623 0.005
3624 0.005
3625 0.005
3626 0.005
3627 0.005
3628 0.005
3629 0.005
3630 0.005
3631 0.005
3642 0.005
3643 0.005
3644 0.005
3645 0.005
3646 0.005
3647 0.005
3648 0.005
3649 0.005
3650 0.005
3651 0.005
3652 0.005
3653 0.005
3654 0.005
3655 0.005
3656 0.005
3657 0.005
3658 0.005
3659 0.005
3660 0.005
3661 0.005
3662 0.005
3663 0.005
3664 0.005
3665 0.005
3666 0.005
3669 0.005
3670 0.005
3671 0.005
3672 0.005
3673 0.005
3674 0.005
3675 0.005
3676 0.005
3677 0.005
3678 0.005
3679 0.005
3680 0.005
3681 0.005
3682 0.005
3683 0.005
3684 0.005
3685 0.005
3686 0.005
3687 0.005
3688 0.005
3689 0.005
3690 0.005
3691 0.005
3692 0.005
3693 0.005
3694 0.005
3695 0.005
3696 0.005
3697 0.005
3698 0.005
3699 0.005
3700 0.005
3701 0.005
3702 0.005
3703 0.005
3704 0.005
3707 0.005
3708 0.005
3709 0.005
3711 0.005
3712 0.005
3713 0.005
3715 0.005
3738 0.005
3739 0.005
3740 0.005
3741 0.005
3742 0.005
3743 0.005
3744 0.005
3745 0.005
3746 0.005
3747 0.005
3748 0.005
3749 0.005
3750 0.005
3751 0.005
3752 0.005
3753 0.005
3754 0.005
3755 0.005
3756 0.005
3761 0.005
3762 0.005
3763 0.005
3768 0.005
3769 0.005
3770 0.005
3771 0.005
3772 0.005
3773 0.005
3774 0.005
3775 0.005
3776 0.005
3777 0.005
3778 0.005
3779 0.005
3780 0.005
3781 0.005
3782 0.005
3783 0.005
3784 0.005
3785 0.005
3786 0.005
3787 0.005
3788 0.005
3789 0.005
3790 0.005
3791 0.005
3792 0.005
3793 0.005
3794 0.005
3795 0.005
3796 0.005
3799 0.005
3800 0.005
3801 0.005
3802 0.005
3803 0.005
3804 0.005
3805 0.005
3806 0.005
3827 0.005
3828 0.005
3829 0.005
3830 0.005
3831 0.005
3832 0.005
3833 0.005
3834 0.005
3835 0.005
3836 0.005
3837 0.005
3838 0.005
3839 0.005
3840 0.005
3841 0.005
3842 0.005
3847 0.005
3848 0.005
3849 0.005
3851 0.005
3852 0.005
3855 0.005
3856 0.005
3857 0.005
3858 0.005
3859 0.005
3860 0.005
3861 0.005
3862 0.005
3863 0.005
3864 0.005
3865 0.005
3866 0.005
3867 0.005
3868 0.005
3869 0.005
3870 0.005
3871 0.005
3872 0.005
3873 0.005
3874 0.005
3875 0.005
3876 0.005
3877 0.005
3878 0.005
3879 0.005
3880 0.005
3881 0.005
3882 0.005
3885 0.005
3886 0.005
3887 0.005
3888 0.005
3889 0.005
3890 0.005
3891 0.005
3908 0.005
3909 0.005
3910 0.005
3911 0.005
3912 0.005
3913 0.005
3914 0.005
3915 0.005
3916 0.005
3917 0.005
3918 0.005
3919 0.005
3920 0.005
3926 0.005
3927 0.005
3928 0.005
3931 0.005
3932 0.005
3933 0.005
3934 0.005
3935 0.005
3936 0.005
3937 0.005
3938 0.005
3939 0.005
3940 0.005
3941 0.005
3942 0.005
3943 0.005
3944 0.005
3945 0.005
3946 0.005
3947 0.005
3948 0.005
3949 0.005
3950 0.005
3951 0.005
3952 0.005
3953 0.005
3954 0.005
3955 0.005
3956 0.005
3957 0.005
3959 0.005
3960 0.005
3961 0.005
3962 0.005
3963 0.005
3964 0.02
3967 0.02
3980 0.005
3981 0.005
3982 0.005
3983 0.005
3984 0.005
3985 0.005
3986 0.005
3987 0.005
3988 0.005
3989 0.005
4001 0.005
4002 0.005
4003 0.005
4004 0.005
4005 0.005
4006 0.005
4007 0.005
4008 0.005
4011 0.005
4012 0.005
4013 0.005
4014 0.005
4015 0.005
4016 0.005
4017 0.005
4018 0.005
4019 0.005
4020 0.005
4021 0.005
4022 0.005
4023 0.005
4024 0.005
4025 0.005
4026 0.005
4027 0.005
4028 0.005
4029 0.005
4030 0.005
4032 0.005
4033 0.005
4034 0.005
4035 0.005
4036 0.005
4037 0.005
4040 0.005
4051 0.005
4052 0.005
4053 0.005
4054 0.005
4055 0.005
4056 0.005
4057 0.005
4067 0.005
4068 0.005
4069 0.005
4070 0.005
4071 0.005
4072 0.005
4078 0.005
4079 0.005
4080 0.005
4081 0.005
4082 0.005
4083 0.005
4084 0.005
4085 0.005
4086 0.005
4087 0.005
4088 0.005
4089 0.005
4090 0.005
4091 0.005
4092 0.005
4093 0.005
4094 0.005
4095 0.005
4096 0.005
4097 0.005
4098 0.005
4101 0.005
4102 0.005
4103 0.005
4104 0.005
4105 0.005
4106 0.005
4110 0.005
4114 0.02
4116 0.005
4117 0.005
4118 0.005
4119 0.005
4120 0.005
4121 0.005
4122 0.005
4123 0.005
4124 0.005
4125 0.005
4126 0.02
4135 0.005
4137 0.005
4138 0.005
4139 0.005
4140 0.005
4148 0.005
4149 0.005
4150 0.005
4151 0.005
4152 0.005
4153 0.005
4154 0.005
4155 0.005
4156 0.005
4157 0.005
4158 0.005
4159 0.005
4160 0.005
4161 0.005
4162 0.005
4163 0.005
4164 0.005
4166 0.005
4167 0.005
4168 0.005
4169 0.005
4170 0.005
4171 0.005
4172 0.005
4175 0.005
4179 0.005
4180 0.005
4181 0.005
4182 0.005
4183 0.005
4184 0.005
4185 0.005
4186 0.005
4187 0.005
4189 0.005
4196 0.005
4198 0.005
4202 0.005
4203 0.005
4204 0.005
4216 0.005
4217 0.005
4218 0.005
4219 0.005
4220 0.005
4221 0.005
4222 0.005
4223 0.005
4224 0.005
4225 0.005
4226 0.005
4227 0.005
4228 0.005
4229 0.005
4230 0.005
4231 0.005
4233 0.005
4234 0.005
4235 0.005
4237 0.005
4238 0.005
4239 0.005
4240 0.005
4241 0.005
4242 0.005
4243 0.005
4244 0.005
4246 0.02
4247 0.005
4248 0.005
4249 0.005
4250 0.005
4251 0.005
4252 0.005
4253 0.005
4254 0.005
4255 0.005
4258 0.005
4259 0.005
4260 0.005
4261 0.005
4262 0.005
4263 0.005
4264 0.005
4265 0.005
4266 0.005
4274 0.005
4277 0.005
4280 0.005
4281 0.005
4282 0.005
4283 0.005
4284 0.005
4285 0.005
4286 0.005
4287 0.005
4288 0.005
4289 0.005
4290 0.005
4293 0.005
4294 0.005
4295 0.005
4296 0.005
4297 0.005
4298 0.005
4299 0.005
4300 0.005
4301 0.005
4302 0.005
4303 0.005
4304 0.005
4305 0.005
4306 0.005
4307 0.005
4308 0.005
4309 0.005
4313 0.005
4314 0.005
4315 0.005
4316 0.005
4317 0.005
4318 0.005
4322 0.005
4323 0.005
4324 0.005
4325 0.005
4326 0.005
4327 0.005
4328 0.005
4329 0.005
4335 0.005
4337 0.005
4338 0.005
4339 0.005
4342 0.005
4343 0.005
4344 0.005
4345 0.005
4346 0.005
4347 0.005
4348 0.005
4349 0.005
4350 0.005
4351 0.005
4352 0.005
4353 0.005
4354 0.005
4359 0.005
4360 0.005
4361 0.005
4362 0.005
4363 0.005
4364 0.005
4365 0.005
4366 0.005
4367 0.005
4368 0.005
4369 0.005
4370 0.005
4371 0.005
4373 0.005
4374 0.005
4375 0.005
4376 0.005
4377 0.005
4378 0.005
4379 0.005
4380 0.005
4381 0.005
4382 0.005
4383 0.005
4384 0.005
4385 0.005
4386 0.005
4387 0.005
4388 0.005
4389 0.005
4395 0.005
4396 0.005
4397 0.005
4400 0.005
4401 0.005
4402 0.005
4403 0.005
4404 0.005
4405 0.005
4406 0.005
4407 0.005
4408 0.005
4409 0.005
4410 0.005
4413 0.005
4414 0.005
4418 0.005
4419 0.005
4420 0.005
4421 0.005
4422 0.005
4424 0.005
4425 0.005
4427 0.005
4428 0.005
4429 0.005
4430 0.005
4431 0.005
4432 0.005
4435 0.005
4436 0.005
4437 0.005
4441 0.005
4442 0.005
4443 0.005
4444 0.005
4445 0.005
4446 0.005
4447 0.005
4448 0.005
4451 0.005
4452 0.005
4453 0.005
4454 0.005
4458 0.005
4460 0.005
4461 0.005
4464 0.005
4465 0.005
4466 0.005
4467 0.005
4468 0.005
4469 0.005
4470 0.005
4471 0.005
4472 0.005
4475 0.005
4477 0.005
4478 0.005
4479 0.005
4480 0.005
4481 0.005
4482 0.005
4488 0.005
4489 0.005
4490 0.005
4491 0.005
4492 0.005
4493 0.005
4494 0.005
4496 0.005
4497 0.005
4498 0.005
4499 0.005
4500 0.005
4501 0.005
4502 0.005
4503 0.005
4504 0.005
4505 0.005
4506 0.005
4507 0.005
4508 0.005
4509 0.005
4510 0.005
4511 0.005
4512 0.005
4514 0.005
4515 0.005
4516 0.005
4518 0.005
4519 0.005
4520 0.005
4521 0.005
4522 0.005
4525 0.005
4526 0.005
4527 0.005
4528 0.005
4529 0.005
4530 0.005
4531 0.005
4532 0.005
4533 0.005
4534 0.005
4535 0.005
4536 0.005
4537 0.005
4538 0.005
4539 0.005
4540 0.005
4541 0.005
4542 0.005
4543 0.005
4547 0.005
4548 0.005
4549 0.005
4550 0.005
4551 0.005
4552 0.005
4553 0.005
4554 0.005
4555 0.005
4556 0.005
4557 0.005
4558 0.005
4559 0.005
4560 0.005
4561 0.005
4562 0.005
4563 0.005
4564 0.005
4565 0.005
4566 0.005
4567 0.005
4568 0.005
4571 0.005
4572 0.005
4573 0.005
4574 0.005
4575 0.005
4576 0.005
4579 0.005
4580 0.005
4582 0.005
4583 0.005
4584 0.005
4585 0.005
4586 0.005
4587 0.005
4588 0.005
4589 0.005
4590 0.005
4591 0.005
4592 0.005
4593 0.005
4594 0.005
4595 0.005
4596 0.005
4597 0.005
4598 0.005
4599 0.005
4600 0.005
4601 0.005
4602 0.005
4603 0.005
4604 0.005
4605 0.005
4606 0.005
4607 0.005
4608 0.005
4609 0.005
4610 0.005
4611 0.005
4612 0.005
4613 0.005
4614 0.005
4615 0.005
4617 0.005
4618 0.005
4619 0.005
4620 0.005
4625 0.005
4626 0.005
4627 0.005
4628 0.005
4629 0.005
4630 0.005
4632 0.005
4635 0.005
4636 0.005
4637 0.005
4638 0.005
4639 0.005
4640 0.005
4641 0.005
4642 0.005
4643 0.005
4644 0.005
4645 0.005
4646 0.005
4647 0.005
4648 0.005
4649 0.005
4650 0.005
4651 0.005
4652 0.005
4653 0.005
4654 0.005
4655 0.005
4656 0.005
4657 0.005
4658 0.005
4659 0.005
4660 0.005
4661 0.005
4662 0.005
4666 0.005
4667 0.005
4668 0.005
4675 0.005
4676 0.005
4677 0.005
4678 0.005
4679 0.005
4681 0.005
4682 0.005
4683 0.005
4684 0.005
4685 0.005
4686 0.005
4687 0.005
4688 0.005
4689 0.005
4690 0.005
4691 0.005
4692 0.005
4693 0.005
4694 0.005
4695 0.005
4696 0.005
4697 0.005
4698 0.005
4699 0.005
4700 0.005
4701 0.005
4702 0.005
4703 0.005
4709 0.005
4710 0.005
4711 0.005
4719 0.005
4720 0.005
4721 0.005
4722 0.005
4723 0.005
4724 0.005
4725 0.005
4726 0.005
4727 0.005
4728 0.005
4729 0.005
4730 0.005
4731 0.005
4732 0.005
4733 0.005
4734 0.005
4735 0.005
4736 0.005
4737 0.005
4738 0.005
4739 0.005
4740 0.005
4741 0.005
4742 0.005
4743 0.005
4744 0.005
4745 0.005
4746 0.005
4751 0.005
4752 0.005
4760 0.005
4761 0.005
4762 0.005
4763 0.005
4764 0.005
4765 0.005
4766 0.005
4767 0.005
4768 0.005
4769 0.005
4771 0.005
4772 0.005
4773 0.005
4774 0.005
4775 0.005
4776 0.005
4777 0.005
4778 0.005
4779 0.005
4780 0.005
4781 0.005
4782 0.005
4783 0.005
4784 0.005
4785 0.005
4786 0.005
4787 0.005
4788 0.005
4795 0.005
4796 0.005
4804 0.005
4805 0.02
4806 0.02
4807 0.005
4808 0.005
4809 0.005
4810 0.005
4812 0.005
4813 0.005
4816 0.005
4817 0.005
4818 0.005
4826 0.005
4827 0.005
4829 0.005
4830 0.005
4831 0.005
4832 0.005
4833 0.005
4834 0.005
4835 0.005
4836 0.005
4837 0.005
4838 0.005
4839 0.005
4840 0.005
4841 0.005
4842 0.005
4845 0.005
4849 0.005
4850 0.005
4851 0.005
4868 0.02
4869 0.005
4870 0.005
4871 0.005
4872 0.005
4873 0.005
4898 0.005
4899 0.005
4905 0.005
4906 0.005
4907 0.005
4908 0.005
4909 0.005
4910 0.005
4911 0.005
4912 0.005
4913 0.005
4914 0.005
4915 0.005
4916 0.005
4917 0.005
4918 0.005
4919 0.005
4920 0.005
4921 0.005
4922 0.005
4925 0.005
4949 0.005
4950 0.005
4951 0.005
4981 0.005
4999 0.005
5000 0.005
5001 0.005
5002 0.005
5003 0.005
5004 0.005
5005 0.005
5006 0.005
5007 0.005
5008 0.005
5009 0.005
5010 0.005
5011 0.005
5013 0.005
5014 0.005
5051 0.005
5052 0.005
5098 0.005
5099 0.005
5100 0.005
5101 0.005
5102 0.005
5103 0.005
5104 0.005
5105 0.005
5108 0.005
5151 0.005
5197 0.005
5198 0.005
5199 0.005
5200 0.005
5201 0.005
5202 0.005
5205 0.005
5206 0.005
5290 0.005
5291 0.005
5292 0.005
5293 0.005
5298 0.005
5391 0.005
5392 0.005
5393 0.005
mannings_n_at_sea_floor
0