FileFmt      1050624           0           0
NELG           58369        2590        2571
      -44751
      -44752
      -44763
      -44765
      -44769
      -44773
      -44774
      -44776
      -44778
      -44783
       44784
       44785
      -44787
      -44791
      -44793
       44794
      -44795
      -44796
       44797
       44798
       44799
       44801
      -44805
       44808
      -44810
       44812
       44813
       44814
       44815
      -44816
       44818
       44822
       44823
       44826
       44827
       44829
       44830
       44831
       44832
      -44834
       44836
       44837
       44838
       44839
       44840
       44841
       44842
       44843
       44844
       44846
       44847
       44848
      -44851
       44852
       44854
       44855
       44856
       44858
       44859
       44861
       44863
       44864
       44866
       44868
       44869
       44871
       44872
       44873
       44874
       44877
       44878
       44879
      -44881
       44882
       44884
       44886
       44888
       44889
       44892
       44893
       44895
       44896
       44899
       44901
       44902
       44903
       44907
       44908
       44910
       44914
       44915
       44917
       44918
       44919
      -44921
       44922
       44924
       44925
       44927
       44928
       44929
       44930
       44931
       44933
       44936
       44937
       44940
       44941
       44943
       44945
       44946
      -44948
       44952
       44953
       44954
       44956
       44959
       44960
       44961
       44962
       44963
      -44964
       44965
       44968
       44970
       44971
       44972
       44974
       44975
       44976
       44978
      -44979
       44981
       44982
      -44984
       44985
       44986
       44987
       44988
       44990
       44993
       44994
       44995
       44997
       44998
       45002
       45005
       45006
       45007
       45008
       45010
       45011
       45012
      -45013
       45014
       45015
       45018
       45019
       45020
       45021
       45023
       45025
       45027
       45029
       45030
       45033
       45035
       45036
       45037
       45038
       45039
       45042
       45044
       45046
       45047
       45048
       45049
       45050
       45052
       45053
       45054
       45055
       45056
       45059
       45060
       45061
       45062
       45063
      -45064
       45065
       45067
       45068
       45069
       45070
       45071
       45072
       45073
       45074
       45076
       45077
       45079
      -45083
       45084
       45085
       45087
       45088
       45089
       45090
       45092
       45093
       45094
       45096
       45097
       45098
       45099
       45100
       45101
       45104
       45105
       45107
       45108
       45109
       45110
       45111
       45112
       45114
       45117
       45118
       45119
       45120
       45121
       45123
       45124
       45125
       45127
      -45128
       45129
       45130
      -45131
       45132
       45133
       45134
       45135
       45136
       45137
       45139
       45141
       45143
       45144
       45146
      -45148
       45149
       45151
       45152
       45153
       45155
       45156
       45157
       45158
       45159
       45160
       45161
       45163
       45164
       45165
      -45166
       45167
       45168
       45169
       45170
       45171
       45172
       45174
       45175
       45176
       45177
       45178
       45179
       45181
       45182
       45183
       45184
       45185
      -45186
       45187
      -45189
       45191
      -45192
       45193
       45195
       45196
       45198
       45200
      -45201
       45202
       45203
       45204
       45206
       45207
       45208
       45210
       45213
       45214
       45215
       45217
       45218
       45219
       45220
       45221
       45223
       45224
       45225
       45228
       45229
       45230
       45231
       45233
       45234
       45235
       45236
       45237
       45238
       45239
       45240
       45241
       45242
       45245
       45246
       45247
       45248
       45249
       45250
       45251
       45252
       45253
      -45254
       45255
       45256
       45257
       45258
       45259
       45261
       45262
       45263
       45264
       45265
       45266
       45267
       45268
       45270
       45271
       45272
       45273
       45274
       45275
       45276
       45277
       45278
      -45279
       45280
       45282
       45283
       45285
       45286
       45287
       45289
       45290
       45291
       45292
       45293
       45295
       45296
       45297
       45299
       45300
       45301
       45303
       45304
       45305
       45306
       45307
       45309
       45310
      -45311
       45312
       45313
       45314
       45316
       45317
       45319
       45320
       45321
       45322
       45323
       45324
       45326
      -45327
       45329
       45330
       45331
       45332
       45333
       45334
       45335
       45336
       45337
       45338
       45340
       45341
       45342
       45343
       45344
       45345
       45346
       45347
       45350
       45351
      -45352
       45353
       45354
       45355
       45356
       45357
       45358
       45359
       45360
       45361
       45364
       45365
       45366
       45367
       45368
       45369
       45370
       45371
       45372
       45373
       45374
       45375
       45376
       45377
      -45378
       45379
       45380
       45381
       45382
       45386
       45387
       45388
      -45389
       45390
       45391
       45392
       45393
       45395
       45396
       45397
       45398
       45399
       45401
       45402
       45404
       45405
       45406
       45407
       45408
       45409
       45410
       45411
       45412
       45414
       45415
       45416
       45418
       45419
       45420
       45422
       45423
       45425
       45428
       45429
       45430
       45431
       45432
       45433
       45434
       45435
      -45436
       45437
       45438
       45439
       45441
       45442
      -45443
       45444
       45445
       45446
       45447
       45448
       45449
       45450
       45451
       45452
       45453
       45454
       45455
       45457
       45458
       45459
       45460
       45461
       45463
       45464
       45465
       45466
       45467
       45468
       45469
       45470
       45471
       45472
       45473
       45474
       45476
       45477
       45478
       45479
       45480
       45481
       45482
       45483
       45484
       45485
       45486
       45487
       45488
       45489
       45490
       45491
       45492
       45493
       45494
       45495
       45496
       45497
       45498
       45499
       45500
       45501
       45502
       45503
       45504
       45505
       45506
       45507
       45508
       45509
       45510
      -45511
       45512
       45513
      -45514
       45515
       45516
       45517
       45518
       45519
       45521
       45522
       45523
       45524
       45525
       45526
       45528
       45529
       45530
       45531
       45532
       45533
       45534
       45535
       45536
       45537
       45538
       45539
       45540
       45541
       45542
       45543
       45544
       45545
       45546
       45547
       45549
       45550
       45551
       45552
       45553
       45554
       45555
       45556
       45558
       45559
       45560
       45561
       45562
       45563
       45564
       45565
       45566
       45567
       45568
       45569
       45570
       45571
       45572
       45573
       45574
       45575
       45576
       45577
       45578
       45579
       45580
       45581
       45582
       45583
       45584
       45585
       45586
       45587
       45588
       45589
       45590
       45592
       45593
      -45594
       45595
       45596
       45597
       45598
       45599
       45600
       45601
       45602
       45603
       45604
       45605
       45606
       45607
       45608
       45609
       45610
       45611
       45612
       45613
       45615
       45616
       45617
       45618
       45619
       45620
       45621
       45622
       45623
       45624
      -45625
       45626
       45627
       45628
       45629
       45630
       45631
       45632
       45633
       45634
       45635
       45636
       45637
       45638
       45639
       45640
       45641
       45642
       45643
       45644
       45645
       45646
       45647
       45648
       45649
       45650
       45651
       45652
       45653
       45654
       45655
       45656
       45657
       45658
       45659
       45661
       45662
       45663
       45664
       45665
       45666
       45667
       45669
       45670
       45671
       45672
       45673
       45674
       45675
       45676
       45677
       45678
       45679
       45680
       45681
       45682
       45683
       45684
       45685
       45686
       45687
       45688
       45689
       45690
       45691
       45692
       45694
       45695
       45696
       45697
       45698
       45699
       45700
       45701
       45702
       45703
       45704
       45705
       45706
       45707
       45708
       45709
       45710
       45711
       45712
       45713
       45714
       45715
       45716
       45717
       45718
       45719
       45720
       45721
       45722
       45724
       45725
       45726
       45727
       45728
       45729
       45730
       45731
       45732
       45733
       45734
       45735
       45736
       45737
       45738
       45739
       45740
       45741
       45742
       45743
       45744
       45745
       45746
       45747
       45748
       45749
       45750
       45751
       45752
       45754
       45755
       45756
       45757
       45758
       45759
       45760
       45761
       45762
       45763
       45764
       45765
       45766
       45767
       45768
       45769
       45771
       45775
       45776
       45777
       45778
       45780
       45781
       45782
       45783
       45784
       45785
       45786
       45787
       45788
       45789
       45790
       45791
       45792
       45793
       45795
       45796
       45797
       45798
       45799
       45800
       45801
       45803
       45804
       45805
       45807
       45808
       45809
       45810
       45811
       45812
       45813
       45814
       45815
       45816
       45817
       45818
       45819
       45820
       45821
       45822
       45824
       45825
       45826
       45827
       45828
       45829
       45830
       45831
       45832
       45833
       45834
       45835
       45836
       45837
      -45838
       45839
       45840
       45841
       45842
       45843
       45844
       45845
       45846
       45847
       45848
       45849
       45850
       45851
       45852
       45853
       45854
       45855
       45856
       45857
       45858
       45859
       45860
       45861
       45862
       45863
       45864
       45865
       45866
       45867
       45868
       45869
       45870
       45871
       45872
       45873
       45874
       45875
       45876
       45877
       45878
       45879
       45880
       45881
       45882
       45883
       45884
       45885
       45886
       45887
       45888
       45889
       45890
       45891
       45892
       45893
       45894
       45895
       45896
       45897
       45898
       45899
       45901
       45902
       45903
       45904
       45905
       45906
       45907
       45908
       45909
       45910
       45911
       45912
       45913
       45914
       45915
       45916
       45917
       45918
       45919
       45920
       45921
       45922
       45924
       45925
       45926
       45927
       45928
       45929
       45930
       45931
       45932
       45933
       45934
       45935
       45936
      -45937
       45938
       45939
       45940
       45941
       45942
       45944
       45945
       45946
       45947
       45948
       45949
       45950
       45951
       45952
       45953
       45954
       45955
       45956
       45957
       45958
       45959
       45960
       45961
       45962
       45963
       45964
       45965
       45966
       45967
       45968
       45969
       45970
       45971
       45972
       45973
       45974
       45975
       45976
       45977
       45978
       45979
       45980
       45981
       45982
       45983
       45984
       45985
       45987
       45988
       45989
       45990
       45991
       45992
       45993
       45994
       45995
       45996
       45997
       45998
       45999
       46000
       46001
       46002
       46004
       46005
       46006
       46007
       46008
       46009
       46010
       46011
       46012
       46013
       46014
       46015
       46016
       46017
       46018
       46019
       46020
       46021
       46022
       46023
       46024
       46025
       46026
       46027
       46028
       46029
       46030
       46031
       46032
       46033
       46034
       46035
       46036
       46037
       46038
       46039
       46040
       46041
       46042
       46043
       46044
       46045
       46046
       46047
       46048
       46049
       46050
       46051
       46052
       46053
       46054
       46055
       46056
       46057
       46058
       46060
       46061
       46062
       46063
       46064
       46065
       46066
       46067
       46068
       46069
       46070
       46071
       46072
       46073
       46075
       46077
       46078
       46079
       46080
       46081
       46082
       46083
       46084
      -46085
       46086
       46087
       46088
       46089
       46090
       46091
       46092
       46093
       46094
       46095
       46096
       46097
       46098
       46099
       46100
       46102
       46104
       46105
       46106
       46107
       46108
       46110
       46111
       46112
       46113
       46114
       46115
       46116
      -46117
       46118
       46120
       46121
      -46122
       46123
       46124
       46125
       46126
       46127
       46128
       46129
       46130
       46131
       46132
      -46133
       46134
       46135
      -46137
       46138
       46139
       46140
       46141
      -46142
       46143
       46144
       46145
       46146
       46147
      -46148
       46149
       46150
       46151
       46152
       46154
       46155
      -46156
       46157
       46158
      -46159
       46160
       46161
       46163
       46164
       46165
       46166
       46167
      -46168
       46169
       46170
       46171
       46172
       46173
       46174
       46176
       46177
       46178
       46180
       46181
       46182
       46186
       46187
       46189
       46190
       46191
       46194
       46197
      -46199
       46200
       46201
       46202
       46203
       46204
       46206
       46208
       46209
       46210
       46211
       46213
       46214
       46217
       46218
       46220
       46221
       46222
       46224
       46225
       46229
       46230
       46231
       46233
       46234
       46236
       46238
       46240
       46241
       46243
       46245
       46246
       46247
       46248
       46250
       46251
       46253
       46255
       46256
       46257
       46258
       46259
       46260
       46262
       46264
       46265
       46268
       46269
       46270
       46271
       46272
       46275
       46276
       46277
       46279
       46281
       46282
       46283
       46284
       46285
       46286
       46287
       46288
       46290
       46291
       46294
       46295
       46296
       46297
       46298
       46299
       46300
       46301
       46302
       46303
       46306
       46309
       46310
       46311
       46313
       46314
       46315
       46317
       46318
       46323
       46325
       46328
       46329
       46330
       46331
       46332
       46333
       46335
       46336
       46337
       46338
       46339
       46341
       46342
       46343
       46345
       46346
       46347
       46348
       46349
      -46350
       46351
       46353
       46356
       46359
       46362
       46363
       46364
       46366
       46368
       46370
       46372
       46373
       46374
       46375
       46376
       46377
       46378
       46379
       46380
       46381
       46383
       46384
       46385
       46386
       46388
       46392
       46393
       46395
       46396
       46397
       46399
       46401
       46402
       46405
       46406
       46407
       46410
       46412
       46415
       46416
       46419
       46420
       46421
       46422
       46423
       46424
       46425
       46426
       46428
       46430
       46431
       46433
       46434
      -46436
       46437
       46442
       46443
       46444
       46445
       46446
       46447
       46449
       46450
       46451
       46452
       46455
       46460
       46461
       46462
       46464
       46465
       46467
       46469
       46471
       46472
       46476
       46477
       46478
       46480
       46481
       46482
       46483
       46485
       46488
       46489
       46491
       46493
       46494
       46495
       46497
       46499
       46502
       46503
       46505
       46506
       46507
       46512
       46516
       46517
       46519
       46521
       46522
       46524
       46525
       46528
       46529
       46531
       46534
       46535
       46536
       46538
       46539
       46540
       46543
       46544
       46546
       46549
       46550
       46551
       46553
       46554
       46555
       46556
       46557
       46559
       46560
       46562
       46563
       46566
       46568
       46569
       46572
       46574
       46575
       46576
       46578
       46580
       46582
       46584
      -46588
       46591
       46592
       46594
       46596
       46597
       46598
       46600
       46601
       46602
       46603
       46605
       46607
       46608
       46610
       46612
       46614
       46620
       46621
       46623
       46626
       46627
       46628
       46629
       46630
       46631
       46632
       46634
       46639
       46640
       46642
       46644
       46646
       46647
       46649
       46651
       46652
       46653
       46656
       46658
       46659
       46660
       46662
       46664
       46666
       46668
       46671
       46672
       46675
       46676
       46677
       46678
       46679
       46681
       46682
       46686
       46687
      -46688
       46690
       46691
       46692
       46694
       46695
       46696
       46697
       46699
       46701
       46706
       46708
       46711
       46716
       46718
       46722
       46723
       46725
       46726
       46727
       46728
       46729
       46732
       46736
       46737
      -46739
       46740
       46742
       46743
       46744
       46745
       46747
       46749
       46751
       46752
       46754
       46755
       46756
       46757
       46759
       46763
       46764
       46765
       46768
       46770
       46772
       46775
       46777
       46778
       46779
       46780
       46781
       46782
       46784
       46787
       46788
       46791
       46792
       46794
       46796
       46797
       46798
       46803
       46805
       46806
       46808
       46813
       46814
       46816
       46817
       46820
       46821
       46822
       46826
       46827
       46829
       46830
       46831
       46833
       46836
       46838
      -46839
       46841
       46843
       46846
       46847
       46848
       46850
       46851
       46852
       46854
       46856
       46861
       46863
       46864
       46866
       46867
       46868
       46870
       46873
       46874
       46875
       46879
       46881
       46882
       46883
       46884
       46885
       46886
       46887
       46890
       46891
       46893
       46897
       46901
       46903
       46904
       46905
       46906
       46908
       46910
       46911
       46912
       46916
       46921
       46922
       46924
       46925
       46926
       46928
       46930
       46932
       46933
       46936
       46937
       46940
       46944
       46946
       46949
       46950
       46952
       46954
       46956
       46958
       46959
       46960
       46962
       46965
       46966
       46969
       46971
       46972
       46974
       46975
       46977
       46978
       46982
       46984
       46987
       46988
       46992
       46993
       46997
       46998
       47004
       47007
       47010
       47011
       47013
       47015
       47016
       47021
       47022
       47024
       47025
       47027
       47030
       47031
       47033
       47035
       47036
       47038
       47039
       47041
       47043
       47045
       47047
       47049
       47051
       47054
       47055
       47056
       47058
       47061
       47062
      -47064
       47065
       47067
       47069
       47070
       47074
       47075
       47080
       47081
       47083
       47084
       47087
       47090
       47091
      -47092
       47094
       47096
       47097
       47098
       47099
       47101
       47103
       47104
       47107
       47108
       47109
       47111
       47112
       47113
       47114
       47115
       47116
       47117
       47120
       47122
       47125
       47126
       47127
       47130
       47131
       47132
       47133
       47135
      -47136
       47137
       47138
       47139
       47140
       47141
       47144
       47145
       47146
       47148
       47149
       47150
       47154
       47156
       47157
       47158
       47160
       47161
       47162
       47165
       47166
       47167
       47169
       47170
       47171
       47172
       47173
       47175
       47176
       47177
       47178
       47179
       47180
       47181
       47183
       47184
       47185
       47190
       47191
       47192
       47196
       47197
       47199
       47200
       47201
       47202
       47203
       47204
       47205
       47206
       47208
       47209
       47210
       47211
       47212
       47213
       47214
       47215
      -47216
       47217
       47218
       47219
       47221
       47224
       47225
       47226
       47228
       47232
       47233
       47234
       47236
       47237
       47239
       47241
       47242
       47245
       47246
       47247
       47248
       47249
       47250
       47251
       47253
       47255
       47256
       47258
       47259
       47260
       47263
      -47264
       47265
       47269
       47271
       47273
       47276
       47280
       47281
       47284
       47285
       47286
       47288
       47290
       47291
       47292
       47294
       47298
       47299
       47301
       47302
       47303
       47304
       47308
       47309
       47312
       47315
       47317
       47319
       47321
       47322
       47323
       47326
      -47327
       47328
       47331
       47332
       47333
       47334
       47335
       47337
       47338
       47339
       47340
       47343
       47344
       47347
       47351
       47352
       47353
       47355
       47357
       47360
       47368
       47369
       47370
       47371
       47374
       47375
       47377
       47378
       47379
       47380
       47381
       47382
       47383
       47385
       47386
       47388
       47389
      -47390
       47391
       47392
       47396
       47397
       47402
       47406
       47407
       47408
       47411
       47413
       47419
       47420
       47421
       47422
       47423
       47424
       47425
       47426
       47427
       47428
       47429
       47431
       47432
       47434
       47435
       47437
       47439
       47440
      -47444
       47445
       47448
       47449
       47451
       47454
       47456
       47458
       47459
       47460
       47462
       47463
       47464
       47465
       47466
       47468
       47469
       47472
       47473
       47474
       47475
       47478
       47480
       47481
       47483
       47485
       47486
       47491
       47492
       47494
       47499
       47500
       47501
       47502
       47503
      -47504
       47505
       47507
       47509
       47510
       47512
       47513
       47515
       47516
       47519
       47522
       47523
       47525
       47527
       47528
       47529
       47530
       47531
       47532
       47535
       47537
       47538
       47539
       47540
       47543
       47545
       47546
       47547
       47548
       47549
       47550
       47551
       47552
       47553
       47555
       47557
       47558
       47563
       47564
       47565
       47566
       47567
       47569
       47570
       47571
       47572
       47575
       47576
       47577
       47578
       47579
       47580
       47584
       47587
       47589
       47590
       47595
       47597
       47599
       47600
      -47602
       47604
       47605
       47607
       47608
       47609
       47611
       47615
       47616
       47617
       47618
       47619
       47620
       47622
       47624
       47626
       47627
       47630
       47631
       47632
       47633
       47634
       47636
       47639
       47640
       47641
       47642
       47644
       47645
      -47647
       47649
       47650
       47653
       47656
       47657
       47659
       47662
       47663
       47664
       47665
       47667
       47669
       47671
       47672
       47673
       47674
       47676
       47677
       47678
       47679
       47680
       47681
       47682
       47685
       47688
       47689
       47691
       47692
       47693
       47696
       47698
       47702
       47703
       47705
       47706
       47710
       47711
       47713
       47714
       47715
       47716
       47718
       47719
       47720
       47721
       47722
       47723
       47724
       47725
       47726
       47727
       47728
       47729
       47730
       47731
       47733
       47735
       47737
       47739
       47740
       47741
      -47743
       47746
       47748
       47749
       47750
       47751
       47752
       47755
       47756
       47757
       47758
       47759
       47761
       47763
       47764
       47765
       47766
       47768
       47770
       47772
       47775
       47776
       47777
       47779
       47780
       47781
       47782
       47783
       47785
       47786
       47789
       47791
       47792
       47793
       47794
       47795
       47797
       47799
       47800
       47801
      -47804
       47807
       47808
       47809
       47810
       47812
       47814
       47815
       47816
       47818
       47819
       47820
       47821
       47824
       47825
       47826
       47827
       47828
       47829
       47831
       47832
       47833
       47836
       47837
       47838
       47841
       47844
       47845
       47846
       47847
       47848
       47852
       47853
       47854
       47856
      -47857
       47858
       47859
       47860
       47861
       47863
       47864
       47865
       47866
       47867
       47868
       47869
       47872
       47874
       47875
       47876
       47878
       47880
       47881
       47882
       47883
       47884
       47885
       47886
       47887
       47888
       47889
       47891
       47892
       47896
       47898
       47899
       47900
       47902
       47903
      -47905
       47906
       47908
       47909
       47911
       47912
       47914
       47915
       47916
       47917
       47920
       47921
       47922
       47924
       47925
       47926
       47927
       47930
       47931
       47932
       47933
       47934
       47936
       47938
       47940
       47941
       47942
       47944
       47945
       47946
       47947
       47948
       47949
       47950
       47951
       47953
       47954
       47957
       47958
       47959
       47960
       47965
       47966
       47967
       47968
       47969
       47970
       47971
      -47972
       47973
       47975
       47976
       47978
       47982
       47983
       47984
       47985
       47986
       47987
       47989
       47990
       47991
       47993
       47994
       47995
       47998
       48000
       48001
       48004
       48005
       48006
       48007
       48010
       48012
       48017
       48018
       48020
       48021
       48024
       48026
       48029
      -48031
       48033
       48034
       48036
       48037
       48038
       48041
       48042
       48044
       48045
       48046
       48048
       48049
       48051
       48052
       48053
       48054
       48055
       48059
       48061
       48063
       48064
       48065
       48069
       48071
       48074
       48076
       48077
       48078
       48079
       48080
       48081
       48083
       48085
       48086
       48087
       48088
       48091
       48092
       48093
       48097
       48098
      -48099
       48104
       48105
       48107
       48109
       48110
       48112
       48115
       48116
       48123
       48124
       48125
       48126
       48128
       48129
       48130
       48132
       48135
       48136
       48138
       48139
       48140
       48142
       48143
       48144
      -48146
       48149
       48150
       48152
       48153
       48154
       48155
       48156
       48160
       48161
       48165
       48167
       48168
       48169
       48170
       48171
       48173
       48174
       48176
       48177
       48178
       48180
       48181
       48183
       48185
       48188
       48189
       48193
      -48194
       48195
       48199
       48200
       48202
      -48203
       48205
       48206
       48207
       48208
       48211
       48212
       48213
       48214
       48215
       48217
       48218
       48219
       48220
       48228
       48230
       48231
       48233
      -48235
       48237
       48238
      -48239
       48243
       48244
       48253
       48254
       48255
       48256
       48257
       48258
       48261
       48263
       48266
       48269
       48270
       48272
       48276
       48277
       48280
       48282
       48287
       48288
      -48293
       48296
       48297
      -48301
      -48305
       48309
       48311
       48312
       48313
       48316
       48317
       48319
      -48325
       48326
       48327
      -48329
      -48334
       48335
       48336
       48337
       48340
       48341
       48342
       48345
       48346
       48352
       48353
       48357
      -48360
       48365
       48369
       48372
       48373
       48376
       48380
       48381
       48388
      -48392
       48394
       48395
       48397
       48399
       48401
       48407
      -48411
       48412
       48416
       48419
       48421
       48424
       48429
      -48433
       48434
       48437
       48442
       48446
       48449
       48456
       48462
       48469
       48470
       48473
       48475
      -48476
       48478
       48491
       48493
      -48495
       48500
       48501
       48511
       48513
       48520
       48521
       48524
       48529
      -48536
       48541
       48543
       48544
       48554
      -48555
       48558
       48567
      -48569
       48570
       48574
       48575
       48585
      -48592
       48596
       48605
       48606
       48608
       48614
       48624
       48638
       48639
       48642
       48645
      -48653
       48656
       48658
       48661
       48668
      -48674
       48682
       48686
       48700
       48706
      -48710
       48720
       48725
      -48727
       48729
       48747
       48755
      -48756
      -48759
      -48775
      -48778
      -48779
      -48782
      -48799
      -48810
NNODG          31435        1437        1406
      -18987
      -18988
      -18989
      -19308
      -19311
       19312
       19313
       19314
       19315
      -19657
      -19661
      -19662
       19664
       19665
       19666
       19667
       19668
       19669
       19670
       19671
      -20022
       20023
      -20026
       20027
       20028
      -20029
       20030
       20031
       20032
       20033
       20034
       20035
       20036
       20037
       20038
       20039
       20405
       20406
       20407
      -20409
      -20410
       20411
       20412
       20413
       20414
      -20415
       20416
       20417
       20418
       20419
       20420
       20421
       20422
       20423
       20424
       20425
       20807
       20808
       20809
      -20810
       20811
       20812
       20813
       20814
       20815
       20816
       20817
       20818
       20819
      -20820
       20821
       20822
       20823
       20824
       20825
       20826
       20827
       20828
       20829
       20830
      -21192
      -21207
      -21209
      -21210
       21211
       21212
       21213
       21214
       21215
       21216
       21217
       21218
       21219
       21220
       21221
       21222
       21223
       21224
       21225
       21226
       21227
       21228
       21229
       21230
       21231
       21232
       21233
       21234
       21235
      -21595
      -21610
       21611
      -21612
       21613
       21614
       21615
       21616
       21617
       21618
       21619
       21620
       21621
       21622
       21623
       21624
       21625
       21626
       21627
       21628
       21629
       21630
       21631
       21632
       21633
       21634
       21635
       21636
       21637
       21638
       21639
       21640
       21641
       21642
      -22008
      -22022
      -22023
       22024
       22025
       22026
       22027
       22028
       22029
       22030
       22031
       22032
       22033
       22034
       22035
       22036
       22037
       22038
       22039
       22040
       22041
       22042
       22043
       22044
       22045
       22046
       22047
       22048
       22049
       22050
       22051
       22052
       22053
       22054
       22055
       22056
       22057
       22058
       22059
      -22413
      -22429
       22430
       22431
       22432
       22433
       22434
       22435
       22436
       22437
       22438
       22439
       22440
       22441
       22442
       22443
       22444
       22445
       22446
       22447
       22448
       22449
       22450
       22451
       22452
       22453
       22454
       22455
       22456
       22457
       22458
       22459
       22460
       22461
       22462
       22463
       22464
       22465
       22466
       22467
       22468
       22469
      -22819
      -22840
       22841
       22842
       22843
       22844
       22845
       22846
       22847
       22848
       22849
       22850
       22851
       22852
       22853
       22854
       22855
       22856
       22857
       22858
       22859
       22860
       22861
       22862
       22863
       22864
       22865
       22866
       22867
       22868
       22869
       22870
       22871
       22872
       22873
       22874
       22875
       22876
       22877
       22878
       22879
       22880
       22881
       22882
       22883
       22884
       22885
       22886
       22887
      -23241
      -23262
       23263
       23264
       23265
       23266
       23267
       23268
       23269
       23270
       23271
       23272
       23273
       23274
       23275
       23276
       23277
       23278
       23279
       23280
       23281
       23282
       23283
       23284
       23285
       23286
       23287
       23288
       23289
       23290
       23291
       23292
       23293
       23294
       23295
       23296
       23297
       23298
       23299
       23300
       23301
       23302
       23303
       23304
       23305
       23306
       23307
       23308
       23309
       23310
       23311
       23312
       23313
       23314
      -23673
      -23695
       23696
       23697
       23698
       23699
       23700
       23701
       23702
       23703
       23704
       23705
       23706
       23707
       23708
       23709
       23710
       23711
       23712
       23713
       23714
       23715
       23716
       23717
       23718
       23719
       23720
       23721
       23722
       23723
       23724
       23725
       23726
       23727
       23728
       23729
       23730
       23731
       23732
       23733
       23734
       23735
       23736
       23737
       23738
       23739
       23740
       23741
       23742
       23743
       23744
       23745
       23746
       23747
       23748
       23749
       23750
       23751
       23752
      -24108
      -24132
       24133
       24134
       24135
       24136
       24137
       24138
       24139
       24140
       24141
       24142
       24143
       24144
       24145
       24146
       24147
       24148
       24149
       24150
       24151
       24152
       24153
       24154
       24155
       24156
       24157
       24158
       24159
       24160
       24161
       24162
       24163
       24164
       24165
       24166
       24167
       24168
       24169
       24170
       24171
       24172
      -24173
       24174
       24175
       24176
       24177
       24178
       24179
       24180
       24181
       24182
       24183
       24184
       24185
       24186
       24187
       24188
       24189
       24190
       24191
      -24534
      -24535
       24536
       24537
       24538
       24539
       24540
       24541
       24542
       24543
       24544
       24545
       24546
       24547
       24548
       24549
       24550
       24551
       24552
       24553
       24554
       24555
       24556
       24557
       24558
       24559
       24560
       24561
       24562
       24563
       24564
       24565
       24566
       24567
       24568
       24569
       24570
       24571
       24572
       24573
       24574
       24575
       24576
       24577
       24578
       24579
      -24580
       24581
       24582
      -24583
       24584
       24585
       24586
       24587
       24588
       24589
       24590
       24591
       24592
       24593
       24594
       24595
       24596
       24597
       24598
       24599
       24600
       24601
      -24903
       24904
       24905
       24906
       24907
       24908
       24909
       24910
       24911
       24912
       24913
       24914
       24915
       24916
       24917
       24918
       24919
       24920
       24921
       24922
       24923
       24924
       24925
       24926
       24927
       24928
       24929
       24930
       24931
       24932
       24933
       24934
       24935
       24936
       24937
       24938
       24939
       24940
       24941
       24942
       24943
       24944
       24945
       24946
       24947
       24948
       24949
       24950
       24952
      -24953
       24955
       24956
       24957
       24958
       24959
       24960
       24961
       24962
       24963
       24964
       24965
       24966
       24967
       24968
       24969
       24970
       24971
       24972
       24973
      -25254
       25255
       25256
       25257
       25258
       25259
       25260
       25261
       25262
       25263
       25264
       25265
       25266
       25267
       25268
       25269
       25270
       25271
       25272
       25273
       25274
       25275
       25276
       25277
       25278
       25279
       25280
       25281
       25282
       25283
       25284
       25285
       25286
       25287
       25288
       25289
       25290
       25291
       25292
       25293
       25294
       25295
       25296
       25297
       25298
       25299
       25300
       25301
       25302
       25303
       25304
       25305
       25307
      -25308
       25310
       25311
       25312
       25313
       25314
       25315
       25316
       25317
       25318
       25319
       25320
       25321
       25322
       25323
       25324
       25325
       25326
       25327
       25328
       25329
       25330
      -25558
       25559
       25560
       25561
       25562
       25563
       25564
       25565
       25566
       25567
       25568
       25569
       25570
       25571
       25572
       25573
       25574
       25575
       25576
       25577
       25578
       25579
       25580
       25581
       25582
       25583
       25584
       25585
       25586
       25587
       25588
       25589
       25590
       25591
       25592
       25593
       25594
       25595
       25596
       25597
       25598
       25599
       25600
       25601
       25602
       25603
       25604
       25605
       25606
       25607
       25608
       25609
      -25611
       25613
       25614
       25615
       25616
       25617
       25618
       25619
       25620
       25621
       25622
       25623
       25624
       25625
       25626
       25627
       25628
       25629
       25630
       25631
       25632
       25633
       25634
       25827
       25828
       25829
       25830
       25831
       25832
       25833
       25834
       25835
       25836
       25837
       25838
       25839
       25840
       25841
       25842
       25843
       25844
       25845
       25846
       25847
       25848
       25849
       25850
       25851
       25852
       25853
       25854
       25855
       25856
       25857
       25858
       25859
       25860
       25861
       25862
       25863
       25864
       25865
       25866
       25867
       25868
       25869
       25870
       25871
       25872
       25873
       25874
       25875
       25876
       25877
       25878
       25879
       25880
       25881
      -25882
       25885
       25886
       25887
       25888
       25889
       25890
       25891
       25892
       25893
       25894
       25895
       25896
       25897
       25898
       25899
       25900
       25901
       25902
       25903
       25904
       25905
       25906
       25907
       25908
       26101
       26102
       26103
       26104
       26105
       26106
       26107
       26108
       26109
       26110
       26111
       26112
       26113
       26114
       26115
       26116
       26117
       26118
       26119
       26120
       26121
       26122
       26123
       26124
       26125
       26126
       26127
       26128
       26129
       26130
       26131
       26132
       26133
       26134
       26135
       26136
       26137
       26138
       26139
       26140
       26141
       26142
       26143
       26144
       26145
       26146
       26147
       26148
       26149
       26150
       26151
      -26152
       26156
       26157
       26158
       26159
       26160
       26161
       26162
       26163
       26164
       26165
       26166
       26167
       26168
       26169
       26170
       26171
       26172
       26173
       26174
       26175
       26176
       26177
       26372
       26373
       26374
       26375
       26376
       26377
       26378
       26379
       26380
       26381
       26382
       26383
       26384
       26385
       26386
       26387
       26388
       26389
       26390
       26391
       26392
       26393
       26394
       26395
       26396
       26397
       26398
       26399
       26400
       26401
       26402
       26403
       26404
       26405
       26406
       26407
       26408
       26409
       26410
       26411
       26412
       26413
       26414
       26415
       26416
       26417
       26418
       26419
       26420
       26421
       26422
       26423
      -26424
       26429
       26430
       26431
       26432
       26433
       26434
       26435
       26436
       26437
       26438
       26439
       26440
       26441
       26442
       26443
       26444
       26445
       26446
       26447
       26448
       26449
       26450
       26644
       26645
       26646
       26647
       26648
       26649
       26650
       26651
       26652
       26653
       26654
       26655
       26656
       26657
       26658
       26659
       26660
       26661
       26662
       26663
       26664
       26665
       26666
       26667
       26668
       26669
       26670
       26671
       26672
       26673
       26674
       26675
       26676
       26677
       26678
       26679
       26680
       26681
       26682
       26683
       26684
       26685
       26686
       26687
       26688
       26689
       26690
       26691
       26692
       26693
       26694
       26695
       26696
       26697
       26698
       26699
       26700
      -26701
       26706
       26707
       26708
       26709
       26710
       26711
       26712
       26713
       26714
       26715
       26716
       26717
       26718
       26719
       26720
       26721
       26722
       26723
       26724
       26920
       26921
       26922
       26923
       26924
       26925
       26926
       26927
       26928
       26929
       26930
       26931
       26932
       26933
       26934
       26935
       26936
       26937
       26938
       26939
       26940
       26941
       26942
       26943
       26944
       26945
       26946
       26947
       26948
       26949
       26950
       26951
       26952
       26953
       26954
       26955
       26956
       26957
       26958
       26959
       26960
       26961
       26962
       26963
       26964
       26965
       26966
       26967
       26968
       26969
       26970
       26971
       26972
      -26973
       26978
       26979
       26980
       26981
       26982
       26983
       26984
       26985
       26986
       26987
       26988
       26989
       26990
       26991
       27190
       27191
       27192
       27193
       27194
       27195
       27196
       27197
       27198
       27199
       27200
       27201
       27202
       27203
       27204
       27205
       27206
       27207
       27208
       27209
       27210
       27211
       27212
       27213
       27214
       27215
       27216
       27217
       27218
       27219
       27220
       27221
       27222
       27223
       27224
       27225
       27226
       27227
       27228
       27229
       27230
       27231
       27232
       27233
       27234
       27235
       27236
      -27237
       27242
       27243
       27244
       27245
       27246
       27247
       27442
       27443
       27444
       27445
       27446
       27447
       27448
       27449
       27450
       27451
       27452
       27453
       27454
       27455
       27456
       27457
       27458
       27459
       27460
       27461
       27462
       27463
       27464
       27465
       27466
       27467
       27468
       27469
      -27470
       27477
       27478
       27479
       27480
       27481
       27683
       27684
       27685
       27686
       27687
       27688
       27689
       27690
       27691
       27692
       27693
       27694
       27695
       27696
       27697
       27698
       27699
       27700
       27701
       27702
      -27703
       27711
       27712
       27713
       27714
       27715
       27907
       27908
       27909
       27910
       27911
       27912
       27913
       27914
       27915
       27916
       27917
       27918
       27919
       27920
       27921
       27922
       27923
       27924
       27925
       27926
       27927
       27928
      -27929
      -27930
       27939
       27940
       27941
       28120
       28121
       28122
       28123
       28124
       28125
       28126
       28127
       28128
       28129
       28130
       28131
       28132
       28133
       28134
       28135
       28136
       28311
       28312
       28313
       28314
       28315
       28316
       28317
       28318
       28319
       28320
       28321
       28322
       28323
       28324
       28325
       28326
       28327
       28499
       28500
       28501
       28502
       28503
       28504
       28505
       28506
       28507
       28508
       28509
       28510
       28511
       28512
       28513
       28514
       28515
       28516
       28688
       28689
       28690
       28691
       28692
       28693
       28694
       28695
       28696
       28697
       28698
       28699
       28700
       28701
       28702
       28885
       28886
       28887
       28888
       28889
       28890
       28891
       28892
       28893
       28894
       28895
       28896
       28897
       28898
       28899
       29089
       29090
       29091
       29092
       29093
       29094
       29095
       29096
       29097
       29098
       29099
       29100
       29101
       29102
       29103
       29286
       29287
       29288
       29289
       29290
       29291
       29292
       29293
       29294
       29295
      -29296
       29297
       29298
       29299
       29476
       29477
       29478
       29479
       29480
       29481
       29482
      -29483
      -29484
      -29485
      -29486
       29488
       29489
       29490
       29667
       29668
       29669
      -29670
       29671
       29672
       29673
       29681
       29682
       29683
       29851
       29852
       29853
       29855
       29856
       29857
       29865
       29866
       29998
       29999
       30000
       30003
       30004
       30005
       30011
       30118
       30119
       30120
       30234
       30235
       30236
       30336
NFLUXF             0
NETA             103          37           0
NSTAE              0           0           0
NSTAV              0           0           0
NSTAM              0           0           0
NSTAC              0           0           0
RES NODE          14        1343
                   6           7           8           9          13          14
                  15          16          17          18          19          20
                  22          24          25          27          28          29
                  30          31          32          33          34          35
                  36          37          38          39          42          43
                  44          45          47          48          49          50
                  51          52          53          54          55          56
                  57          58          59          61          62          63
                  64          65          66          67          68          69
                  71          72          73          74          75          76
                  77          78          79          80          85          86
                  87          88          89          90          91          92
                  93          94          95          96          97          98
                  99         100         101         102         103         104
                 105         106         107         108         109         112
                 114         115         116         117         118         119
                 120         121         122         123         124         125
                 126         127         128         129         130         131
                 132         133         134         135         136         137
                 138         139         140         141         142         143
                 147         148         149         150         151         152
                 153         154         155         156         157         158
                 159         160         161         162         163         164
                 165         166         167         168         169         170
                 171         172         173         174         175         176
                 177         178         179         180         181         182
                 185         186         187         188         189         190
                 191         192         193         194         195         196
                 197         198         199         200         201         202
                 203         204         205         206         207         208
                 209         210         211         212         213         214
                 215         216         217         218         219         220
                 221         222         223         224         227         228
                 229         230         231         232         233         234
                 235         236         237         238         239         240
                 241         242         243         244         245         246
                 247         248         249         250         251         252
                 253         254         255         256         257         258
                 259         260         261         262         263         264
                 265         266         267         268         269         270
                 271         272         273         276         277         278
                 279         280         281         282         283         284
                 285         286         287         288         289         290
                 291         292         293         294         295         296
                 297         298         299         300         301         302
                 303         304         305         306         307         308
                 309         310         311         312         313         314
                 315         316         317         318         319         320
                 321         322         323         324         325         326
                 327         330         331         332         333         334
                 335         336         337         338         339         340
                 341         342         343         344         345         346
                 347         348         349         350         351         352
                 353         354         355         356         357         358
                 359         360         361         362         363         364
                 365         366         367         368         369         370
                 371         372         373         374         375         376
                 377         378         379         380         381         382
                 383         384         385         386         389         390
                 391         392         393         394         395         396
                 397         398         399         400         401         402
                 403         404         405         406         407         408
                 409         410         411         412         413         414
                 415         416         417         418         419         420
                 421         422         423         424         425         426
                 427         428         430         431         432         433
                 434         435         436         437         438         439
                 440         441         442         443         444         445
                 446         447         450         451         452         453
                 454         455         456         457         458         459
                 460         461         462         463         464         465
                 466         467         468         469         470         471
                 472         473         474         475         476         477
                 478         479         480         481         482         483
                 484         485         486         487         488         489
                 490         491         492         493         495         496
                 498         499         500         501         502         503
                 504         505         506         507         508         509
                 510         511         512         513         514         515
                 517         518         519         520         521         522
                 523         524         525         526         527         528
                 529         530         531         532         533         534
                 535         536         537         538         539         540
                 541         542         543         544         545         546
                 547         548         549         550         551         552
                 553         554         555         556         557         558
                 559         560         561         562         563         564
                 566         567         568         569         570         571
                 572         573         574         575         576         577
                 578         579         580         581         582         583
                 584         586         587         588         589         590
                 591         592         593         594         595         596
                 597         598         599         600         601         602
                 603         604         605         606         607         608
                 609         610         611         612         613         614
                 615         616         617         618         619         620
                 621         622         623         624         625         626
                 627         628         629         630         631         632
                 633         634         635         636         637         639
                 640         641         642         643         644         645
                 646         647         648         649         650         651
                 652         653         654         655         656         657
                 658         659         661         662         663         664
                 665         666         667         668         669         670
                 671         672         673         674         675         676
                 677         678         679         680         681         682
                 683         684         685         686         687         688
                 689         690         691         692         693         694
                 695         696         697         698         699         700
                 701         702         703         704         705         706
                 707         708         709         710         711         713
                 714         715         716         717         718         719
                 720         721         722         723         724         725
                 726         727         728         729         730         731
                 732         733         734         735         736         737
                 738         739         740         741         742         743
                 744         745         746         747         748         749
                 750         751         752         753         754         755
                 756         757         758         759         760         761
                 762         763         764         765         766         767
                 768         769         770         771         772         773
                 774         775         776         777         778         779
                 780         781         782         783         784         785
                 786         787         788         789         791         792
                 793         794         795         796         797         798
                 799         800         801         802         803         804
                 805         806         807         808         809         810
                 811         812         813         814         815         816
                 817         818         819         820         821         822
                 823         824         825         826         827         828
                 829         830         831         832         833         834
                 835         836         837         838         839         840
                 841         842         843         844         845         846
                 847         848         849         850         851         852
                 853         854         855         856         857         858
                 859         860         861         862         863         864
                 865         867         868         869         870         871
                 872         873         874         875         876         877
                 878         879         880         881         882         883
                 884         885         886         887         888         889
                 890         891         892         893         894         895
                 896         897         898         899         900         901
                 902         903         904         905         906         907
                 908         909         910         911         912         913
                 914         915         916         917         918         919
                 920         921         922         923         924         925
                 926         927         928         929         930         931
                 932         933         934         935         936         937
                 938         939         940         942         943         944
                 945         946         947         948         949         950
                 951         952         953         954         955         956
                 957         958         959         960         961         962
                 963         964         965         966         967         968
                 969         970         971         972         973         974
                 975         976         977         978         979         980
                 981         982         983         984         985         986
                 987         988         989         990         991         992
                 993         994         995         996         997         998
                 999        1000        1001        1002        1003        1004
                1005        1006        1007        1008        1009        1010
                1011        1012        1013        1014        1015        1016
                1017        1018        1019        1020        1022        1023
                1024        1025        1026        1027        1028        1029
                1030        1031        1032        1033        1034        1035
                1036        1037        1038        1039        1040        1041
                1042        1043        1044        1045        1046        1047
                1048        1049        1050        1051        1052        1053
                1054        1055        1056        1057        1058        1059
                1060        1061        1062        1063        1064        1065
                1066        1067        1068        1069        1070        1071
                1072        1073        1074        1075        1076        1077
                1078        1079        1080        1081        1082        1083
                1084        1085        1086        1087        1088        1089
                1090        1091        1092        1093        1095        1096
                1097        1098        1099        1100        1101        1102
                1103        1104        1105        1106        1107        1108
                1109        1110        1111        1112        1113        1114
                1115        1116        1117        1118        1119        1120
                1121        1122        1123        1124        1125        1126
                1127        1128        1129        1130        1131        1132
                1133        1134        1135        1136        1137        1138
                1139        1140        1141        1142        1143        1144
                1145        1146        1147        1148        1149        1150
                1151        1152        1153        1154        1155        1157
                1158        1159        1160        1161        1162        1163
                1164        1165        1166        1167        1168        1169
                1170        1171        1172        1173        1174        1175
                1176        1177        1178        1179        1180        1181
                1182        1183        1184        1185        1186        1187
                1188        1189        1190        1192        1193        1194
                1195        1196        1197        1198        1199        1200
                1201        1202        1203        1204        1205        1206
                1207        1208        1209        1210        1211        1212
                1213        1214        1215        1216        1218        1219
                1220        1221        1222        1223        1224        1225
                1226        1227        1228        1229        1230        1231
                1232        1233        1234        1235        1236        1237
                1238        1239        1240        1241        1242        1243
                1244        1247        1248        1249        1250        1251
                1252        1253        1254        1255        1256        1257
                1258        1259        1260        1261        1262        1263
                1264        1265        1266        1267        1268        1269
                1270        1271        1272        1273        1274        1275
                1276        1277        1278        1279        1280        1281
                1282        1283        1284        1285        1286        1287
                1288        1289        1290        1291        1292        1293
                1294        1295        1296        1297        1298        1299
                1300        1301        1302        1303        1304        1305
                1306        1307        1308        1309        1310        1311
                1312        1313        1314        1315        1316        1317
                1318        1319        1320        1321        1322        1323
                1324        1325        1326        1327        1328        1329
                1330        1331        1332        1333        1334        1335
                1336        1337        1338        1339        1340        1341
                1342        1343        1344        1345        1346        1347
                1348        1349        1350        1351        1352        1353
                1354        1355        1356        1358        1359        1360
                1361        1362        1363        1364        1365        1366
                1367        1372        1373        1374        1375        1376
                1377        1379        1380        1381        1382        1383
                1384        1385        1386        1387        1388        1389
                1390        1391        1392        1393        1394        1395
                1396        1397        1398        1399        1400        1401
                1402        1403        1404        1405        1406
COMM PE            2
RECV PE           12          42
                   1           2           3           4           5          10
                  11          12          21          23          26          40
                  41          46          60          70          81          82
                  83          84         110         111         113         144
                 145         146         184         226         275         329
                 388         448         449         516         585         660
                1357        1368        1369        1370        1371        1378
RECV PE           13          21
                 183         225         274         328         387         429
                 494         497         565         638         712         790
                 866         941        1021        1094        1156        1191
                1217        1245        1246
SEND PE           12          42
                   6           7           8           9          13          20
                  22          24          25          37          38          42
                  45          61          69          88          89          96
                  98         112         114         115         116         131
                 147         148         170         185         186         227
                 276         330         389         450         517         586
                 661        1342        1354        1355        1356        1364
SEND PE           13          20
                 170         211         259         311         368         370
                 431         496         564         637         711         789
                 865         940        1020        1093        1155        1190
                1216        1244
