eastcoast_95d_ll_select.grd nodal attributes                                    
        1332
           2
primitive_weighting_in_continuity_equation                                      
unitless                                                                        
           1
  0.500000000E-02
mannings_n_at_sea_floor                                                         
unitless                                                                        
           1
  0.250000000E-01
primitive_weighting_in_continuity_equation                                      
         636
      5241    0.20000000E-01
      5242    0.20000000E-01
      5243    0.20000000E-01
      5244    0.20000000E-01
      5248    0.20000000E-01
      5252    0.20000000E-01
      5255    0.20000000E-01
      5261    0.20000000E-01
      5563    0.20000000E-01
      5564    0.20000000E-01
      5565    0.20000000E-01
      5566    0.20000000E-01
      5567    0.20000000E-01
      5568    0.20000000E-01
      5569    0.20000000E-01
      5570    0.20000000E-01
      5571    0.20000000E-01
      5572    0.20000000E-01
      5573    0.20000000E-01
      5574    0.20000000E-01
      5575    0.20000000E-01
      5576    0.20000000E-01
      5577    0.20000000E-01
      5578    0.20000000E-01
      5579    0.20000000E-01
      5581    0.20000000E-01
      5582    0.20000000E-01
      5584    0.20000000E-01
      5585    0.20000000E-01
      5586    0.20000000E-01
      5587    0.20000000E-01
      5588    0.20000000E-01
      5590    0.20000000E-01
      5592    0.20000000E-01
      5927    0.20000000E-01
      5928    0.20000000E-01
      5929    0.20000000E-01
      5930    0.20000000E-01
      5931    0.20000000E-01
      5932    0.20000000E-01
      5933    0.20000000E-01
      5934    0.20000000E-01
      5935    0.20000000E-01
      5936    0.20000000E-01
      5937    0.20000000E-01
      5938    0.20000000E-01
      5939    0.20000000E-01
      5940    0.20000000E-01
      5941    0.20000000E-01
      5942    0.20000000E-01
      5943    0.20000000E-01
      5944    0.20000000E-01
      5945    0.20000000E-01
      5946    0.20000000E-01
      5947    0.20000000E-01
      5948    0.20000000E-01
      5949    0.20000000E-01
      5950    0.20000000E-01
      5951    0.20000000E-01
      5952    0.20000000E-01
      5953    0.20000000E-01
      5954    0.20000000E-01
      5955    0.20000000E-01
      5956    0.20000000E-01
      5957    0.20000000E-01
      5958    0.20000000E-01
      5959    0.20000000E-01
      5963    0.20000000E-01
      6000    0.20000000E-01
      6002    0.20000000E-01
      6003    0.20000000E-01
      6339    0.20000000E-01
      6340    0.20000000E-01
      6341    0.20000000E-01
      6342    0.20000000E-01
      6343    0.20000000E-01
      6344    0.20000000E-01
      6345    0.20000000E-01
      6346    0.20000000E-01
      6347    0.20000000E-01
      6348    0.20000000E-01
      6349    0.20000000E-01
      6350    0.20000000E-01
      6351    0.20000000E-01
      6352    0.20000000E-01
      6353    0.20000000E-01
      6354    0.20000000E-01
      6355    0.20000000E-01
      6356    0.20000000E-01
      6357    0.20000000E-01
      6358    0.20000000E-01
      6359    0.20000000E-01
      6360    0.20000000E-01
      6361    0.20000000E-01
      6362    0.20000000E-01
      6363    0.20000000E-01
      6364    0.20000000E-01
      6365    0.20000000E-01
      6366    0.20000000E-01
      6368    0.20000000E-01
      6369    0.20000000E-01
      6370    0.20000000E-01
      6371    0.20000000E-01
      6373    0.20000000E-01
      6375    0.20000000E-01
      6376    0.20000000E-01
      6377    0.20000000E-01
      6378    0.20000000E-01
      6407    0.20000000E-01
      6408    0.20000000E-01
      6409    0.20000000E-01
      6410    0.20000000E-01
      6414    0.20000000E-01
      6755    0.20000000E-01
      6756    0.20000000E-01
      6757    0.20000000E-01
      6758    0.20000000E-01
      6759    0.20000000E-01
      6760    0.20000000E-01
      6761    0.20000000E-01
      6762    0.20000000E-01
      6763    0.20000000E-01
      6764    0.20000000E-01
      6765    0.20000000E-01
      6766    0.20000000E-01
      6767    0.20000000E-01
      6768    0.20000000E-01
      6769    0.20000000E-01
      6770    0.20000000E-01
      6771    0.20000000E-01
      6772    0.20000000E-01
      6773    0.20000000E-01
      6774    0.20000000E-01
      6775    0.20000000E-01
      6776    0.20000000E-01
      6777    0.20000000E-01
      6778    0.20000000E-01
      6779    0.20000000E-01
      6780    0.20000000E-01
      6781    0.20000000E-01
      6782    0.20000000E-01
      6783    0.20000000E-01
      6784    0.20000000E-01
      6785    0.20000000E-01
      6786    0.20000000E-01
      6787    0.20000000E-01
      6788    0.20000000E-01
      6790    0.20000000E-01
      6812    0.20000000E-01
      6813    0.20000000E-01
      6818    0.20000000E-01
      6819    0.20000000E-01
      7159    0.20000000E-01
      7160    0.20000000E-01
      7161    0.20000000E-01
      7162    0.20000000E-01
      7163    0.20000000E-01
      7164    0.20000000E-01
      7165    0.20000000E-01
      7166    0.20000000E-01
      7167    0.20000000E-01
      7168    0.20000000E-01
      7169    0.20000000E-01
      7170    0.20000000E-01
      7171    0.20000000E-01
      7172    0.20000000E-01
      7173    0.20000000E-01
      7174    0.20000000E-01
      7175    0.20000000E-01
      7176    0.20000000E-01
      7177    0.20000000E-01
      7178    0.20000000E-01
      7179    0.20000000E-01
      7180    0.20000000E-01
      7181    0.20000000E-01
      7182    0.20000000E-01
      7183    0.20000000E-01
      7184    0.20000000E-01
      7185    0.20000000E-01
      7186    0.20000000E-01
      7187    0.20000000E-01
      7188    0.20000000E-01
      7189    0.20000000E-01
      7190    0.20000000E-01
      7191    0.20000000E-01
      7192    0.20000000E-01
      7193    0.20000000E-01
      7194    0.20000000E-01
      7195    0.20000000E-01
      7198    0.20000000E-01
      7218    0.20000000E-01
      7219    0.20000000E-01
      7220    0.20000000E-01
      7221    0.20000000E-01
      7225    0.20000000E-01
      7226    0.20000000E-01
      7227    0.20000000E-01
      7531    0.20000000E-01
      7532    0.20000000E-01
      7533    0.20000000E-01
      7534    0.20000000E-01
      7535    0.20000000E-01
      7536    0.20000000E-01
      7537    0.20000000E-01
      7538    0.20000000E-01
      7539    0.20000000E-01
      7540    0.20000000E-01
      7541    0.20000000E-01
      7542    0.20000000E-01
      7543    0.20000000E-01
      7544    0.20000000E-01
      7545    0.20000000E-01
      7546    0.20000000E-01
      7547    0.20000000E-01
      7548    0.20000000E-01
      7549    0.20000000E-01
      7550    0.20000000E-01
      7551    0.20000000E-01
      7552    0.20000000E-01
      7553    0.20000000E-01
      7554    0.20000000E-01
      7555    0.20000000E-01
      7556    0.20000000E-01
      7557    0.20000000E-01
      7558    0.20000000E-01
      7559    0.20000000E-01
      7560    0.20000000E-01
      7561    0.20000000E-01
      7562    0.20000000E-01
      7563    0.20000000E-01
      7564    0.20000000E-01
      7565    0.20000000E-01
      7566    0.20000000E-01
      7567    0.20000000E-01
      7568    0.20000000E-01
      7569    0.20000000E-01
      7570    0.20000000E-01
      7585    0.20000000E-01
      7590    0.20000000E-01
      7591    0.20000000E-01
      7592    0.20000000E-01
      7593    0.20000000E-01
      7594    0.20000000E-01
      7595    0.20000000E-01
      7596    0.20000000E-01
      7597    0.20000000E-01
      7598    0.20000000E-01
      7599    0.20000000E-01
      7600    0.20000000E-01
      7601    0.20000000E-01
      7602    0.20000000E-01
      7901    0.20000000E-01
      7902    0.20000000E-01
      7903    0.20000000E-01
      7904    0.20000000E-01
      7905    0.20000000E-01
      7906    0.20000000E-01
      7907    0.20000000E-01
      7908    0.20000000E-01
      7909    0.20000000E-01
      7910    0.20000000E-01
      7911    0.20000000E-01
      7912    0.20000000E-01
      7913    0.20000000E-01
      7914    0.20000000E-01
      7915    0.20000000E-01
      7916    0.20000000E-01
      7917    0.20000000E-01
      7918    0.20000000E-01
      7919    0.20000000E-01
      7920    0.20000000E-01
      7921    0.20000000E-01
      7922    0.20000000E-01
      7923    0.20000000E-01
      7924    0.20000000E-01
      7925    0.20000000E-01
      7926    0.20000000E-01
      7927    0.20000000E-01
      7928    0.20000000E-01
      7929    0.20000000E-01
      7930    0.20000000E-01
      7931    0.20000000E-01
      7932    0.20000000E-01
      7933    0.20000000E-01
      7934    0.20000000E-01
      7935    0.20000000E-01
      7936    0.20000000E-01
      7937    0.20000000E-01
      7938    0.20000000E-01
      7939    0.20000000E-01
      7940    0.20000000E-01
      7941    0.20000000E-01
      7942    0.20000000E-01
      7944    0.20000000E-01
      7953    0.20000000E-01
      7954    0.20000000E-01
      7955    0.20000000E-01
      7956    0.20000000E-01
      7958    0.20000000E-01
      7959    0.20000000E-01
      7960    0.20000000E-01
      7961    0.20000000E-01
      7962    0.20000000E-01
      7963    0.20000000E-01
      7964    0.20000000E-01
      7965    0.20000000E-01
      7966    0.20000000E-01
      7967    0.20000000E-01
      7968    0.20000000E-01
      7969    0.20000000E-01
      7970    0.20000000E-01
      7971    0.20000000E-01
      7972    0.20000000E-01
      7973    0.20000000E-01
      7974    0.20000000E-01
      7975    0.20000000E-01
      8285    0.20000000E-01
      8286    0.20000000E-01
      8287    0.20000000E-01
      8288    0.20000000E-01
      8289    0.20000000E-01
      8290    0.20000000E-01
      8291    0.20000000E-01
      8292    0.20000000E-01
      8293    0.20000000E-01
      8294    0.20000000E-01
      8295    0.20000000E-01
      8296    0.20000000E-01
      8297    0.20000000E-01
      8298    0.20000000E-01
      8299    0.20000000E-01
      8300    0.20000000E-01
      8301    0.20000000E-01
      8302    0.20000000E-01
      8303    0.20000000E-01
      8304    0.20000000E-01
      8305    0.20000000E-01
      8306    0.20000000E-01
      8307    0.20000000E-01
      8308    0.20000000E-01
      8309    0.20000000E-01
      8310    0.20000000E-01
      8311    0.20000000E-01
      8312    0.20000000E-01
      8313    0.20000000E-01
      8314    0.20000000E-01
      8315    0.20000000E-01
      8316    0.20000000E-01
      8317    0.20000000E-01
      8318    0.20000000E-01
      8319    0.20000000E-01
      8320    0.20000000E-01
      8321    0.20000000E-01
      8322    0.20000000E-01
      8323    0.20000000E-01
      8324    0.20000000E-01
      8325    0.20000000E-01
      8326    0.20000000E-01
      8327    0.20000000E-01
      8328    0.20000000E-01
      8329    0.20000000E-01
      8331    0.20000000E-01
      8334    0.20000000E-01
      8335    0.20000000E-01
      8336    0.20000000E-01
      8337    0.20000000E-01
      8338    0.20000000E-01
      8339    0.20000000E-01
      8340    0.20000000E-01
      8341    0.20000000E-01
      8342    0.20000000E-01
      8343    0.20000000E-01
      8344    0.20000000E-01
      8345    0.20000000E-01
      8346    0.20000000E-01
      8347    0.20000000E-01
      8348    0.20000000E-01
      8349    0.20000000E-01
      8350    0.20000000E-01
      8351    0.20000000E-01
      8352    0.20000000E-01
      8353    0.20000000E-01
      8354    0.20000000E-01
      8355    0.20000000E-01
      8356    0.20000000E-01
      8687    0.20000000E-01
      8688    0.20000000E-01
      8689    0.20000000E-01
      8690    0.20000000E-01
      8691    0.20000000E-01
      8692    0.20000000E-01
      8693    0.20000000E-01
      8694    0.20000000E-01
      8695    0.20000000E-01
      8696    0.20000000E-01
      8697    0.20000000E-01
      8698    0.20000000E-01
      8699    0.20000000E-01
      8700    0.20000000E-01
      8701    0.20000000E-01
      8702    0.20000000E-01
      8703    0.20000000E-01
      8704    0.20000000E-01
      8705    0.20000000E-01
      8706    0.20000000E-01
      8707    0.20000000E-01
      8708    0.20000000E-01
      8709    0.20000000E-01
      8710    0.20000000E-01
      8711    0.20000000E-01
      8712    0.20000000E-01
      8713    0.20000000E-01
      8714    0.20000000E-01
      8715    0.20000000E-01
      8716    0.20000000E-01
      8717    0.20000000E-01
      8718    0.20000000E-01
      8719    0.20000000E-01
      8720    0.20000000E-01
      8721    0.20000000E-01
      8722    0.20000000E-01
      8723    0.20000000E-01
      8724    0.20000000E-01
      8725    0.20000000E-01
      8726    0.20000000E-01
      8727    0.20000000E-01
      8728    0.20000000E-01
      8729    0.20000000E-01
      8730    0.20000000E-01
      8731    0.20000000E-01
      8732    0.20000000E-01
      8733    0.20000000E-01
      8734    0.20000000E-01
      8735    0.20000000E-01
      8736    0.20000000E-01
      8737    0.20000000E-01
      8738    0.20000000E-01
      8739    0.20000000E-01
      8740    0.20000000E-01
      8741    0.20000000E-01
      8742    0.20000000E-01
      8743    0.20000000E-01
      8744    0.20000000E-01
      8745    0.20000000E-01
      8746    0.20000000E-01
      9091    0.20000000E-01
      9092    0.20000000E-01
      9093    0.20000000E-01
      9094    0.20000000E-01
      9095    0.20000000E-01
      9096    0.20000000E-01
      9097    0.20000000E-01
      9098    0.20000000E-01
      9099    0.20000000E-01
      9100    0.20000000E-01
      9101    0.20000000E-01
      9102    0.20000000E-01
      9103    0.20000000E-01
      9104    0.20000000E-01
      9105    0.20000000E-01
      9106    0.20000000E-01
      9107    0.20000000E-01
      9108    0.20000000E-01
      9109    0.20000000E-01
      9110    0.20000000E-01
      9111    0.20000000E-01
      9112    0.20000000E-01
      9113    0.20000000E-01
      9114    0.20000000E-01
      9115    0.20000000E-01
      9116    0.20000000E-01
      9117    0.20000000E-01
      9118    0.20000000E-01
      9119    0.20000000E-01
      9120    0.20000000E-01
      9121    0.20000000E-01
      9122    0.20000000E-01
      9123    0.20000000E-01
      9124    0.20000000E-01
      9125    0.20000000E-01
      9126    0.20000000E-01
      9127    0.20000000E-01
      9128    0.20000000E-01
      9130    0.20000000E-01
      9131    0.20000000E-01
      9132    0.20000000E-01
      9133    0.20000000E-01
      9134    0.20000000E-01
      9135    0.20000000E-01
      9496    0.20000000E-01
      9497    0.20000000E-01
      9498    0.20000000E-01
      9499    0.20000000E-01
      9500    0.20000000E-01
      9501    0.20000000E-01
      9502    0.20000000E-01
      9503    0.20000000E-01
      9504    0.20000000E-01
      9505    0.20000000E-01
      9506    0.20000000E-01
      9507    0.20000000E-01
      9508    0.20000000E-01
      9509    0.20000000E-01
      9510    0.20000000E-01
      9511    0.20000000E-01
      9512    0.20000000E-01
      9513    0.20000000E-01
      9514    0.20000000E-01
      9515    0.20000000E-01
      9516    0.20000000E-01
      9517    0.20000000E-01
      9518    0.20000000E-01
      9519    0.20000000E-01
      9520    0.20000000E-01
      9521    0.20000000E-01
      9522    0.20000000E-01
      9523    0.20000000E-01
      9524    0.20000000E-01
      9525    0.20000000E-01
      9526    0.20000000E-01
      9894    0.20000000E-01
      9895    0.20000000E-01
      9896    0.20000000E-01
      9897    0.20000000E-01
      9898    0.20000000E-01
      9899    0.20000000E-01
      9900    0.20000000E-01
      9901    0.20000000E-01
      9902    0.20000000E-01
      9903    0.20000000E-01
      9904    0.20000000E-01
      9905    0.20000000E-01
      9906    0.20000000E-01
      9907    0.20000000E-01
      9908    0.20000000E-01
      9909    0.20000000E-01
      9910    0.20000000E-01
      9911    0.20000000E-01
      9912    0.20000000E-01
      9913    0.20000000E-01
      9914    0.20000000E-01
      9915    0.20000000E-01
      9916    0.20000000E-01
      9917    0.20000000E-01
      9918    0.20000000E-01
      9919    0.20000000E-01
      9920    0.20000000E-01
      9921    0.20000000E-01
      9922    0.20000000E-01
      9923    0.20000000E-01
     10224    0.20000000E-01
     10225    0.20000000E-01
     10226    0.20000000E-01
     10227    0.20000000E-01
     10228    0.20000000E-01
     10229    0.20000000E-01
     10230    0.20000000E-01
     10231    0.20000000E-01
     10232    0.20000000E-01
     10233    0.20000000E-01
     10234    0.20000000E-01
     10235    0.20000000E-01
     10236    0.20000000E-01
     10237    0.20000000E-01
     10238    0.20000000E-01
     10239    0.20000000E-01
     10240    0.20000000E-01
     10241    0.20000000E-01
     10242    0.20000000E-01
     10243    0.20000000E-01
     10244    0.20000000E-01
     10245    0.20000000E-01
     10246    0.20000000E-01
     10247    0.20000000E-01
     10248    0.20000000E-01
     10249    0.20000000E-01
     10250    0.20000000E-01
     10251    0.20000000E-01
     10252    0.20000000E-01
     10253    0.20000000E-01
     10516    0.20000000E-01
     10517    0.20000000E-01
     10518    0.20000000E-01
     10519    0.20000000E-01
     10520    0.20000000E-01
     10521    0.20000000E-01
     10522    0.20000000E-01
     10523    0.20000000E-01
     10524    0.20000000E-01
     10525    0.20000000E-01
     10526    0.20000000E-01
     10527    0.20000000E-01
     10528    0.20000000E-01
     10529    0.20000000E-01
     10530    0.20000000E-01
     10531    0.20000000E-01
     10532    0.20000000E-01
     10533    0.20000000E-01
     10534    0.20000000E-01
     10535    0.20000000E-01
     10536    0.20000000E-01
     10537    0.20000000E-01
     10538    0.20000000E-01
     10539    0.20000000E-01
     10540    0.20000000E-01
     10768    0.20000000E-01
     10769    0.20000000E-01
     10770    0.20000000E-01
     10771    0.20000000E-01
     10772    0.20000000E-01
     10773    0.20000000E-01
     10774    0.20000000E-01
     10775    0.20000000E-01
     10776    0.20000000E-01
     10777    0.20000000E-01
     10778    0.20000000E-01
     10779    0.20000000E-01
     10780    0.20000000E-01
     10781    0.20000000E-01
     10782    0.20000000E-01
     10996    0.20000000E-01
     10997    0.20000000E-01
     10998    0.20000000E-01
     10999    0.20000000E-01
     11000    0.20000000E-01
     11001    0.20000000E-01
     11002    0.20000000E-01
     11003    0.20000000E-01
     11004    0.20000000E-01
     11005    0.20000000E-01
     11230    0.20000000E-01
     11231    0.20000000E-01
     11232    0.20000000E-01
     11233    0.20000000E-01
     11234    0.20000000E-01
     11235    0.20000000E-01
mannings_n_at_sea_floor                                                         
           0
