eastcoast_95d_ll_select.grd nodal attributes                                    
        1437
           2
primitive_weighting_in_continuity_equation                                      
unitless                                                                        
           1
  0.500000000E-02
mannings_n_at_sea_floor                                                         
unitless                                                                        
           1
  0.250000000E-01
primitive_weighting_in_continuity_equation                                      
         831
      4775    0.20000000E-01
      4776    0.20000000E-01
      5014    0.20000000E-01
      5017    0.20000000E-01
      5030    0.20000000E-01
      5031    0.20000000E-01
      5032    0.20000000E-01
      5033    0.20000000E-01
      5302    0.20000000E-01
      5303    0.20000000E-01
      5304    0.20000000E-01
      5305    0.20000000E-01
      5307    0.20000000E-01
      5308    0.20000000E-01
      5309    0.20000000E-01
      5310    0.20000000E-01
      5311    0.20000000E-01
      5312    0.20000000E-01
      5325    0.20000000E-01
      5326    0.20000000E-01
      5327    0.20000000E-01
      5328    0.20000000E-01
      5635    0.20000000E-01
      5636    0.20000000E-01
      5637    0.20000000E-01
      5640    0.20000000E-01
      5641    0.20000000E-01
      5642    0.20000000E-01
      5643    0.20000000E-01
      5644    0.20000000E-01
      5645    0.20000000E-01
      5654    0.20000000E-01
      5655    0.20000000E-01
      5656    0.20000000E-01
      5659    0.20000000E-01
      5660    0.20000000E-01
      5661    0.20000000E-01
      5662    0.20000000E-01
      5688    0.20000000E-01
      5716    0.20000000E-01
      5718    0.20000000E-01
      5719    0.20000000E-01
      5720    0.20000000E-01
      5996    0.20000000E-01
      5997    0.20000000E-01
      5998    0.20000000E-01
      5999    0.20000000E-01
      6000    0.20000000E-01
      6002    0.20000000E-01
      6004    0.20000000E-01
      6005    0.20000000E-01
      6006    0.20000000E-01
      6007    0.20000000E-01
      6012    0.20000000E-01
      6013    0.20000000E-01
      6014    0.20000000E-01
      6015    0.20000000E-01
      6016    0.20000000E-01
      6017    0.20000000E-01
      6026    0.20000000E-01
      6027    0.20000000E-01
      6028    0.20000000E-01
      6029    0.20000000E-01
      6031    0.20000000E-01
      6032    0.20000000E-01
      6033    0.20000000E-01
      6042    0.20000000E-01
      6067    0.20000000E-01
      6068    0.20000000E-01
      6069    0.20000000E-01
      6098    0.20000000E-01
      6099    0.20000000E-01
      6100    0.20000000E-01
      6101    0.20000000E-01
      6102    0.20000000E-01
      6103    0.20000000E-01
      6104    0.20000000E-01
      6106    0.20000000E-01
      6107    0.20000000E-01
      6108    0.20000000E-01
      6109    0.20000000E-01
      6110    0.20000000E-01
      6111    0.20000000E-01
      6112    0.20000000E-01
      6113    0.20000000E-01
      6401    0.20000000E-01
      6402    0.20000000E-01
      6403    0.20000000E-01
      6404    0.20000000E-01
      6405    0.20000000E-01
      6406    0.20000000E-01
      6407    0.20000000E-01
      6408    0.20000000E-01
      6416    0.20000000E-01
      6417    0.20000000E-01
      6418    0.20000000E-01
      6419    0.20000000E-01
      6422    0.20000000E-01
      6431    0.20000000E-01
      6432    0.20000000E-01
      6433    0.20000000E-01
      6434    0.20000000E-01
      6435    0.20000000E-01
      6441    0.20000000E-01
      6442    0.20000000E-01
      6443    0.20000000E-01
      6444    0.20000000E-01
      6445    0.20000000E-01
      6446    0.20000000E-01
      6447    0.20000000E-01
      6448    0.20000000E-01
      6449    0.20000000E-01
      6450    0.20000000E-01
      6493    0.20000000E-01
      6495    0.20000000E-01
      6506    0.20000000E-01
      6507    0.20000000E-01
      6508    0.20000000E-01
      6509    0.20000000E-01
      6510    0.20000000E-01
      6511    0.30000000E-01
      6512    0.20000000E-01
      6513    0.30000000E-01
      6514    0.30000000E-01
      6515    0.30000000E-01
      6516    0.30000000E-01
      6517    0.20000000E-01
      6518    0.20000000E-01
      6820    0.20000000E-01
      6821    0.20000000E-01
      6822    0.20000000E-01
      6823    0.20000000E-01
      6824    0.20000000E-01
      6825    0.20000000E-01
      6827    0.20000000E-01
      6828    0.20000000E-01
      6829    0.20000000E-01
      6830    0.20000000E-01
      6836    0.20000000E-01
      6839    0.20000000E-01
      6840    0.20000000E-01
      6841    0.20000000E-01
      6842    0.20000000E-01
      6847    0.20000000E-01
      6848    0.20000000E-01
      6849    0.20000000E-01
      6850    0.20000000E-01
      6851    0.20000000E-01
      6852    0.20000000E-01
      6853    0.20000000E-01
      6854    0.20000000E-01
      6855    0.20000000E-01
      6856    0.20000000E-01
      6893    0.20000000E-01
      6894    0.20000000E-01
      6895    0.20000000E-01
      6897    0.30000000E-01
      6898    0.30000000E-01
      6899    0.30000000E-01
      6900    0.30000000E-01
      6901    0.30000000E-01
      6902    0.30000000E-01
      6927    0.20000000E-01
      6933    0.20000000E-01
      6936    0.20000000E-01
      7228    0.20000000E-01
      7229    0.20000000E-01
      7230    0.20000000E-01
      7231    0.20000000E-01
      7232    0.20000000E-01
      7233    0.20000000E-01
      7234    0.20000000E-01
      7235    0.20000000E-01
      7236    0.20000000E-01
      7237    0.20000000E-01
      7238    0.20000000E-01
      7239    0.20000000E-01
      7240    0.20000000E-01
      7241    0.20000000E-01
      7244    0.20000000E-01
      7245    0.20000000E-01
      7246    0.20000000E-01
      7247    0.20000000E-01
      7248    0.20000000E-01
      7249    0.20000000E-01
      7251    0.20000000E-01
      7252    0.20000000E-01
      7253    0.20000000E-01
      7254    0.20000000E-01
      7255    0.20000000E-01
      7256    0.30000000E-01
      7257    0.20000000E-01
      7258    0.30000000E-01
      7259    0.20000000E-01
      7260    0.20000000E-01
      7262    0.20000000E-01
      7263    0.30000000E-01
      7277    0.20000000E-01
      7278    0.20000000E-01
      7279    0.20000000E-01
      7283    0.20000000E-01
      7284    0.30000000E-01
      7285    0.30000000E-01
      7286    0.30000000E-01
      7287    0.30000000E-01
      7288    0.30000000E-01
      7309    0.20000000E-01
      7310    0.20000000E-01
      7313    0.20000000E-01
      7316    0.20000000E-01
      7318    0.20000000E-01
      7319    0.20000000E-01
      7603    0.20000000E-01
      7604    0.20000000E-01
      7605    0.20000000E-01
      7606    0.20000000E-01
      7607    0.20000000E-01
      7608    0.20000000E-01
      7609    0.20000000E-01
      7610    0.20000000E-01
      7611    0.20000000E-01
      7612    0.20000000E-01
      7613    0.20000000E-01
      7614    0.20000000E-01
      7615    0.20000000E-01
      7616    0.20000000E-01
      7617    0.30000000E-01
      7618    0.20000000E-01
      7619    0.20000000E-01
      7620    0.20000000E-01
      7621    0.20000000E-01
      7622    0.20000000E-01
      7623    0.20000000E-01
      7626    0.20000000E-01
      7627    0.20000000E-01
      7628    0.20000000E-01
      7629    0.30000000E-01
      7630    0.30000000E-01
      7631    0.30000000E-01
      7632    0.30000000E-01
      7633    0.30000000E-01
      7634    0.30000000E-01
      7635    0.30000000E-01
      7636    0.30000000E-01
      7651    0.20000000E-01
      7652    0.20000000E-01
      7653    0.20000000E-01
      7654    0.20000000E-01
      7655    0.20000000E-01
      7656    0.30000000E-01
      7657    0.30000000E-01
      7658    0.30000000E-01
      7659    0.30000000E-01
      7660    0.30000000E-01
      7661    0.30000000E-01
      7976    0.20000000E-01
      7977    0.20000000E-01
      7978    0.20000000E-01
      7979    0.20000000E-01
      7980    0.20000000E-01
      7981    0.30000000E-01
      7982    0.20000000E-01
      7983    0.20000000E-01
      7984    0.30000000E-01
      7985    0.20000000E-01
      7986    0.20000000E-01
      7989    0.20000000E-01
      7990    0.20000000E-01
      7991    0.30000000E-01
      7992    0.30000000E-01
      7993    0.30000000E-01
      7994    0.30000000E-01
      7995    0.30000000E-01
      7996    0.30000000E-01
      7997    0.30000000E-01
      7998    0.30000000E-01
      7999    0.30000000E-01
      8000    0.30000000E-01
      8018    0.20000000E-01
      8019    0.20000000E-01
      8020    0.30000000E-01
      8021    0.30000000E-01
      8022    0.30000000E-01
      8023    0.30000000E-01
      8024    0.30000000E-01
      8025    0.30000000E-01
      8345    0.20000000E-01
      8357    0.20000000E-01
      8358    0.20000000E-01
      8359    0.20000000E-01
      8360    0.20000000E-01
      8361    0.20000000E-01
      8362    0.30000000E-01
      8363    0.30000000E-01
      8364    0.30000000E-01
      8365    0.20000000E-01
      8366    0.20000000E-01
      8367    0.20000000E-01
      8368    0.20000000E-01
      8369    0.20000000E-01
      8370    0.30000000E-01
      8371    0.30000000E-01
      8372    0.30000000E-01
      8373    0.30000000E-01
      8374    0.30000000E-01
      8375    0.30000000E-01
      8376    0.30000000E-01
      8377    0.30000000E-01
      8378    0.30000000E-01
      8379    0.30000000E-01
      8402    0.20000000E-01
      8403    0.20000000E-01
      8404    0.20000000E-01
      8405    0.30000000E-01
      8406    0.30000000E-01
      8407    0.30000000E-01
      8408    0.30000000E-01
      8409    0.30000000E-01
      8410    0.30000000E-01
      8411    0.30000000E-01
      8735    0.20000000E-01
      8736    0.20000000E-01
      8737    0.20000000E-01
      8747    0.20000000E-01
      8748    0.20000000E-01
      8749    0.20000000E-01
      8750    0.20000000E-01
      8751    0.20000000E-01
      8752    0.20000000E-01
      8753    0.20000000E-01
      8754    0.20000000E-01
      8755    0.20000000E-01
      8756    0.20000000E-01
      8757    0.20000000E-01
      8758    0.20000000E-01
      8759    0.30000000E-01
      8760    0.30000000E-01
      8761    0.30000000E-01
      8762    0.30000000E-01
      8763    0.30000000E-01
      8764    0.30000000E-01
      8765    0.30000000E-01
      8787    0.20000000E-01
      8788    0.20000000E-01
      8790    0.20000000E-01
      8791    0.20000000E-01
      8792    0.30000000E-01
      8793    0.30000000E-01
      8794    0.30000000E-01
      8795    0.30000000E-01
      8796    0.30000000E-01
      8797    0.30000000E-01
      8798    0.30000000E-01
      8799    0.30000000E-01
      8800    0.30000000E-01
      9128    0.20000000E-01
      9129    0.20000000E-01
      9130    0.20000000E-01
      9136    0.20000000E-01
      9137    0.20000000E-01
      9138    0.20000000E-01
      9139    0.20000000E-01
      9140    0.20000000E-01
      9141    0.20000000E-01
      9142    0.20000000E-01
      9143    0.20000000E-01
      9144    0.20000000E-01
      9145    0.20000000E-01
      9146    0.30000000E-01
      9147    0.30000000E-01
      9148    0.30000000E-01
      9149    0.30000000E-01
      9150    0.30000000E-01
      9151    0.30000000E-01
      9152    0.30000000E-01
      9153    0.30000000E-01
      9154    0.30000000E-01
      9155    0.30000000E-01
      9182    0.20000000E-01
      9183    0.20000000E-01
      9184    0.20000000E-01
      9185    0.20000000E-01
      9186    0.20000000E-01
      9187    0.20000000E-01
      9188    0.20000000E-01
      9189    0.20000000E-01
      9190    0.20000000E-01
      9191    0.20000000E-01
      9192    0.30000000E-01
      9193    0.30000000E-01
      9194    0.30000000E-01
      9195    0.30000000E-01
      9196    0.30000000E-01
      9197    0.30000000E-01
      9198    0.30000000E-01
      9199    0.30000000E-01
      9200    0.30000000E-01
      9527    0.20000000E-01
      9528    0.20000000E-01
      9529    0.20000000E-01
      9530    0.20000000E-01
      9531    0.20000000E-01
      9532    0.20000000E-01
      9533    0.20000000E-01
      9534    0.20000000E-01
      9535    0.20000000E-01
      9536    0.30000000E-01
      9537    0.30000000E-01
      9538    0.30000000E-01
      9539    0.30000000E-01
      9540    0.30000000E-01
      9541    0.30000000E-01
      9542    0.30000000E-01
      9543    0.30000000E-01
      9544    0.30000000E-01
      9545    0.30000000E-01
      9546    0.30000000E-01
      9547    0.20000000E-01
      9576    0.20000000E-01
      9577    0.20000000E-01
      9578    0.20000000E-01
      9579    0.20000000E-01
      9580    0.20000000E-01
      9581    0.20000000E-01
      9582    0.20000000E-01
      9583    0.20000000E-01
      9584    0.20000000E-01
      9585    0.20000000E-01
      9586    0.20000000E-01
      9587    0.30000000E-01
      9588    0.20000000E-01
      9589    0.20000000E-01
      9590    0.30000000E-01
      9591    0.30000000E-01
      9592    0.30000000E-01
      9593    0.30000000E-01
      9594    0.30000000E-01
      9595    0.30000000E-01
      9596    0.30000000E-01
      9924    0.20000000E-01
      9925    0.20000000E-01
      9926    0.20000000E-01
      9927    0.20000000E-01
      9928    0.20000000E-01
      9929    0.20000000E-01
      9930    0.20000000E-01
      9931    0.30000000E-01
      9932    0.30000000E-01
      9933    0.30000000E-01
      9934    0.30000000E-01
      9935    0.30000000E-01
      9936    0.30000000E-01
      9937    0.30000000E-01
      9938    0.20000000E-01
      9939    0.30000000E-01
      9940    0.30000000E-01
      9941    0.30000000E-01
      9951    0.20000000E-01
      9952    0.20000000E-01
      9953    0.20000000E-01
      9954    0.20000000E-01
      9955    0.20000000E-01
      9956    0.20000000E-01
      9957    0.20000000E-01
      9958    0.20000000E-01
      9959    0.20000000E-01
      9960    0.20000000E-01
      9961    0.20000000E-01
      9962    0.30000000E-01
      9963    0.20000000E-01
      9964    0.20000000E-01
      9965    0.20000000E-01
      9966    0.20000000E-01
      9967    0.20000000E-01
      9968    0.30000000E-01
      9969    0.20000000E-01
      9970    0.30000000E-01
      9971    0.30000000E-01
     10254    0.20000000E-01
     10255    0.20000000E-01
     10256    0.30000000E-01
     10257    0.30000000E-01
     10258    0.30000000E-01
     10259    0.30000000E-01
     10260    0.30000000E-01
     10261    0.20000000E-01
     10262    0.20000000E-01
     10263    0.20000000E-01
     10264    0.20000000E-01
     10265    0.30000000E-01
     10266    0.30000000E-01
     10267    0.30000000E-01
     10278    0.20000000E-01
     10279    0.20000000E-01
     10280    0.20000000E-01
     10281    0.20000000E-01
     10282    0.20000000E-01
     10283    0.20000000E-01
     10284    0.20000000E-01
     10285    0.20000000E-01
     10286    0.20000000E-01
     10287    0.20000000E-01
     10288    0.20000000E-01
     10289    0.20000000E-01
     10290    0.20000000E-01
     10291    0.20000000E-01
     10292    0.30000000E-01
     10293    0.30000000E-01
     10294    0.30000000E-01
     10295    0.30000000E-01
     10296    0.30000000E-01
     10541    0.30000000E-01
     10542    0.30000000E-01
     10543    0.30000000E-01
     10544    0.20000000E-01
     10545    0.20000000E-01
     10546    0.30000000E-01
     10547    0.20000000E-01
     10548    0.20000000E-01
     10549    0.30000000E-01
     10550    0.30000000E-01
     10551    0.30000000E-01
     10559    0.20000000E-01
     10560    0.20000000E-01
     10561    0.20000000E-01
     10562    0.20000000E-01
     10563    0.20000000E-01
     10564    0.20000000E-01
     10565    0.20000000E-01
     10566    0.20000000E-01
     10567    0.20000000E-01
     10568    0.20000000E-01
     10569    0.20000000E-01
     10570    0.20000000E-01
     10571    0.20000000E-01
     10572    0.20000000E-01
     10573    0.30000000E-01
     10574    0.30000000E-01
     10575    0.30000000E-01
     10576    0.20000000E-01
     10577    0.30000000E-01
     10783    0.30000000E-01
     10784    0.20000000E-01
     10785    0.20000000E-01
     10786    0.20000000E-01
     10787    0.20000000E-01
     10788    0.20000000E-01
     10789    0.20000000E-01
     10790    0.30000000E-01
     10791    0.30000000E-01
     10797    0.20000000E-01
     10798    0.20000000E-01
     10799    0.20000000E-01
     10800    0.20000000E-01
     10801    0.20000000E-01
     10802    0.20000000E-01
     10803    0.20000000E-01
     10804    0.20000000E-01
     10805    0.20000000E-01
     10806    0.20000000E-01
     10807    0.20000000E-01
     10808    0.20000000E-01
     10809    0.20000000E-01
     10810    0.30000000E-01
     10811    0.30000000E-01
     10812    0.30000000E-01
     10813    0.30000000E-01
     10814    0.20000000E-01
     10815    0.20000000E-01
     11006    0.20000000E-01
     11007    0.20000000E-01
     11008    0.30000000E-01
     11009    0.20000000E-01
     11010    0.20000000E-01
     11011    0.20000000E-01
     11012    0.20000000E-01
     11013    0.20000000E-01
     11014    0.20000000E-01
     11015    0.20000000E-01
     11016    0.20000000E-01
     11021    0.20000000E-01
     11022    0.20000000E-01
     11023    0.20000000E-01
     11024    0.20000000E-01
     11025    0.20000000E-01
     11026    0.20000000E-01
     11027    0.20000000E-01
     11028    0.20000000E-01
     11029    0.20000000E-01
     11030    0.20000000E-01
     11031    0.20000000E-01
     11032    0.20000000E-01
     11033    0.20000000E-01
     11034    0.30000000E-01
     11035    0.30000000E-01
     11036    0.30000000E-01
     11037    0.30000000E-01
     11038    0.30000000E-01
     11039    0.20000000E-01
     11040    0.30000000E-01
     11236    0.20000000E-01
     11237    0.20000000E-01
     11238    0.20000000E-01
     11239    0.20000000E-01
     11240    0.20000000E-01
     11241    0.20000000E-01
     11242    0.20000000E-01
     11243    0.20000000E-01
     11244    0.20000000E-01
     11245    0.20000000E-01
     11246    0.30000000E-01
     11247    0.20000000E-01
     11248    0.20000000E-01
     11249    0.20000000E-01
     11252    0.20000000E-01
     11253    0.20000000E-01
     11254    0.20000000E-01
     11255    0.20000000E-01
     11256    0.20000000E-01
     11257    0.20000000E-01
     11258    0.20000000E-01
     11259    0.20000000E-01
     11260    0.20000000E-01
     11261    0.20000000E-01
     11262    0.20000000E-01
     11263    0.20000000E-01
     11264    0.20000000E-01
     11265    0.30000000E-01
     11266    0.30000000E-01
     11454    0.20000000E-01
     11455    0.20000000E-01
     11456    0.30000000E-01
     11457    0.30000000E-01
     11458    0.20000000E-01
     11459    0.20000000E-01
     11460    0.20000000E-01
     11461    0.20000000E-01
     11462    0.20000000E-01
     11463    0.20000000E-01
     11464    0.20000000E-01
     11465    0.20000000E-01
     11466    0.20000000E-01
     11467    0.30000000E-01
     11468    0.20000000E-01
     11469    0.20000000E-01
     11470    0.20000000E-01
     11471    0.20000000E-01
     11472    0.20000000E-01
     11473    0.20000000E-01
     11474    0.20000000E-01
     11475    0.20000000E-01
     11476    0.20000000E-01
     11477    0.20000000E-01
     11478    0.20000000E-01
     11479    0.20000000E-01
     11480    0.20000000E-01
     11481    0.20000000E-01
     11482    0.20000000E-01
     11483    0.20000000E-01
     11484    0.20000000E-01
     11485    0.30000000E-01
     11486    0.30000000E-01
     11487    0.30000000E-01
     11488    0.30000000E-01
     11687    0.20000000E-01
     11688    0.20000000E-01
     11689    0.20000000E-01
     11690    0.20000000E-01
     11691    0.20000000E-01
     11692    0.20000000E-01
     11693    0.20000000E-01
     11694    0.20000000E-01
     11695    0.20000000E-01
     11696    0.20000000E-01
     11697    0.20000000E-01
     11698    0.20000000E-01
     11699    0.20000000E-01
     11700    0.20000000E-01
     11701    0.20000000E-01
     11702    0.20000000E-01
     11703    0.20000000E-01
     11704    0.20000000E-01
     11705    0.20000000E-01
     11706    0.20000000E-01
     11707    0.20000000E-01
     11708    0.20000000E-01
     11709    0.20000000E-01
     11710    0.30000000E-01
     11711    0.30000000E-01
     11712    0.30000000E-01
     11713    0.30000000E-01
     11917    0.20000000E-01
     11918    0.20000000E-01
     11919    0.20000000E-01
     11920    0.20000000E-01
     11921    0.20000000E-01
     11922    0.20000000E-01
     11923    0.20000000E-01
     11924    0.20000000E-01
     11925    0.20000000E-01
     11926    0.20000000E-01
     11927    0.20000000E-01
     11928    0.20000000E-01
     11929    0.20000000E-01
     11930    0.20000000E-01
     11931    0.20000000E-01
     11932    0.20000000E-01
     11933    0.20000000E-01
     11934    0.20000000E-01
     11935    0.20000000E-01
     11936    0.20000000E-01
     11937    0.20000000E-01
     11938    0.30000000E-01
     11939    0.30000000E-01
     11940    0.30000000E-01
     11941    0.30000000E-01
     12126    0.20000000E-01
     12127    0.20000000E-01
     12128    0.20000000E-01
     12129    0.20000000E-01
     12130    0.20000000E-01
     12131    0.20000000E-01
     12132    0.20000000E-01
     12133    0.20000000E-01
     12134    0.20000000E-01
     12135    0.20000000E-01
     12136    0.20000000E-01
     12137    0.20000000E-01
     12138    0.20000000E-01
     12139    0.20000000E-01
     12140    0.20000000E-01
     12141    0.20000000E-01
     12142    0.20000000E-01
     12143    0.20000000E-01
     12144    0.20000000E-01
     12145    0.20000000E-01
     12146    0.30000000E-01
     12147    0.30000000E-01
     12148    0.30000000E-01
     12149    0.30000000E-01
     12150    0.30000000E-01
     12332    0.20000000E-01
     12333    0.20000000E-01
     12334    0.20000000E-01
     12335    0.30000000E-01
     12336    0.30000000E-01
     12337    0.20000000E-01
     12338    0.20000000E-01
     12339    0.20000000E-01
     12340    0.20000000E-01
     12341    0.20000000E-01
     12342    0.20000000E-01
     12343    0.20000000E-01
     12344    0.20000000E-01
     12345    0.20000000E-01
     12346    0.20000000E-01
     12347    0.20000000E-01
     12348    0.20000000E-01
     12349    0.20000000E-01
     12350    0.20000000E-01
     12351    0.20000000E-01
     12352    0.30000000E-01
     12353    0.30000000E-01
     12354    0.30000000E-01
     12355    0.30000000E-01
     12356    0.30000000E-01
     12357    0.30000000E-01
     12540    0.20000000E-01
     12541    0.20000000E-01
     12542    0.20000000E-01
     12543    0.20000000E-01
     12544    0.20000000E-01
     12545    0.20000000E-01
     12546    0.20000000E-01
     12547    0.20000000E-01
     12548    0.20000000E-01
     12549    0.20000000E-01
     12550    0.20000000E-01
     12551    0.20000000E-01
     12552    0.20000000E-01
     12553    0.20000000E-01
     12554    0.20000000E-01
     12555    0.20000000E-01
     12556    0.20000000E-01
     12557    0.20000000E-01
     12558    0.30000000E-01
     12559    0.30000000E-01
     12560    0.30000000E-01
     12561    0.30000000E-01
     12562    0.30000000E-01
     12563    0.30000000E-01
     12564    0.30000000E-01
     12565    0.30000000E-01
     12770    0.20000000E-01
     12771    0.20000000E-01
     12772    0.20000000E-01
     12773    0.20000000E-01
     12774    0.20000000E-01
     12775    0.20000000E-01
     12776    0.20000000E-01
     12777    0.20000000E-01
     12778    0.20000000E-01
     12779    0.20000000E-01
     12780    0.30000000E-01
     12781    0.30000000E-01
     12782    0.30000000E-01
     12783    0.20000000E-01
     12784    0.30000000E-01
     12785    0.30000000E-01
     12786    0.30000000E-01
     12787    0.30000000E-01
     13016    0.20000000E-01
     13017    0.20000000E-01
     13018    0.20000000E-01
     13019    0.20000000E-01
     13020    0.30000000E-01
     13021    0.30000000E-01
     13022    0.30000000E-01
     13262    0.20000000E-01
     13263    0.20000000E-01
     13264    0.20000000E-01
     13265    0.20000000E-01
     13266    0.30000000E-01
     13267    0.30000000E-01
     13533    0.20000000E-01
     13534    0.20000000E-01
     13535    0.20000000E-01
     13828    0.20000000E-01
     13829    0.20000000E-01
     13830    0.20000000E-01
     14141    0.30000000E-01
mannings_n_at_sea_floor                                                         
           0
