FileFmt      1050624           0           0
NELG           58369        2590        2285
       31929
       31947
       32050
       32066
       32137
       32142
       32169
       32176
       32225
       32248
       32273
       32281
       32392
       32399
       32412
       32421
       32455
       32477
       32489
       32549
       32595
       32650
       32696
       32734
       32736
       32760
       32793
       32800
       32820
       32825
       32881
       32922
       32923
       32928
       32963
       33043
       33052
       33055
       33076
       33098
       33119
       33126
       33135
       33164
       33172
       33188
       33198
       33287
       33291
       33329
       33345
       33354
       33364
       33370
       33381
       33384
       33394
       33395
       33450
       33455
       33467
       33533
       33535
       33546
       33565
       33570
       33576
       33593
       33595
       33600
       33629
       33637
       33661
       33684
       33693
       33735
       33736
       33740
       33764
       33777
       33789
       33799
       33801
       33803
       33811
       33825
       33828
       33837
       33845
       33852
       33863
       33887
       33889
       33894
       33906
       33919
       33920
       33924
       33947
       33951
       33977
       33978
       33986
       33987
       33989
       33994
       33996
       34000
       34014
       34019
       34025
       34036
       34055
       34060
       34066
       34069
       34071
       34085
       34099
       34102
       34109
       34111
       34115
       34122
       34139
       34150
       34152
       34154
       34162
       34168
       34170
       34181
       34201
       34202
       34203
       34212
       34213
       34220
       34221
       34223
       34225
       34227
       34234
       34236
       34245
       34251
       34259
       34260
       34271
       34297
       34299
       34302
       34304
       34308
       34316
       34326
       34327
       34336
       34348
       34349
       34350
       34351
       34361
       34362
       34364
       34368
       34386
       34394
       34404
       34412
       34420
       34427
       34440
       34444
       34446
       34452
       34454
       34459
       34461
       34465
       34470
       34474
       34482
       34484
       34489
       34495
       34507
       34511
       34512
       34513
       34516
       34517
       34531
       34533
       34552
       34553
       34559
       34561
       34563
       34565
       34578
       34586
       34596
       34598
       34606
       34608
       34609
       34616
       34625
       34629
       34632
       34643
       34647
       34653
       34654
       34657
       34658
       34660
       34662
       34664
       34666
       34670
       34677
       34680
       34681
       34690
       34696
       34702
       34710
       34716
       34718
       34724
       34725
       34729
       34731
       34732
       34733
       34734
       34740
       34742
       34744
       34745
       34747
       34752
       34756
       34775
       34776
       34777
       34778
       34780
       34781
       34783
       34789
       34793
       34795
       34800
       34804
       34807
       34810
       34812
       34813
       34817
       34820
       34823
       34827
       34829
       34836
       34837
       34838
       34839
       34840
       34841
       34843
       34844
       34845
       34849
       34850
       34851
       34852
       34862
       34864
       34872
       34873
       34874
       34876
       34877
       34879
       34882
       34883
       34888
       34896
       34898
       34899
       34900
       34903
       34906
       34910
       34911
       34912
       34913
       34916
       34921
       34923
       34928
       34929
       34938
       34939
       34941
       34945
       34946
       34947
       34948
       34953
       34954
       34955
       34956
       34958
       34959
       34966
       34977
       34978
       34979
       34980
       34983
       34989
       34990
       34995
       34996
       34998
       35001
       35004
       35013
       35016
       35018
       35020
       35021
       35029
       35030
       35031
       35032
       35036
       35037
       35043
       35046
       35047
       35052
       35055
       35061
       35062
       35064
       35066
       35067
       35069
       35073
       35074
       35077
       35079
       35080
       35083
       35086
       35089
       35091
       35093
       35095
       35096
       35097
       35098
       35100
       35102
       35103
       35104
       35106
       35112
       35118
       35121
       35123
       35124
       35130
       35135
       35137
       35142
       35147
       35150
       35152
       35154
       35155
       35156
       35157
       35158
       35160
       35162
       35164
       35166
       35167
       35168
       35169
       35171
       35176
       35178
       35182
       35185
       35194
       35199
       35203
       35204
       35205
       35206
       35210
       35211
       35212
       35213
       35219
       35222
       35223
       35225
       35228
       35231
       35232
       35234
       35235
       35237
       35241
       35243
       35244
       35246
       35248
       35252
       35255
       35257
       35260
       35262
       35265
       35269
       35270
       35271
       35275
       35276
       35277
       35279
       35282
       35295
       35296
       35303
       35304
       35308
       35311
       35312
       35314
       35315
       35316
       35317
       35323
       35324
       35326
       35327
       35328
       35332
       35335
       35341
       35344
       35347
       35350
       35351
       35353
       35355
       35358
       35364
       35366
       35368
       35371
       35372
       35373
       35374
       35377
       35386
       35387
       35391
       35395
       35397
       35401
       35412
       35413
       35415
       35416
       35420
       35421
       35422
       35423
       35428
       35429
       35434
       35436
       35437
       35438
       35441
       35442
       35444
       35446
       35447
       35454
       35456
       35461
       35463
       35471
       35474
       35480
       35481
       35488
       35489
       35493
       35500
       35502
       35503
       35504
       35510
       35511
       35514
       35516
       35517
       35518
       35525
       35532
       35539
       35540
       35544
       35554
       35555
       35557
       35559
       35561
       35562
       35563
       35572
       35578
       35584
       35586
       35587
       35590
       35610
       35614
       35621
       35622
       35623
       35625
       35634
       35640
       35645
       35648
       35654
       35657
       35661
       35665
       35666
       35673
       35675
       35678
       35686
       35687
       35695
       35702
       35707
       35708
       35710
       35714
       35724
       35726
       35729
       35731
       35738
       35740
       35743
       35751
       35754
       35755
       35758
       35764
       35766
       35775
       35783
       35797
       35798
       35799
       35800
       35809
       35811
       35812
       35821
       35824
       35825
       35827
       35829
       35837
       35839
       35840
       35850
       35854
       35855
       35856
       35859
       35866
       35873
       35881
       35882
       35886
       35893
       35899
       35901
       35922
       35924
       35926
       35928
       35932
       35934
       35940
       35945
       35953
       35959
       35964
       35969
       35973
       35977
       35980
       35988
       35991
       35996
       35999
       36017
       36024
       36028
       36031
       36034
       36038
       36039
       36042
       36047
       36056
       36057
       36058
       36061
       36069
       36070
       36071
       36075
       36080
       36083
       36090
       36096
       36099
       36103
       36109
       36112
       36113
       36114
       36115
       36125
       36129
       36134
       36138
       36147
       36152
       36158
       36159
       36161
       36162
       36173
       36176
       36186
       36188
       36191
       36197
       36200
       36203
       36208
       36209
       36212
       36216
       36223
       36226
       36229
       36239
       36241
       36243
       36245
       36246
       36250
       36260
       36262
       36265
       36270
       36277
       36282
       36292
       36296
       36298
       36299
       36302
       36310
       36313
       36316
       36321
       36327
       36329
       36332
       36338
       36339
       36340
       36347
       36349
       36351
       36359
       36365
       36369
       36372
       36378
       36380
       36381
       36386
       36388
       36394
       36398
       36401
       36410
       36415
       36421
       36422
       36423
       36434
       36435
       36436
       36437
       36440
       36441
       36443
       36450
       36453
       36463
       36465
       36466
       36483
       36486
       36489
       36492
       36493
       36495
       36498
       36500
       36501
       36503
       36505
       36511
       36519
       36524
       36525
       36526
       36535
       36536
       36540
       36543
       36544
       36548
       36551
       36554
       36560
       36562
       36569
       36574
       36578
       36585
       36587
       36590
       36593
       36602
       36613
       36615
       36616
       36626
       36628
       36639
       36640
       36644
       36645
       36651
       36654
       36656
       36658
       36662
       36664
       36667
       36669
       36671
       36674
       36675
       36679
       36688
       36689
       36696
       36697
       36698
       36700
       36705
       36706
       36709
       36712
       36715
       36717
       36722
       36727
       36728
       36733
       36734
       36740
       36742
       36744
       36748
       36750
       36751
       36753
       36760
       36764
       36765
       36768
       36772
       36780
       36782
       36784
       36786
       36788
       36795
       36796
       36800
       36801
       36805
       36810
       36811
       36812
       36813
       36814
       36817
       36819
       36821
       36832
       36836
       36840
       36841
       36845
       36848
       36849
       36850
       36851
       36864
       36869
       36875
       36877
       36879
       36883
       36885
       36886
       36887
       36890
       36892
       36899
       36901
       36903
       36907
       36911
       36913
       36915
       36918
       36921
       36924
       36932
       36933
       36937
       36946
       36948
       36949
       36954
       36956
       36960
       36962
       36963
       36969
       36973
       36975
       36982
       36983
       36984
       36987
       36988
       36992
       36996
       36998
       37003
       37004
       37006
       37007
       37008
       37014
       37017
       37020
       37022
       37023
       37026
       37027
       37028
       37035
       37041
       37046
       37047
       37050
       37052
       37053
       37054
       37055
       37056
       37059
       37065
       37076
       37077
       37078
       37082
       37084
       37086
       37087
       37088
       37090
       37093
       37095
       37096
       37097
       37103
       37104
       37106
       37108
       37109
       37122
       37123
       37124
       37126
       37128
       37129
       37130
       37134
       37135
       37136
       37138
       37139
       37142
       37145
       37146
       37147
       37148
       37149
       37151
       37152
       37154
       37155
       37157
       37158
       37159
       37161
       37162
       37163
       37164
       37167
       37174
       37176
       37179
       37181
       37183
       37184
       37186
       37190
       37191
       37192
       37193
       37194
       37196
       37198
       37199
       37201
       37202
       37204
       37205
       37207
       37210
       37211
       37215
       37216
       37217
       37218
       37220
       37221
       37223
       37224
       37225
       37228
       37232
       37233
       37234
       37235
       37238
       37240
       37241
       37242
       37243
       37244
       37245
       37247
       37250
       37251
       37252
       37255
       37256
       37257
       37259
       37261
       37262
       37264
       37271
       37272
       37273
       37274
       37276
       37278
       37279
       37282
       37283
       37285
       37287
       37288
       37289
       37290
       37292
       37294
       37295
       37296
       37298
       37299
       37300
       37301
       37305
       37306
       37308
       37310
       37313
       37315
       37321
       37322
       37323
       37324
       37325
       37326
       37328
       37329
       37330
       37331
       37333
       37335
       37336
       37337
       37339
       37340
       37341
       37342
       37343
       37346
       37348
       37350
       37352
       37353
       37356
       37358
       37359
       37362
       37365
       37366
       37369
       37371
       37373
       37375
       37377
       37378
       37380
       37382
       37384
       37389
       37394
       37395
       37397
       37398
       37399
       37401
       37402
       37404
       37405
       37406
       37407
       37408
       37411
       37414
       37419
       37420
       37421
       37425
       37428
       37429
       37431
       37432
       37434
       37435
       37436
       37437
       37440
       37442
       37444
       37448
       37453
       37455
       37457
       37462
       37464
       37465
       37466
       37467
       37469
       37476
       37481
       37482
       37484
       37485
       37486
       37488
       37493
       37494
       37495
       37502
       37503
       37504
       37506
       37507
       37508
       37511
       37512
       37513
       37514
       37516
       37517
       37519
       37520
       37526
       37529
       37531
       37532
       37537
       37538
       37539
       37542
       37544
       37546
       37548
       37550
       37551
       37554
       37560
       37561
       37565
       37570
       37571
       37575
       37577
       37580
       37581
       37586
       37603
       37608
       37612
       37615
       37616
       37619
       37622
       37623
       37632
       37634
       37635
       37645
       37646
       37647
       37649
       37653
       37658
       37659
       37665
       37666
       37668
       37672
       37673
       37674
       37677
       37680
       37684
       37685
       37686
       37688
       37690
       37691
       37692
       37694
       37701
       37713
       37714
       37719
       37724
       37725
       37728
       37730
       37732
       37739
       37741
       37749
       37750
       37752
       37753
       37755
       37757
       37759
       37765
       37766
       37770
       37781
       37784
       37785
       37787
       37791
       37794
       37795
       37806
       37807
       37814
       37818
       37824
       37825
       37829
       37832
       37834
       37835
       37836
       37837
       37838
       37841
       37842
       37843
       37847
       37849
       37856
       37864
       37865
       37868
       37871
       37873
       37874
       37875
       37876
       37880
       37883
       37889
       37896
       37901
       37906
       37908
       37911
       37915
       37916
       37917
       37925
       37930
       37932
       37935
       37937
       37938
       37941
       37943
       37944
       37945
       37948
       37951
       37957
       37958
       37965
       37966
       37968
       37969
       37973
       37974
       37978
       37979
       37984
       37988
       37989
       37996
       37997
       37998
       38001
       38006
       38007
       38008
       38013
       38017
       38021
       38022
       38024
       38025
       38026
       38028
       38031
       38036
       38039
       38043
       38044
       38046
       38047
       38048
       38052
       38053
       38054
       38058
       38060
       38061
       38065
       38067
       38068
       38073
       38074
       38075
       38078
       38079
       38081
       38084
       38089
       38090
       38091
       38092
       38096
       38099
       38104
       38106
       38109
       38110
       38111
       38114
       38118
       38120
       38123
       38125
       38127
       38128
       38133
       38134
       38138
       38139
       38143
       38146
       38149
       38150
       38151
       38152
       38156
       38158
       38159
       38160
       38161
       38162
       38163
       38164
       38167
       38168
       38169
       38170
       38172
       38173
       38174
       38176
       38178
       38180
       38181
       38182
       38184
       38185
       38187
       38188
       38194
       38195
       38196
       38197
       38198
       38199
       38201
       38202
       38203
       38204
       38207
       38208
       38209
       38210
       38214
       38215
       38219
       38222
       38224
       38225
       38228
       38230
       38235
       38237
       38240
       38243
       38246
       38248
       38249
       38251
       38255
       38256
       38257
       38262
       38264
       38265
       38267
       38268
       38269
       38272
       38274
       38276
       38277
       38278
       38282
       38283
       38287
       38288
       38289
       38290
       38293
       38294
       38298
       38306
       38311
       38312
       38313
       38316
       38318
       38321
       38325
       38326
       38328
       38329
       38330
       38331
       38332
       38333
       38334
       38335
       38337
       38338
       38339
       38340
       38341
       38346
       38348
       38350
       38351
       38352
       38358
       38359
       38363
       38364
       38365
       38366
       38368
       38371
       38372
       38373
       38375
       38376
       38377
       38379
       38383
       38386
       38388
       38390
       38391
       38396
       38401
       38402
       38403
       38405
       38406
       38409
       38411
       38412
       38416
       38417
       38418
       38419
       38422
       38423
       38425
       38426
       38427
       38431
       38433
       38434
       38438
       38439
       38440
       38441
       38442
       38443
       38445
       38446
       38448
       38451
       38453
       38456
       38460
       38461
       38468
       38470
       38471
       38472
       38474
       38477
       38479
       38480
       38481
       38483
       38485
       38486
       38488
       38489
       38496
       38498
       38501
       38504
       38510
       38513
       38515
       38516
       38517
       38520
       38522
       38525
       38528
       38529
       38530
       38532
       38537
       38538
       38539
       38540
       38542
       38545
       38548
       38550
       38552
       38554
       38555
       38557
       38559
       38562
       38564
       38565
       38567
       38568
       38569
       38570
       38573
       38574
       38577
       38578
       38579
       38580
       38581
       38583
       38584
       38585
       38587
       38592
       38593
       38595
       38605
       38606
       38608
       38609
       38611
       38613
       38616
       38618
       38619
       38620
       38621
       38626
       38627
       38629
       38630
       38633
       38638
       38639
       38640
       38641
       38642
       38644
       38646
       38647
       38648
       38651
       38652
       38653
       38654
       38655
       38657
       38658
       38659
       38660
       38661
       38662
       38663
       38666
       38667
       38668
       38669
       38670
       38671
       38672
       38673
       38674
       38676
       38680
       38682
       38683
       38684
       38688
       38691
       38692
       38693
       38694
       38695
       38696
       38697
       38699
       38701
       38703
       38704
       38705
       38707
       38708
       38709
       38711
       38712
       38713
       38715
       38717
       38718
       38721
       38722
       38724
       38725
       38728
       38729
       38730
       38731
       38732
       38733
       38735
       38737
       38744
       38745
       38746
       38747
       38748
       38749
       38750
       38751
       38752
       38753
       38754
       38757
       38758
       38759
       38762
       38763
       38764
       38765
       38767
       38768
       38769
       38771
       38774
       38778
       38779
       38780
       38784
       38786
       38790
       38791
       38792
       38795
       38801
       38802
       38803
       38804
       38805
       38806
       38808
       38809
       38810
       38811
       38815
       38817
       38822
       38824
       38825
       38826
       38829
       38832
       38833
       38834
       38835
       38836
       38839
       38840
       38842
       38843
       38845
       38846
       38848
       38851
       38853
       38854
       38855
       38856
       38857
       38858
       38860
       38861
       38862
       38865
       38866
       38867
       38868
       38869
       38870
       38871
       38872
       38873
       38874
       38875
       38876
       38878
       38880
       38881
       38882
       38886
       38887
       38888
       38889
       38890
       38891
       38892
       38893
       38895
       38897
       38898
       38899
       38902
       38903
       38904
       38907
       38908
       38912
       38913
       38914
       38915
       38916
       38917
       38918
       38920
       38921
       38922
       38925
       38926
       38927
       38929
       38930
       38932
       38934
       38935
       38936
       38938
       38940
       38941
       38942
       38944
       38946
       38948
       38951
       38952
       38954
       38955
       38956
       38957
       38959
       38960
       38961
       38963
       38964
       38966
       38968
       38970
       38973
       38974
       38975
       38976
       38977
       38978
       38979
       38980
       38981
       38983
       38984
       38985
       38987
       38989
       38990
       38994
       38995
       38996
       38998
       38999
       39000
       39001
       39002
       39003
       39006
       39007
       39008
       39013
       39016
       39019
       39020
       39022
       39023
       39025
       39030
       39032
       39034
       39035
       39037
       39040
       39041
       39042
       39043
       39044
       39045
       39046
       39047
       39050
       39051
       39052
       39054
       39055
       39056
       39059
       39064
       39065
       39066
       39070
       39071
       39076
       39080
       39081
       39083
       39084
       39085
       39086
       39089
       39092
       39093
       39094
       39095
       39096
       39098
       39099
       39100
       39101
       39102
       39103
       39105
       39106
       39108
       39110
       39112
       39114
       39116
       39118
       39119
       39122
       39125
       39128
       39129
       39131
       39132
       39133
       39135
       39137
       39139
       39140
       39142
       39143
       39144
       39145
       39148
       39149
       39152
       39153
       39154
       39155
       39156
       39157
       39158
       39159
       39160
       39161
       39162
       39163
       39164
       39166
       39170
       39172
       39173
       39176
       39179
       39180
       39184
       39186
       39187
       39188
       39189
       39190
       39191
       39193
       39194
       39195
       39196
       39198
       39199
       39200
       39202
       39204
       39206
       39207
       39209
       39211
       39212
       39213
       39214
       39215
       39216
       39219
       39221
       39232
       39233
       39234
       39235
       39237
       39240
       39242
       39243
       39246
       39248
       39250
       39252
       39253
       39255
       39257
       39258
       39259
       39260
       39261
       39262
       39263
       39264
       39266
       39268
       39271
       39273
       39274
       39276
       39277
       39278
       39279
       39280
       39281
       39282
       39283
       39286
       39287
       39288
       39289
       39290
       39291
       39293
       39294
       39295
       39296
       39299
       39300
       39301
       39302
       39304
       39305
       39306
       39307
       39308
       39309
       39310
       39311
       39313
       39314
       39315
       39316
       39317
       39318
       39319
       39320
       39321
       39322
       39326
       39327
       39328
       39329
       39330
       39331
       39332
       39333
       39334
       39335
       39336
       39337
       39338
       39339
       39340
       39342
       39343
       39344
       39345
       39346
       39347
       39348
       39350
       39351
       39352
       39353
       39355
       39356
       39358
       39359
       39360
       39361
       39362
       39363
       39364
       39365
       39366
       39368
       39369
       39370
       39371
       39372
       39373
       39374
       39375
       39376
       39378
       39379
       39381
       39383
       39384
       39385
       39386
       39387
       39389
       39391
       39392
       39393
       39394
       39395
       39396
       39397
       39398
       39400
       39403
       39404
       39405
       39406
       39407
       39409
       39410
       39411
       39412
       39413
       39414
       39417
       39418
       39419
       39420
       39421
       39422
       39423
       39424
       39425
       39426
       39427
       39428
       39429
       39430
       39431
       39433
       39434
       39435
       39436
       39437
       39438
       39439
       39440
       39441
       39442
       39446
       39449
       39450
       39451
       39452
       39453
       39454
       39455
       39456
       39457
       39458
       39459
       39460
       39461
       39462
       39463
       39464
       39465
       39466
       39467
       39468
       39469
       39472
       39473
       39474
       39475
       39476
       39477
       39478
       39479
       39480
       39481
       39482
       39483
       39485
       39488
       39489
       39490
       39491
       39492
       39493
       39494
       39495
       39496
       39497
       39498
       39500
       39502
       39503
       39504
       39505
       39506
       39508
       39510
       39511
       39512
       39514
       39515
       39516
       39517
       39518
       39519
       39520
       39522
       39523
       39525
       39526
       39527
       39529
       39530
       39531
       39532
       39533
       39534
       39535
       39536
       39537
       39538
       39539
       39540
       39542
       39543
       39544
       39545
       39549
       39550
       39551
       39553
       39555
       39556
       39557
       39558
       39560
       39561
       39562
       39563
       39564
       39569
       39571
       39572
       39573
       39574
       39575
       39576
       39579
       39580
       39581
       39582
       39583
       39584
       39586
       39587
       39588
       39589
       39590
       39591
       39593
       39594
       39596
       39599
       39600
       39603
       39604
       39605
       39607
       39609
       39610
       39611
       39612
       39613
       39618
       39621
       39626
       39627
       39630
       39634
       39636
       39642
       39647
       39651
       39654
       39669
       39674
       39679
       39680
       39688
       39691
       39692
       39698
       39713
NNODG          31435        1437        1437
       -2861
       -2862
       -2864
       -2865
       -2866
       -2950
       -3058
        3059
        3060
       -3061
        3062
        3064
        3065
       -3146
       -3147
        3148
        3250
        3251
        3252
        3253
       -3254
        3255
        3256
        3259
        3260
        3346
       -3347
        3348
        3349
        3436
        3437
        3438
        3439
        3440
       -3441
        3442
        3443
        3444
        3448
        3449
        3543
       -3544
        3545
        3546
        3622
        3623
        3624
        3625
        3626
        3627
        3628
       -3629
        3630
        3631
        3632
        3633
        3638
        3639
        3743
        3744
       -3745
        3746
        3747
        3748
        3804
        3805
        3806
        3807
        3808
        3809
        3810
        3811
        3812
       -3813
        3814
        3815
        3816
        3817
        3818
        3819
        3825
        3942
        3943
       -3944
        3945
        3946
        3947
        3974
        3975
        3976
        3977
        3978
        3979
        3980
        3981
        3982
        3983
       -3984
        3985
        3986
        3987
        3988
        3989
        3990
        3991
        3992
        3999
        4121
        4122
        4123
       -4124
        4125
        4126
        4127
        4146
        4147
        4148
        4149
        4150
        4151
        4152
        4153
        4154
       -4156
        4157
        4158
        4159
        4160
        4161
        4162
        4163
        4164
        4172
        4173
        4174
        4311
        4312
        4313
       -4314
        4315
        4316
        4317
        4318
        4338
        4339
        4340
        4341
        4342
        4343
        4344
        4345
        4346
        4347
        4348
       -4352
        4353
        4354
        4355
        4356
        4357
        4358
        4359
        4360
        4361
        4370
        4371
        4372
        4521
        4522
        4523
        4524
       -4525
        4526
        4527
        4540
        4541
        4542
        4543
        4544
        4545
        4546
        4547
        4548
        4549
        4550
        4551
        4552
       -4557
        4558
        4559
        4560
        4561
        4562
        4563
        4564
        4565
        4566
        4567
        4568
        4579
        4580
        4581
        4582
        4753
        4754
        4755
        4756
        4757
       -4758
        4759
        4760
        4761
        4768
        4769
        4770
        4771
        4772
        4773
        4774
        4775
        4776
        4777
        4778
        4779
        4780
        4781
        4782
        4783
       -4790
        4791
        4792
        4793
        4794
        4795
        4796
        4797
        4798
        4799
        4800
        4801
        4802
        4803
        4804
        4805
        4806
        4807
        4822
        4823
        4824
        4825
        4826
        4827
        5009
        5010
        5011
        5012
        5013
        5014
       -5015
        5016
        5017
        5018
        5019
        5023
        5024
        5025
        5026
        5027
        5028
        5029
        5030
        5031
        5032
        5033
        5034
        5035
        5036
        5037
        5038
        5039
        5040
        5041
        5042
       -5051
        5052
        5053
        5054
        5055
        5056
        5057
        5058
        5059
        5060
        5061
        5062
        5063
        5064
        5065
        5066
        5067
        5068
        5069
        5070
        5071
        5072
        5073
        5090
        5091
        5092
        5093
        5094
        5095
        5298
        5299
       -5300
        5301
        5302
        5303
        5304
        5305
        5307
        5308
        5309
        5310
        5311
        5312
        5316
        5317
        5318
        5319
        5320
        5321
        5322
        5323
        5324
        5325
        5326
        5327
        5328
        5329
        5330
        5331
        5332
        5333
        5334
        5335
        5336
       -5348
        5350
        5351
        5352
        5353
        5354
        5355
        5356
        5357
        5358
        5359
        5360
        5361
        5362
        5363
        5364
        5365
        5366
        5367
        5368
        5369
        5370
        5371
        5372
        5373
        5374
        5375
        5376
        5377
        5390
        5391
        5392
        5393
        5394
        5395
        5396
        5397
        5398
        5630
        5631
        5632
       -5633
       -5634
        5635
        5636
        5637
        5640
        5641
        5642
        5643
        5644
        5645
        5646
        5649
        5650
        5651
        5652
        5653
        5654
        5655
        5656
        5657
        5658
        5659
        5660
        5661
        5662
        5663
        5664
        5665
        5666
        5667
        5668
        5669
        5670
        5671
        5687
       -5688
        5690
        5691
        5692
        5693
        5694
        5695
        5696
        5697
        5698
        5699
        5700
        5701
        5702
        5703
        5704
        5705
        5706
        5707
        5708
        5709
        5710
        5711
        5712
        5713
        5714
        5715
        5716
        5717
        5718
        5719
        5720
        5721
        5733
        5734
        5735
        5736
        5737
        5738
        5739
        5740
        5741
        5742
        5743
        5996
        5997
        5998
        5999
        6000
       -6002
        6004
        6005
        6006
        6007
        6012
        6013
        6014
        6015
        6016
        6017
        6020
        6021
        6022
        6023
        6024
        6025
        6026
        6027
        6028
        6029
        6030
        6031
        6032
        6033
        6034
        6035
        6036
        6037
        6038
        6039
        6040
        6041
        6042
        6043
        6044
        6067
        6068
       -6069
        6071
        6072
        6073
        6074
        6075
        6076
        6077
        6078
        6079
        6080
        6081
        6082
        6083
        6084
        6085
        6086
        6087
        6088
        6089
        6090
        6091
        6092
        6093
        6094
        6095
        6096
        6097
        6098
        6099
        6100
        6101
        6102
        6103
        6104
        6105
        6106
        6107
        6108
        6109
        6110
        6111
        6112
        6113
        6129
        6130
        6131
        6132
        6133
        6134
        6135
        6136
        6137
        6138
        6139
        6140
        6141
        6142
        6401
        6402
        6403
        6404
        6405
        6406
        6407
       -6408
        6416
        6417
        6418
        6419
        6422
        6423
        6424
        6425
        6426
        6427
        6428
        6429
        6430
        6431
        6432
        6433
        6434
        6435
        6436
        6437
        6438
        6439
        6440
        6441
        6442
        6443
        6444
        6445
        6446
        6447
        6448
        6449
        6450
        6480
        6481
        6482
        6483
        6484
        6485
        6486
        6487
        6488
        6489
        6490
        6491
        6492
        6493
        6494
        6495
        6496
        6497
        6498
        6499
        6500
        6501
        6502
        6503
        6504
        6505
        6506
        6507
        6508
        6509
        6510
        6511
        6512
        6513
        6514
        6515
        6516
        6517
        6518
        6535
        6536
        6537
        6538
        6539
        6540
        6541
        6542
        6543
        6544
        6545
        6546
        6547
        6548
        6549
        6550
        6551
        6552
        6820
        6821
        6822
        6823
        6824
        6825
        6827
        6828
        6829
        6830
        6831
        6832
        6833
        6834
        6835
        6836
        6837
        6838
        6839
        6840
        6841
        6842
        6843
        6844
        6845
        6846
        6847
        6848
        6849
        6850
        6851
        6852
        6853
        6854
        6855
        6856
        6881
        6882
        6883
        6884
        6885
        6886
        6887
        6888
        6889
        6890
        6891
        6892
        6893
        6894
        6895
        6896
        6897
        6898
        6899
        6900
        6901
        6902
        6923
        6924
        6925
        6926
        6927
        6928
        6929
        6930
        6931
        6932
        6933
        6934
        6935
        6936
        6937
        6938
        6939
        6940
        6941
        6942
        6943
        6944
        6945
        6946
        6947
        7228
        7229
        7230
        7231
        7232
        7233
        7234
        7235
        7236
        7237
        7238
        7239
        7240
        7241
        7242
        7243
        7244
        7245
        7246
        7247
        7248
        7249
        7250
        7251
        7252
        7253
        7254
        7255
        7256
        7257
        7258
        7259
        7260
        7261
        7262
        7263
        7276
        7277
        7278
        7279
        7280
        7281
        7282
        7283
        7284
        7285
        7286
        7287
        7288
        7306
        7307
        7308
        7309
        7310
        7311
        7312
        7313
        7314
        7315
        7316
        7317
        7318
        7319
        7603
        7604
        7605
        7606
        7607
        7608
        7609
        7610
        7611
        7612
        7613
        7614
        7615
        7616
        7617
        7618
        7619
        7620
        7621
        7622
        7623
        7624
        7625
        7626
        7627
        7628
        7629
        7630
        7631
        7632
        7633
        7634
        7635
        7636
        7651
        7652
        7653
        7654
        7655
        7656
        7657
        7658
        7659
        7660
        7661
        7976
        7977
        7978
        7979
        7980
        7981
        7982
        7983
        7984
        7985
        7986
        7987
        7988
        7989
        7990
        7991
        7992
        7993
        7994
        7995
        7996
        7997
        7998
        7999
        8000
        8018
        8019
        8020
        8021
        8022
        8023
        8024
        8025
       -8345
        8357
        8358
        8359
        8360
        8361
        8362
        8363
        8364
        8365
        8366
        8367
        8368
        8369
        8370
        8371
        8372
        8373
        8374
        8375
        8376
        8377
        8378
        8379
        8402
        8403
        8404
        8405
        8406
        8407
        8408
        8409
        8410
        8411
       -8735
        8736
       -8737
        8747
        8748
        8749
        8750
        8751
        8752
        8753
        8754
        8755
        8756
        8757
        8758
        8759
        8760
        8761
        8762
        8763
        8764
        8765
        8787
        8788
        8789
        8790
        8791
        8792
        8793
        8794
        8795
        8796
        8797
        8798
        8799
        8800
        9128
        9129
        9130
        9136
        9137
        9138
        9139
        9140
        9141
        9142
        9143
        9144
        9145
        9146
        9147
        9148
        9149
        9150
        9151
        9152
        9153
        9154
        9155
        9182
        9183
        9184
        9185
        9186
        9187
        9188
        9189
        9190
        9191
        9192
        9193
        9194
        9195
        9196
        9197
        9198
        9199
        9200
        9527
        9528
        9529
        9530
        9531
        9532
        9533
        9534
        9535
        9536
        9537
        9538
        9539
        9540
        9541
        9542
        9543
        9544
        9545
        9546
        9547
        9576
        9577
        9578
        9579
        9580
        9581
        9582
        9583
        9584
        9585
        9586
        9587
        9588
        9589
        9590
        9591
        9592
        9593
        9594
        9595
        9596
        9924
        9925
        9926
        9927
        9928
        9929
        9930
        9931
        9932
        9933
        9934
        9935
        9936
        9937
        9938
        9939
        9940
        9941
        9951
        9952
        9953
        9954
        9955
        9956
        9957
        9958
        9959
        9960
        9961
        9962
        9963
        9964
        9965
        9966
        9967
        9968
        9969
        9970
        9971
       10254
       10255
       10256
       10257
       10258
       10259
       10260
       10261
       10262
       10263
       10264
       10265
       10266
       10267
       10278
       10279
       10280
       10281
       10282
       10283
       10284
       10285
       10286
       10287
       10288
       10289
       10290
       10291
       10292
       10293
       10294
       10295
       10296
       10541
       10542
       10543
       10544
       10545
       10546
       10547
       10548
       10549
       10550
       10551
       10559
       10560
       10561
       10562
       10563
       10564
       10565
       10566
       10567
       10568
       10569
       10570
       10571
       10572
       10573
       10574
       10575
       10576
       10577
       10783
       10784
       10785
       10786
       10787
       10788
       10789
       10790
       10791
       10797
       10798
       10799
       10800
       10801
       10802
       10803
       10804
       10805
       10806
       10807
       10808
       10809
       10810
       10811
       10812
       10813
       10814
       10815
       11006
       11007
       11008
       11009
       11010
       11011
       11012
       11013
       11014
       11015
       11016
       11021
       11022
       11023
       11024
       11025
       11026
       11027
       11028
       11029
       11030
       11031
       11032
       11033
       11034
       11035
       11036
       11037
       11038
       11039
       11040
       11236
       11237
       11238
       11239
       11240
       11241
       11242
       11243
       11244
       11245
       11246
       11247
       11248
       11249
       11252
       11253
       11254
       11255
       11256
       11257
       11258
       11259
       11260
       11261
       11262
       11263
       11264
       11265
       11266
       11454
       11455
       11456
       11457
       11458
       11459
       11460
       11461
       11462
       11463
       11464
       11465
       11466
       11467
       11468
       11469
       11470
       11471
       11472
       11473
       11474
       11475
       11476
       11477
       11478
       11479
       11480
       11481
       11482
       11483
       11484
       11485
       11486
       11487
       11488
       11687
       11688
       11689
       11690
       11691
       11692
       11693
       11694
       11695
       11696
       11697
       11698
       11699
       11700
       11701
       11702
       11703
       11704
       11705
       11706
       11707
       11708
       11709
       11710
       11711
       11712
       11713
       11917
       11918
       11919
       11920
       11921
       11922
       11923
       11924
       11925
       11926
       11927
       11928
       11929
       11930
       11931
       11932
       11933
       11934
       11935
       11936
       11937
       11938
       11939
       11940
       11941
       12126
       12127
       12128
       12129
       12130
       12131
       12132
       12133
       12134
       12135
       12136
       12137
       12138
       12139
       12140
       12141
       12142
       12143
       12144
       12145
       12146
       12147
       12148
       12149
       12150
       12332
       12333
       12334
       12335
       12336
       12337
       12338
       12339
       12340
       12341
       12342
       12343
       12344
       12345
       12346
       12347
       12348
       12349
       12350
       12351
       12352
       12353
       12354
       12355
       12356
       12357
       12540
       12541
       12542
       12543
       12544
       12545
       12546
       12547
       12548
       12549
       12550
       12551
       12552
       12553
       12554
       12555
       12556
       12557
       12558
       12559
       12560
       12561
       12562
       12563
       12564
       12565
       12770
       12771
       12772
       12773
       12774
       12775
       12776
       12777
       12778
       12779
       12780
       12781
       12782
       12783
       12784
       12785
       12786
       12787
       13016
       13017
       13018
       13019
       13020
       13021
       13022
       13262
       13263
       13264
       13265
       13266
       13267
       13533
       13534
       13535
       13828
       13829
       13830
       14141
NFLUXF             0
NETA             103          37           0
NSTAE              0           0           0
NSTAV              0           0           0
NSTAM              0           0           0
NSTAC              0           0           0
RES NODE           0        1397
                   8           9          11          12          13          16
                  17          18          19          20          22          23
                  24          25          26          28          29          30
                  31          32          33          34          36          37
                  38          39          40          41          43          44
                  45          46          47          48          49          50
                  51          53          54          55          56          57
                  58          59          60          62          63          64
                  65          66          67          68          69          70
                  71          72          73          75          76          77
                  78          79          80          81          82          83
                  85          86          87          88          89          90
                  91          92          93          94          95          96
                  97          99         100         101         102         103
                 104         105         106         107         108         109
                 110         112         113         114         115         116
                 117         118         119         120         121         122
                 123         125         126         127         128         129
                 130         131         132         133         134         135
                 136         137         138         140         141         142
                 143         144         145         146         147         148
                 149         150         151         152         153         154
                 156         157         158         159         160         161
                 162         163         164         165         166         167
                 168         169         170         171         173         174
                 175         176         177         178         179         180
                 181         182         183         184         185         186
                 187         189         190         191         192         193
                 194         195         196         197         198         199
                 200         201         202         203         204         205
                 206         207         208         210         211         212
                 213         214         215         216         217         218
                 219         220         221         222         223         224
                 225         226         227         228         230         231
                 232         233         234         235         236         237
                 238         239         240         241         242         243
                 244         245         246         247         248         249
                 250         251         252         253         254         255
                 256         257         258         260         261         262
                 263         264         265         266         267         268
                 269         270         271         272         273         274
                 275         276         277         278         279         280
                 281         282         283         285         286         287
                 288         289         290         291         292         293
                 294         295         296         297         298         299
                 300         301         302         303         304         305
                 306         307         308         309         310         311
                 312         313         314         316         317         318
                 319         320         321         322         323         324
                 325         326         327         328         329         330
                 331         332         333         334         335         336
                 337         338         339         340         341         342
                 343         344         345         346         347         349
                 350         351         352         353         354         355
                 356         357         358         359         360         361
                 362         363         364         365         366         367
                 368         369         370         371         372         373
                 374         375         376         377         378         379
                 380         381         382         383         384         385
                 386         387         388         391         392         393
                 394         395         396         397         398         399
                 400         401         402         403         404         405
                 406         407         408         409         410         411
                 412         413         414         415         416         417
                 418         419         420         421         422         423
                 424         426         427         428         429         430
                 431         432         433         434         435         436
                 437         438         439         440         441         442
                 443         444         445         446         447         448
                 449         450         451         452         453         454
                 455         456         457         458         459         460
                 461         462         463         464         465         466
                 467         468         469         470         471         472
                 473         475         476         477         478         479
                 480         481         482         483         484         485
                 486         487         488         489         490         491
                 492         493         494         495         496         497
                 498         499         500         501         502         503
                 504         505         506         507         508         509
                 510         511         513         514         515         516
                 517         518         519         520         521         522
                 523         524         525         526         527         528
                 529         530         531         532         533         534
                 535         536         537         538         539         540
                 541         542         543         544         545         546
                 547         548         549         550         551         552
                 553         554         555         556         557         558
                 559         560         561         562         563         564
                 565         566         567         568         569         570
                 571         572         573         574         575         576
                 578         579         580         581         582         583
                 584         585         586         587         588         589
                 590         591         592         593         594         595
                 596         597         598         599         600         601
                 602         603         604         605         606         607
                 608         609         610         611         612         613
                 614         615         616         617         618         619
                 620         621         622         623         624         625
                 626         627         628         629         630         631
                 632         633         634         635         636         637
                 638         639         640         641         642         643
                 644         645         646         647         648         649
                 650         651         652         653         654         655
                 656         657         658         659         660         661
                 662         663         664         665         666         667
                 668         669         670         671         672         673
                 674         675         676         677         678         679
                 680         681         682         683         684         685
                 686         687         688         689         690         691
                 692         693         694         695         696         697
                 698         699         700         701         702         703
                 704         705         706         707         708         709
                 710         711         712         713         714         715
                 716         717         718         719         720         721
                 722         723         724         725         726         727
                 728         729         730         731         732         733
                 734         735         736         737         738         739
                 740         741         742         743         744         745
                 746         747         748         749         750         751
                 752         753         754         755         756         757
                 758         759         760         761         762         763
                 764         765         766         767         768         769
                 770         771         772         773         774         775
                 776         777         778         779         780         781
                 782         783         784         785         786         787
                 788         789         790         791         792         793
                 794         795         796         797         798         799
                 800         801         802         803         804         805
                 806         807         808         809         810         811
                 812         813         814         815         816         817
                 818         819         820         821         822         823
                 824         825         826         827         828         829
                 830         831         832         833         834         835
                 836         837         838         839         840         841
                 842         843         844         845         846         847
                 848         849         850         851         852         853
                 854         855         856         857         858         859
                 860         861         862         863         864         865
                 866         867         868         869         870         871
                 872         873         874         875         876         877
                 878         879         880         881         882         883
                 884         885         886         887         888         889
                 890         891         893         894         895         896
                 897         898         899         900         901         902
                 903         904         905         906         907         908
                 909         910         911         912         913         914
                 915         916         917         918         919         920
                 921         922         923         924         925         927
                 929         930         931         932         933         934
                 935         936         937         938         939         940
                 941         942         943         944         945         946
                 947         948         949         950         951         952
                 953         954         955         956         957         958
                 959         960         961         962         963         964
                 965         966         967         968         969         970
                 971         972         973         974         975         976
                 977         978         979         980         981         982
                 983         984         985         986         987         988
                 989         990         991         992         993         994
                 995         996         997         998         999        1000
                1001        1002        1003        1004        1005        1006
                1007        1008        1009        1010        1011        1012
                1013        1014        1015        1016        1017        1018
                1019        1020        1021        1022        1023        1024
                1025        1026        1027        1028        1029        1030
                1031        1032        1033        1034        1035        1036
                1037        1038        1039        1040        1041        1042
                1043        1044        1045        1046        1047        1048
                1049        1050        1051        1052        1053        1054
                1055        1056        1057        1058        1059        1060
                1061        1062        1063        1064        1065        1066
                1067        1068        1069        1070        1071        1072
                1073        1074        1075        1076        1077        1078
                1079        1080        1081        1082        1083        1084
                1085        1086        1087        1088        1089        1090
                1091        1092        1093        1094        1095        1096
                1097        1098        1099        1100        1101        1102
                1103        1104        1105        1106        1107        1108
                1109        1110        1111        1112        1113        1114
                1115        1116        1117        1118        1119        1120
                1121        1122        1123        1124        1125        1126
                1127        1128        1129        1130        1131        1132
                1133        1134        1135        1136        1137        1138
                1139        1140        1141        1142        1143        1144
                1145        1146        1147        1148        1149        1150
                1151        1152        1153        1154        1155        1156
                1157        1158        1159        1160        1161        1162
                1163        1164        1165        1166        1167        1168
                1169        1170        1171        1172        1173        1174
                1175        1176        1177        1178        1179        1180
                1181        1182        1183        1184        1185        1186
                1187        1188        1189        1190        1191        1192
                1193        1194        1195        1196        1197        1198
                1199        1200        1201        1202        1203        1204
                1205        1206        1207        1208        1209        1210
                1211        1212        1213        1214        1215        1216
                1217        1218        1219        1220        1221        1222
                1223        1224        1225        1226        1227        1228
                1229        1230        1231        1232        1233        1234
                1235        1236        1237        1238        1239        1240
                1241        1242        1243        1244        1245        1246
                1247        1248        1249        1250        1251        1252
                1253        1254        1255        1256        1257        1258
                1259        1260        1261        1262        1263        1264
                1265        1266        1267        1268        1269        1270
                1271        1272        1273        1274        1275        1276
                1277        1278        1279        1280        1281        1282
                1283        1284        1285        1286        1287        1288
                1289        1290        1291        1292        1293        1294
                1295        1296        1297        1298        1299        1300
                1301        1302        1303        1304        1305        1306
                1307        1308        1309        1310        1311        1312
                1313        1314        1315        1316        1317        1318
                1319        1320        1321        1322        1323        1324
                1325        1326        1327        1328        1329        1330
                1331        1332        1333        1334        1335        1336
                1337        1338        1339        1340        1341        1342
                1343        1344        1345        1346        1347        1348
                1349        1350        1351        1352        1353        1354
                1355        1356        1357        1358        1359        1360
                1361        1362        1363        1364        1365        1366
                1367        1368        1369        1370        1371        1372
                1373        1374        1375        1376        1377        1378
                1379        1380        1381        1382        1383        1384
                1385        1386        1387        1388        1389        1390
                1391        1392        1393        1394        1395        1396
                1397        1398        1399        1400        1401        1402
                1403        1404        1405        1406        1407        1408
                1409        1410        1411        1412        1413        1414
                1415        1416        1417        1418        1419        1420
                1421        1422        1423        1424        1425        1426
                1427        1428        1429        1430        1431        1432
                1433        1434        1435        1436        1437
COMM PE            2
RECV PE            1          26
                   1           2           3           4           5           6
                   7          14          15          27          42          61
                  84         111         139         172         209         259
                 315         389         390         474         577         892
                 926         928
RECV PE            3          14
                  10          21          35          52          74          98
                 124         155         188         229         284         348
                 425         512
SEND PE            1          24
                   8           9          11          12          13          16
                  17          26          41          59          82         108
                 136         168         204         253         255         316
                 388         473         576         927         962         964
SEND PE            3          15
                  11          20          33          50          73          97
                 123         154         186         227         282         344
                 418         424         510
