eastcoast_95d_ll_select.grd nodal attributes                                    
        1383
           2
primitive_weighting_in_continuity_equation                                      
unitless                                                                        
           1
  0.500000000E-02
mannings_n_at_sea_floor                                                         
unitless                                                                        
           1
  0.250000000E-01
primitive_weighting_in_continuity_equation                                      
          25
     27787    0.20000000E-01
     28791    0.20000000E-01
     28792    0.20000000E-01
     28793    0.20000000E-01
     29358    0.20000000E-01
     29540    0.20000000E-01
     29541    0.20000000E-01
     29542    0.20000000E-01
     29545    0.20000000E-01
     29719    0.20000000E-01
     29720    0.20000000E-01
     29721    0.20000000E-01
     29722    0.20000000E-01
     29723    0.20000000E-01
     29724    0.20000000E-01
     29725    0.20000000E-01
     29893    0.20000000E-01
     29894    0.20000000E-01
     29895    0.20000000E-01
     29896    0.20000000E-01
     29897    0.20000000E-01
     29898    0.20000000E-01
     29899    0.20000000E-01
     29900    0.20000000E-01
     30030    0.20000000E-01
mannings_n_at_sea_floor                                                         
           0
