EWN Feature Mesh nodal attributes
9361
3                                       
sea_surface_height_above_geoid          
 m                                       
 1                                       
 0.450000
primitive_weighting_in_continuity_equation
unitless
1
2.9999999999999999E-02
mannings_n_at_sea_floor
unitless
1
2.5000000000000001E-02
sea_surface_height_above_geoid          
 0 
primitive_weighting_in_continuity_equation
2730
1 0.02
2 0.005
3 0.005
4 0.005
5 0.005
6 0.005
7 0.005
8 0.005
9 0.005
10 0.005
11 0.005
12 0.005
13 0.005
14 0.005
15 0.005
16 0.005
17 0.005
18 0.005
19 0.005
20 0.005
21 0.005
22 0.005
23 0.005
24 0.005
25 0.005
26 0.005
27 0.005
28 0.005
29 0.005
30 0.005
31 0.005
32 0.005
33 0.005
34 0.005
35 0.005
36 0.005
37 0.005
38 0.005
39 0.005
40 0.005
41 0.005
42 0.005
43 0.005
44 0.005
45 0.005
46 0.005
47 0.005
48 0.005
49 0.005
50 0.005
51 0.005
52 0.005
53 0.005
54 0.005
55 0.005
56 0.02
57 0.005
58 0.005
59 0.005
60 0.005
61 0.005
62 0.005
63 0.005
64 0.005
65 0.005
66 0.02
67 0.005
68 0.005
69 0.005
70 0.005
71 0.005
72 0.005
73 0.005
74 0.005
75 0.005
76 0.02
77 0.02
78 0.02
79 0.005
80 0.005
81 0.005
82 0.005
83 0.005
84 0.005
85 0.005
86 0.005
87 0.005
88 0.005
89 0.005
90 0.005
91 0.005
92 0.02
93 0.005
94 0.005
95 0.02
96 0.005
97 0.005
98 0.005
99 0.005
100 0.005
101 0.005
102 0.005
103 0.005
104 0.005
105 0.005
106 0.005
107 0.005
108 0.005
109 0.02
110 0.005
111 0.005
112 0.005
113 0.005
114 0.005
115 0.005
116 0.005
117 0.005
118 0.005
119 0.005
120 0.005
121 0.005
122 0.005
123 0.005
124 0.02
125 0.005
126 0.005
127 0.005
128 0.005
129 0.02
130 0.005
131 0.005
132 0.005
133 0.005
134 0.005
135 0.005
136 0.005
137 0.005
138 0.005
139 0.005
140 0.005
141 0.005
142 0.005
143 0.005
144 0.005
145 0.005
146 0.005
147 0.005
148 0.005
149 0.005
150 0.005
151 0.005
152 0.005
153 0.005
154 0.005
155 0.005
156 0.005
157 0.005
158 0.005
159 0.005
160 0.02
161 0.005
162 0.005
163 0.005
164 0.005
165 0.005
166 0.02
167 0.005
168 0.005
169 0.005
170 0.02
171 0.005
172 0.005
173 0.005
174 0.005
175 0.005
176 0.005
177 0.005
178 0.005
179 0.005
180 0.005
181 0.005
182 0.005
183 0.005
184 0.005
185 0.005
186 0.005
187 0.005
188 0.005
189 0.005
190 0.005
191 0.005
192 0.005
193 0.005
194 0.005
195 0.005
196 0.005
197 0.005
198 0.005
199 0.005
200 0.005
201 0.005
202 0.005
203 0.005
204 0.005
205 0.005
206 0.005
207 0.005
208 0.005
209 0.005
210 0.005
211 0.005
212 0.005
213 0.02
214 0.005
215 0.005
216 0.02
217 0.005
218 0.005
219 0.005
220 0.005
221 0.005
222 0.005
223 0.005
224 0.005
225 0.005
226 0.005
227 0.005
228 0.005
229 0.02
230 0.005
231 0.005
232 0.005
233 0.02
234 0.005
235 0.005
236 0.005
237 0.005
238 0.005
239 0.005
240 0.005
241 0.005
242 0.005
243 0.005
244 0.005
245 0.005
246 0.005
247 0.005
248 0.005
249 0.005
250 0.005
251 0.005
252 0.005
253 0.005
254 0.005
255 0.005
256 0.005
257 0.005
258 0.005
259 0.005
260 0.005
261 0.005
262 0.005
263 0.005
264 0.005
265 0.005
266 0.005
267 0.005
268 0.005
269 0.005
270 0.005
271 0.005
272 0.005
273 0.005
274 0.005
275 0.02
276 0.005
277 0.02
278 0.005
279 0.005
280 0.005
281 0.005
282 0.005
283 0.005
284 0.005
285 0.005
286 0.005
287 0.005
288 0.005
289 0.005
290 0.005
291 0.005
292 0.005
293 0.005
294 0.02
295 0.005
296 0.005
297 0.005
298 0.02
299 0.005
300 0.005
301 0.005
302 0.005
303 0.005
304 0.005
305 0.005
306 0.005
307 0.005
308 0.005
309 0.005
310 0.005
311 0.005
312 0.005
313 0.005
314 0.005
315 0.005
316 0.005
317 0.005
318 0.005
319 0.005
320 0.005
321 0.005
322 0.005
323 0.005
324 0.005
325 0.005
326 0.005
327 0.005
328 0.005
329 0.005
330 0.005
331 0.005
332 0.005
333 0.005
334 0.005
335 0.005
336 0.005
337 0.02
338 0.005
339 0.005
340 0.005
341 0.005
342 0.005
343 0.005
344 0.005
345 0.005
346 0.005
347 0.005
348 0.005
349 0.005
350 0.005
351 0.005
352 0.005
353 0.005
354 0.005
355 0.005
356 0.005
357 0.02
358 0.02
359 0.02
360 0.005
361 0.005
362 0.005
363 0.005
364 0.005
365 0.005
366 0.005
367 0.005
368 0.005
369 0.005
370 0.005
371 0.005
372 0.005
373 0.005
374 0.005
375 0.005
376 0.005
377 0.005
378 0.005
379 0.005
380 0.005
381 0.005
382 0.005
383 0.005
384 0.005
385 0.005
386 0.005
387 0.005
388 0.005
389 0.005
390 0.005
391 0.005
392 0.005
393 0.005
394 0.005
395 0.005
396 0.005
397 0.005
398 0.005
399 0.005
400 0.02
401 0.005
402 0.005
403 0.005
404 0.005
405 0.005
406 0.005
407 0.005
408 0.005
409 0.005
410 0.005
411 0.005
412 0.005
413 0.005
414 0.005
415 0.005
416 0.005
417 0.005
418 0.005
419 0.005
420 0.005
421 0.005
422 0.005
423 0.005
424 0.005
425 0.005
426 0.005
427 0.005
428 0.005
429 0.005
430 0.005
431 0.005
432 0.005
433 0.005
434 0.005
435 0.005
436 0.005
437 0.005
438 0.005
439 0.005
440 0.005
441 0.005
442 0.005
443 0.005
444 0.005
445 0.005
446 0.005
447 0.005
448 0.005
449 0.005
450 0.005
451 0.005
452 0.005
453 0.005
454 0.005
455 0.005
456 0.005
457 0.005
458 0.005
459 0.005
460 0.005
461 0.005
462 0.005
463 0.005
464 0.005
465 0.005
466 0.005
467 0.005
468 0.005
469 0.005
470 0.005
471 0.005
472 0.005
473 0.005
474 0.005
475 0.005
476 0.005
477 0.005
478 0.005
479 0.005
480 0.005
481 0.005
482 0.005
483 0.005
484 0.005
485 0.005
486 0.005
487 0.005
488 0.005
489 0.005
490 0.005
491 0.005
492 0.005
493 0.005
494 0.005
495 0.005
496 0.005
497 0.005
498 0.005
499 0.005
500 0.005
501 0.005
502 0.005
503 0.005
504 0.005
505 0.005
506 0.005
507 0.005
508 0.005
509 0.005
510 0.005
511 0.005
512 0.005
513 0.005
514 0.005
515 0.005
516 0.005
517 0.005
518 0.005
519 0.005
520 0.005
521 0.005
522 0.005
523 0.005
524 0.005
525 0.005
526 0.005
527 0.005
528 0.005
529 0.005
530 0.005
531 0.005
532 0.005
533 0.005
534 0.005
535 0.005
536 0.005
537 0.005
538 0.005
539 0.005
540 0.005
541 0.005
542 0.005
543 0.005
544 0.005
545 0.005
546 0.005
547 0.005
548 0.005
549 0.005
550 0.005
551 0.005
552 0.005
553 0.005
554 0.005
555 0.005
556 0.005
557 0.005
558 0.005
559 0.005
560 0.005
561 0.005
562 0.005
563 0.005
564 0.005
565 0.005
566 0.005
567 0.005
568 0.005
569 0.005
570 0.005
571 0.005
572 0.005
573 0.005
574 0.005
575 0.005
576 0.005
577 0.005
578 0.005
579 0.005
580 0.005
581 0.005
582 0.005
583 0.005
584 0.005
585 0.005
586 0.005
587 0.005
588 0.005
589 0.005
590 0.005
591 0.005
592 0.005
593 0.005
594 0.005
595 0.005
596 0.005
597 0.005
598 0.005
599 0.005
600 0.005
601 0.005
602 0.005
603 0.005
604 0.005
605 0.005
606 0.005
607 0.005
608 0.005
609 0.005
610 0.005
611 0.005
612 0.005
613 0.005
614 0.005
615 0.005
616 0.005
617 0.005
618 0.005
619 0.005
620 0.005
621 0.005
622 0.005
623 0.005
624 0.005
625 0.005
626 0.005
627 0.005
628 0.005
629 0.005
630 0.005
631 0.005
632 0.005
633 0.005
634 0.005
635 0.005
636 0.005
637 0.005
638 0.005
639 0.005
640 0.005
641 0.005
642 0.005
643 0.005
644 0.005
645 0.005
646 0.005
647 0.005
648 0.005
649 0.005
650 0.005
651 0.005
652 0.005
653 0.005
654 0.005
655 0.005
656 0.005
657 0.005
658 0.005
659 0.005
660 0.005
661 0.005
662 0.005
663 0.005
664 0.005
665 0.005
666 0.005
667 0.005
668 0.005
669 0.005
670 0.005
671 0.005
672 0.005
673 0.005
674 0.005
675 0.005
676 0.005
677 0.005
678 0.005
679 0.005
680 0.005
681 0.005
682 0.005
683 0.005
684 0.005
685 0.005
686 0.005
687 0.005
688 0.005
689 0.005
690 0.005
691 0.005
692 0.005
693 0.005
694 0.005
695 0.005
696 0.005
697 0.005
698 0.005
699 0.005
700 0.005
701 0.005
702 0.005
703 0.005
704 0.005
705 0.005
706 0.005
707 0.005
708 0.005
709 0.005
710 0.005
711 0.005
712 0.005
713 0.005
714 0.005
715 0.005
716 0.005
717 0.005
718 0.005
719 0.005
720 0.005
721 0.005
722 0.005
723 0.005
724 0.005
725 0.005
726 0.005
727 0.005
728 0.005
729 0.005
730 0.005
731 0.005
732 0.005
733 0.005
734 0.005
735 0.005
736 0.005
737 0.005
738 0.005
739 0.005
740 0.005
741 0.005
742 0.005
743 0.005
744 0.005
745 0.005
746 0.005
747 0.005
748 0.005
749 0.005
750 0.005
751 0.005
752 0.005
753 0.005
754 0.005
755 0.005
756 0.005
757 0.005
758 0.005
759 0.005
760 0.005
761 0.005
762 0.005
763 0.005
764 0.005
765 0.005
766 0.005
767 0.005
768 0.005
769 0.005
770 0.005
771 0.005
772 0.005
773 0.005
774 0.005
775 0.005
776 0.005
777 0.005
778 0.005
779 0.005
780 0.005
781 0.005
782 0.005
783 0.005
784 0.005
785 0.005
786 0.005
787 0.005
788 0.005
789 0.005
790 0.005
791 0.005
792 0.005
793 0.005
794 0.005
795 0.005
796 0.005
797 0.005
798 0.005
799 0.005
800 0.005
801 0.005
802 0.005
803 0.005
804 0.005
805 0.005
806 0.005
807 0.005
808 0.005
809 0.005
810 0.005
811 0.005
812 0.005
813 0.005
814 0.005
815 0.005
816 0.005
817 0.005
818 0.005
819 0.005
820 0.005
821 0.005
822 0.005
823 0.005
824 0.005
825 0.005
826 0.005
827 0.005
828 0.005
829 0.005
830 0.005
831 0.005
832 0.005
833 0.005
834 0.005
835 0.005
836 0.005
837 0.005
838 0.005
839 0.005
840 0.005
841 0.005
842 0.005
843 0.005
844 0.005
845 0.005
846 0.005
847 0.005
848 0.005
849 0.005
850 0.005
851 0.005
852 0.005
853 0.005
854 0.005
855 0.005
856 0.005
857 0.005
858 0.005
859 0.005
860 0.005
861 0.005
862 0.005
863 0.005
864 0.005
865 0.005
866 0.005
867 0.005
868 0.005
869 0.005
870 0.005
871 0.005
872 0.005
873 0.005
874 0.005
875 0.005
876 0.005
877 0.005
878 0.005
879 0.005
880 0.005
881 0.005
882 0.005
883 0.005
884 0.005
885 0.005
886 0.005
887 0.005
888 0.005
889 0.005
890 0.005
891 0.005
892 0.005
893 0.005
894 0.005
895 0.005
896 0.005
897 0.005
898 0.005
899 0.005
900 0.005
901 0.005
902 0.005
903 0.005
904 0.005
905 0.005
906 0.005
907 0.005
908 0.005
909 0.005
910 0.005
911 0.005
912 0.005
913 0.005
914 0.005
915 0.005
916 0.005
917 0.005
918 0.005
919 0.005
920 0.005
921 0.005
922 0.005
923 0.005
924 0.005
925 0.005
926 0.005
927 0.005
928 0.005
929 0.005
930 0.005
931 0.005
932 0.005
933 0.005
934 0.005
935 0.005
936 0.005
937 0.005
938 0.005
939 0.005
940 0.005
941 0.005
942 0.005
943 0.005
944 0.005
945 0.005
946 0.005
947 0.005
948 0.005
949 0.005
950 0.005
951 0.005
952 0.005
953 0.005
954 0.005
955 0.005
956 0.005
957 0.005
958 0.02
959 0.005
960 0.005
961 0.005
962 0.005
963 0.005
964 0.005
965 0.005
966 0.005
967 0.005
968 0.005
969 0.005
970 0.005
971 0.005
972 0.005
973 0.005
974 0.005
975 0.005
976 0.005
977 0.005
978 0.005
979 0.005
980 0.005
981 0.005
982 0.005
983 0.005
984 0.005
985 0.005
986 0.005
987 0.005
988 0.005
989 0.005
990 0.005
991 0.005
992 0.005
993 0.005
994 0.005
995 0.005
996 0.005
997 0.005
998 0.005
999 0.005
1000 0.005
1001 0.005
1002 0.005
1003 0.005
1004 0.005
1005 0.005
1006 0.005
1007 0.005
1008 0.005
1009 0.005
1010 0.005
1011 0.005
1012 0.005
1013 0.005
1014 0.005
1015 0.005
1016 0.005
1017 0.005
1018 0.005
1019 0.005
1020 0.005
1021 0.005
1022 0.005
1023 0.005
1024 0.005
1025 0.005
1026 0.005
1027 0.005
1028 0.005
1029 0.005
1030 0.005
1031 0.005
1032 0.005
1033 0.005
1034 0.005
1035 0.005
1036 0.005
1037 0.005
1038 0.005
1039 0.005
1040 0.005
1041 0.005
1042 0.005
1043 0.005
1044 0.005
1045 0.005
1046 0.005
1047 0.005
1048 0.005
1049 0.005
1050 0.005
1051 0.005
1052 0.005
1053 0.005
1054 0.005
1055 0.005
1056 0.005
1057 0.005
1058 0.005
1059 0.005
1060 0.005
1061 0.005
1062 0.02
1063 0.005
1064 0.005
1065 0.005
1066 0.005
1067 0.005
1068 0.005
1069 0.005
1070 0.005
1071 0.005
1072 0.005
1073 0.005
1074 0.005
1075 0.005
1076 0.005
1077 0.005
1078 0.005
1079 0.005
1080 0.005
1081 0.005
1082 0.005
1083 0.005
1084 0.005
1085 0.005
1086 0.005
1087 0.005
1088 0.005
1089 0.005
1090 0.005
1091 0.02
1092 0.005
1093 0.005
1094 0.005
1095 0.005
1096 0.005
1097 0.005
1098 0.005
1099 0.005
1100 0.005
1101 0.005
1102 0.005
1103 0.005
1104 0.005
1105 0.005
1106 0.005
1107 0.005
1108 0.005
1109 0.005
1110 0.005
1111 0.005
1112 0.005
1113 0.02
1114 0.005
1115 0.005
1116 0.005
1117 0.005
1118 0.005
1119 0.02
1120 0.02
1121 0.005
1122 0.005
1123 0.005
1124 0.005
1125 0.005
1126 0.005
1127 0.005
1128 0.005
1129 0.005
1130 0.005
1131 0.005
1132 0.005
1133 0.005
1134 0.005
1135 0.005
1136 0.005
1137 0.005
1138 0.005
1139 0.005
1140 0.005
1141 0.005
1142 0.02
1143 0.005
1144 0.005
1145 0.005
1146 0.005
1147 0.005
1148 0.005
1149 0.005
1150 0.005
1151 0.005
1152 0.005
1153 0.005
1154 0.005
1155 0.005
1156 0.005
1157 0.005
1158 0.005
1159 0.005
1160 0.005
1161 0.005
1162 0.005
1163 0.005
1164 0.005
1166 0.02
1167 0.005
1168 0.005
1169 0.005
1170 0.005
1171 0.005
1172 0.005
1173 0.005
1174 0.005
1175 0.005
1176 0.005
1177 0.005
1178 0.005
1179 0.005
1180 0.005
1181 0.005
1182 0.005
1183 0.005
1184 0.005
1185 0.005
1186 0.005
1187 0.005
1188 0.005
1189 0.005
1190 0.005
1191 0.005
1192 0.005
1193 0.005
1194 0.005
1195 0.02
1196 0.005
1199 0.005
1200 0.005
1201 0.005
1202 0.005
1203 0.005
1204 0.005
1205 0.005
1206 0.005
1207 0.005
1208 0.005
1209 0.005
1210 0.005
1211 0.005
1212 0.005
1213 0.005
1214 0.005
1215 0.005
1216 0.005
1217 0.005
1218 0.005
1219 0.005
1220 0.005
1221 0.005
1222 0.005
1223 0.005
1224 0.005
1225 0.005
1226 0.005
1227 0.005
1228 0.005
1229 0.02
1230 0.005
1231 0.005
1233 0.005
1234 0.005
1235 0.005
1236 0.005
1237 0.005
1238 0.005
1239 0.005
1240 0.005
1241 0.005
1242 0.005
1243 0.005
1244 0.005
1245 0.005
1246 0.005
1247 0.005
1248 0.005
1249 0.005
1250 0.005
1251 0.005
1252 0.005
1253 0.005
1254 0.005
1255 0.005
1256 0.005
1257 0.005
1258 0.005
1259 0.005
1260 0.005
1261 0.02
1262 0.005
1263 0.005
1264 0.005
1265 0.005
1266 0.005
1267 0.005
1268 0.005
1269 0.005
1270 0.005
1271 0.005
1272 0.005
1273 0.005
1274 0.005
1275 0.005
1276 0.005
1277 0.005
1278 0.005
1279 0.005
1280 0.005
1281 0.005
1282 0.005
1283 0.005
1284 0.005
1285 0.005
1286 0.005
1287 0.005
1288 0.005
1289 0.005
1290 0.005
1291 0.005
1292 0.02
1293 0.005
1294 0.005
1295 0.005
1296 0.005
1297 0.005
1298 0.005
1299 0.005
1300 0.005
1301 0.005
1302 0.005
1303 0.005
1304 0.005
1306 0.005
1307 0.005
1308 0.005
1309 0.005
1310 0.005
1311 0.005
1312 0.005
1313 0.005
1314 0.005
1315 0.005
1316 0.005
1317 0.005
1318 0.005
1319 0.005
1320 0.005
1321 0.005
1322 0.005
1323 0.005
1324 0.02
1327 0.005
1328 0.005
1329 0.02
1330 0.005
1331 0.005
1332 0.005
1333 0.005
1334 0.005
1335 0.005
1336 0.005
1337 0.005
1338 0.005
1339 0.02
1340 0.02
1346 0.02
1348 0.005
1349 0.005
1350 0.005
1351 0.005
1352 0.005
1353 0.005
1354 0.005
1355 0.005
1356 0.005
1357 0.005
1358 0.005
1359 0.005
1360 0.005
1361 0.005
1362 0.005
1363 0.005
1364 0.005
1365 0.005
1366 0.005
1367 0.005
1368 0.02
1371 0.005
1374 0.02
1375 0.02
1376 0.005
1377 0.005
1378 0.005
1379 0.005
1380 0.005
1381 0.005
1382 0.005
1383 0.005
1384 0.005
1387 0.005
1390 0.005
1393 0.02
1400 0.02
1402 0.02
1406 0.02
1407 0.02
1408 0.005
1411 0.02
1412 0.005
1413 0.005
1415 0.005
1416 0.005
1417 0.005
1418 0.005
1419 0.005
1420 0.005
1421 0.005
1422 0.005
1423 0.005
1424 0.005
1425 0.005
1426 0.005
1427 0.005
1428 0.005
1429 0.005
1430 0.005
1431 0.005
1432 0.005
1433 0.005
1434 0.005
1435 0.02
1436 0.02
1437 0.005
1439 0.005
1440 0.005
1441 0.005
1442 0.005
1443 0.005
1444 0.02
1445 0.005
1446 0.02
1447 0.005
1448 0.005
1449 0.005
1450 0.005
1451 0.005
1452 0.005
1453 0.005
1454 0.005
1455 0.005
1456 0.005
1457 0.005
1458 0.005
1461 0.005
1462 0.02
1463 0.02
1464 0.02
1465 0.005
1466 0.005
1467 0.005
1468 0.005
1469 0.02
1470 0.02
1473 0.02
1474 0.005
1475 0.02
1478 0.005
1479 0.005
1480 0.005
1481 0.005
1482 0.005
1483 0.02
1484 0.02
1485 0.005
1486 0.005
1487 0.005
1488 0.02
1489 0.005
1491 0.005
1494 0.02
1495 0.02
1496 0.005
1500 0.005
1501 0.005
1502 0.005
1503 0.005
1504 0.005
1505 0.005
1506 0.005
1507 0.005
1508 0.005
1509 0.005
1510 0.005
1511 0.005
1512 0.005
1513 0.005
1514 0.005
1515 0.005
1516 0.005
1517 0.005
1518 0.005
1519 0.005
1520 0.005
1521 0.02
1522 0.005
1523 0.005
1524 0.005
1525 0.005
1526 0.005
1527 0.005
1528 0.005
1529 0.005
1530 0.005
1531 0.005
1532 0.005
1533 0.005
1534 0.005
1535 0.005
1536 0.005
1537 0.005
1538 0.005
1539 0.005
1540 0.005
1541 0.005
1542 0.005
1543 0.005
1547 0.005
1548 0.005
1549 0.005
1550 0.005
1551 0.02
1552 0.02
1553 0.02
1554 0.02
1557 0.005
1558 0.005
1559 0.02
1560 0.005
1561 0.005
1562 0.005
1563 0.005
1564 0.005
1565 0.005
1566 0.005
1567 0.02
1568 0.005
1569 0.005
1570 0.005
1571 0.005
1572 0.005
1573 0.02
1574 0.005
1575 0.005
1576 0.005
1577 0.005
1578 0.02
1579 0.005
1580 0.005
1581 0.005
1582 0.02
1583 0.02
1584 0.005
1585 0.005
1586 0.005
1587 0.02
1588 0.005
1589 0.005
1590 0.005
1591 0.005
1592 0.005
1593 0.005
1594 0.005
1595 0.005
1596 0.005
1597 0.005
1598 0.005
1599 0.005
1600 0.005
1601 0.005
1602 0.005
1603 0.005
1604 0.005
1605 0.005
1606 0.005
1607 0.005
1608 0.02
1609 0.005
1610 0.005
1611 0.005
1612 0.005
1613 0.005
1614 0.005
1615 0.005
1616 0.005
1617 0.005
1618 0.005
1619 0.005
1620 0.005
1621 0.005
1622 0.005
1623 0.005
1624 0.005
1625 0.005
1626 0.005
1627 0.005
1628 0.005
1629 0.005
1630 0.005
1631 0.005
1632 0.02
1633 0.02
1634 0.02
1635 0.005
1636 0.005
1637 0.005
1639 0.005
1640 0.02
1641 0.02
1643 0.02
1644 0.02
1645 0.02
1647 0.02
1648 0.005
1649 0.005
1650 0.005
1651 0.005
1652 0.005
1653 0.005
1654 0.005
1655 0.005
1656 0.005
1657 0.005
1658 0.005
1659 0.005
1660 0.005
1661 0.005
1662 0.005
1663 0.005
1664 0.005
1665 0.005
1666 0.005
1667 0.005
1668 0.005
1669 0.005
1670 0.005
1671 0.005
1672 0.02
1673 0.005
1674 0.005
1675 0.005
1676 0.005
1677 0.02
1678 0.005
1679 0.005
1680 0.005
1681 0.005
1682 0.005
1683 0.005
1684 0.005
1685 0.02
1686 0.005
1687 0.005
1688 0.02
1689 0.005
1690 0.005
1691 0.005
1692 0.005
1693 0.005
1694 0.005
1695 0.005
1696 0.005
1697 0.005
1698 0.005
1699 0.005
1700 0.005
1701 0.005
1702 0.005
1703 0.005
1704 0.005
1705 0.005
1706 0.005
1707 0.005
1708 0.005
1709 0.005
1710 0.005
1711 0.005
1712 0.005
1713 0.005
1714 0.005
1715 0.005
1716 0.005
1717 0.005
1718 0.005
1719 0.005
1720 0.005
1721 0.005
1722 0.005
1723 0.005
1724 0.005
1725 0.005
1726 0.005
1727 0.005
1728 0.005
1729 0.005
1730 0.005
1731 0.005
1732 0.005
1733 0.005
1734 0.005
1735 0.02
1736 0.005
1737 0.005
1738 0.02
1739 0.005
1741 0.02
1742 0.02
1743 0.005
1744 0.005
1745 0.02
1746 0.005
1747 0.005
1748 0.005
1749 0.005
1750 0.005
1751 0.005
1752 0.005
1753 0.005
1754 0.005
1755 0.005
1756 0.005
1757 0.005
1758 0.005
1759 0.005
1761 0.005
1762 0.005
1763 0.005
1764 0.005
1765 0.005
1766 0.005
1767 0.005
1768 0.02
1769 0.005
1770 0.005
1771 0.005
1772 0.02
1773 0.005
1774 0.005
1775 0.005
1776 0.005
1777 0.005
1778 0.005
1779 0.02
1780 0.005
1781 0.005
1782 0.005
1783 0.005
1784 0.005
1785 0.005
1786 0.005
1787 0.005
1788 0.005
1789 0.005
1790 0.005
1791 0.005
1792 0.005
1793 0.005
1794 0.005
1795 0.005
1796 0.005
1797 0.005
1798 0.005
1799 0.005
1800 0.005
1801 0.005
1802 0.005
1803 0.005
1804 0.005
1805 0.005
1806 0.005
1807 0.005
1808 0.005
1809 0.005
1810 0.005
1811 0.005
1812 0.005
1813 0.005
1814 0.005
1815 0.005
1816 0.005
1817 0.005
1818 0.005
1819 0.005
1820 0.005
1821 0.005
1822 0.005
1823 0.005
1824 0.005
1825 0.005
1826 0.005
1827 0.005
1828 0.02
1829 0.02
1830 0.02
1831 0.005
1832 0.005
1833 0.02
1834 0.005
1835 0.005
1836 0.02
1837 0.02
1838 0.02
1839 0.005
1840 0.005
1841 0.005
1842 0.005
1843 0.005
1844 0.005
1845 0.005
1846 0.005
1847 0.005
1848 0.005
1849 0.005
1850 0.005
1851 0.005
1852 0.005
1853 0.005
1854 0.005
1855 0.005
1859 0.005
1860 0.005
1861 0.005
1862 0.005
1863 0.005
1864 0.02
1865 0.005
1866 0.005
1867 0.005
1868 0.005
1869 0.005
1870 0.005
1871 0.005
1872 0.005
1873 0.02
1874 0.005
1875 0.005
1876 0.005
1877 0.005
1878 0.005
1879 0.005
1880 0.005
1881 0.005
1882 0.005
1883 0.005
1884 0.005
1885 0.005
1886 0.005
1887 0.005
1888 0.005
1889 0.005
1890 0.005
1891 0.005
1892 0.005
1893 0.005
1894 0.005
1895 0.005
1896 0.005
1897 0.005
1898 0.005
1899 0.005
1900 0.005
1901 0.005
1902 0.005
1903 0.005
1904 0.005
1905 0.005
1906 0.005
1907 0.005
1908 0.005
1909 0.005
1910 0.005
1911 0.005
1912 0.005
1913 0.005
1914 0.005
1915 0.005
1916 0.005
1917 0.005
1918 0.005
1919 0.005
1920 0.005
1921 0.005
1922 0.005
1923 0.005
1924 0.005
1925 0.005
1926 0.005
1927 0.005
1928 0.005
1929 0.005
1930 0.005
1931 0.005
1932 0.005
1933 0.005
1934 0.005
1935 0.02
1936 0.005
1937 0.005
1938 0.005
1939 0.005
1940 0.005
1941 0.005
1942 0.005
1943 0.005
1944 0.005
1945 0.005
1946 0.005
1947 0.005
1948 0.005
1949 0.005
1950 0.005
1951 0.005
1952 0.005
1953 0.005
1954 0.005
1955 0.005
1956 0.005
1957 0.005
1958 0.005
1959 0.005
1960 0.005
1961 0.02
1962 0.005
1963 0.005
1964 0.02
1965 0.005
1966 0.005
1967 0.005
1968 0.005
1969 0.005
1970 0.02
1971 0.005
1972 0.005
1973 0.005
1974 0.005
1975 0.005
1976 0.005
1977 0.005
1978 0.005
1979 0.005
1980 0.005
1981 0.005
1982 0.005
1983 0.005
1984 0.005
1985 0.005
1986 0.005
1987 0.005
1988 0.005
1989 0.005
1990 0.005
1991 0.005
1992 0.005
1993 0.005
1994 0.005
1995 0.005
1996 0.005
1997 0.005
1998 0.005
1999 0.005
2000 0.005
2001 0.005
2002 0.005
2003 0.005
2004 0.005
2005 0.005
2006 0.005
2007 0.005
2008 0.005
2009 0.005
2010 0.005
2011 0.005
2012 0.005
2013 0.005
2014 0.005
2015 0.005
2016 0.005
2017 0.005
2018 0.005
2019 0.005
2020 0.005
2021 0.005
2022 0.005
2023 0.005
2024 0.005
2025 0.005
2026 0.005
2027 0.005
2028 0.005
2029 0.005
2030 0.005
2031 0.005
2032 0.005
2033 0.005
2034 0.005
2035 0.005
2036 0.005
2037 0.005
2038 0.005
2039 0.005
2040 0.005
2041 0.005
2042 0.005
2043 0.005
2044 0.005
2045 0.005
2046 0.005
2047 0.005
2048 0.005
2049 0.005
2050 0.005
2051 0.005
2052 0.005
2053 0.02
2054 0.005
2055 0.005
2056 0.005
2057 0.005
2058 0.005
2059 0.005
2061 0.005
2062 0.005
2063 0.005
2064 0.005
2065 0.005
2066 0.005
2067 0.005
2068 0.005
2069 0.005
2070 0.005
2071 0.005
2072 0.005
2073 0.005
2074 0.005
2075 0.005
2076 0.005
2077 0.005
2078 0.005
2079 0.005
2080 0.005
2081 0.005
2082 0.005
2083 0.005
2084 0.005
2085 0.005
2086 0.005
2087 0.005
2088 0.005
2089 0.005
2090 0.005
2091 0.005
2092 0.005
2093 0.005
2094 0.005
2095 0.005
2096 0.005
2097 0.005
2098 0.005
2099 0.005
2100 0.005
2101 0.005
2102 0.005
2103 0.005
2104 0.005
2105 0.005
2106 0.005
2107 0.005
2108 0.005
2109 0.005
2110 0.005
2111 0.005
2112 0.005
2113 0.005
2114 0.005
2115 0.005
2116 0.005
2117 0.005
2118 0.005
2119 0.005
2120 0.005
2121 0.005
2122 0.005
2123 0.005
2124 0.005
2125 0.005
2126 0.02
2127 0.005
2128 0.005
2129 0.005
2130 0.005
2131 0.005
2132 0.005
2133 0.005
2134 0.005
2135 0.005
2136 0.005
2137 0.005
2140 0.005
2141 0.005
2142 0.005
2143 0.005
2144 0.005
2145 0.005
2146 0.005
2147 0.005
2148 0.005
2149 0.005
2150 0.005
2151 0.005
2152 0.005
2153 0.005
2154 0.005
2155 0.005
2156 0.005
2157 0.005
2158 0.005
2159 0.005
2160 0.005
2161 0.005
2162 0.005
2163 0.005
2164 0.005
2165 0.005
2166 0.005
2167 0.005
2168 0.005
2169 0.005
2170 0.005
2171 0.005
2172 0.005
2173 0.005
2174 0.005
2175 0.005
2176 0.005
2177 0.005
2178 0.005
2179 0.005
2180 0.005
2181 0.005
2182 0.005
2183 0.005
2184 0.005
2185 0.005
2186 0.005
2187 0.005
2188 0.005
2189 0.005
2190 0.005
2191 0.005
2192 0.02
2196 0.005
2197 0.005
2198 0.005
2199 0.005
2200 0.005
2201 0.005
2202 0.005
2203 0.005
2204 0.02
2205 0.005
2206 0.005
2207 0.005
2208 0.005
2209 0.005
2210 0.005
2211 0.005
2212 0.005
2213 0.005
2214 0.005
2215 0.005
2216 0.005
2217 0.005
2218 0.005
2219 0.005
2220 0.005
2221 0.005
2222 0.005
2223 0.005
2224 0.005
2225 0.005
2226 0.005
2227 0.005
2228 0.005
2229 0.005
2230 0.005
2231 0.005
2232 0.005
2233 0.005
2234 0.005
2235 0.005
2236 0.005
2237 0.005
2238 0.005
2239 0.005
2240 0.005
2241 0.005
2242 0.005
2243 0.005
2244 0.005
2245 0.005
2246 0.005
2247 0.005
2248 0.005
2249 0.005
2250 0.005
2251 0.005
2252 0.005
2253 0.005
2255 0.005
2259 0.005
2260 0.005
2261 0.005
2262 0.005
2263 0.005
2264 0.005
2265 0.005
2266 0.005
2267 0.005
2268 0.005
2269 0.005
2270 0.005
2271 0.005
2272 0.005
2273 0.005
2274 0.005
2275 0.005
2276 0.005
2277 0.005
2278 0.005
2279 0.005
2280 0.005
2281 0.005
2282 0.005
2283 0.005
2284 0.005
2285 0.005
2286 0.005
2287 0.005
2288 0.005
2289 0.005
2290 0.005
2291 0.005
2292 0.005
2293 0.005
2294 0.005
2295 0.005
2296 0.005
2297 0.005
2298 0.005
2299 0.005
2300 0.005
2301 0.005
2302 0.005
2303 0.005
2304 0.005
2305 0.005
2306 0.005
2307 0.005
2308 0.005
2311 0.005
2312 0.005
2313 0.005
2314 0.005
2315 0.005
2316 0.005
2317 0.005
2318 0.005
2319 0.005
2320 0.005
2321 0.005
2322 0.005
2323 0.005
2324 0.005
2325 0.005
2326 0.005
2327 0.005
2328 0.005
2329 0.005
2330 0.005
2331 0.005
2332 0.005
2333 0.005
2334 0.005
2335 0.005
2336 0.005
2337 0.005
2338 0.005
2339 0.005
2340 0.005
2341 0.005
2342 0.005
2343 0.005
2344 0.005
2345 0.005
2346 0.005
2347 0.005
2348 0.005
2349 0.005
2350 0.005
2351 0.005
2352 0.005
2353 0.005
2354 0.02
2355 0.005
2356 0.005
2357 0.02
2358 0.005
2359 0.005
2360 0.02
2361 0.005
2362 0.005
2363 0.005
2364 0.005
2365 0.005
2366 0.005
2367 0.005
2368 0.005
2369 0.005
2370 0.02
2371 0.005
2372 0.005
2373 0.005
2374 0.005
2375 0.005
2376 0.005
2377 0.005
2378 0.005
2379 0.005
2380 0.005
2381 0.005
2382 0.005
2383 0.005
2384 0.005
2385 0.005
2386 0.005
2387 0.005
2388 0.005
2389 0.005
2390 0.005
2391 0.005
2392 0.005
2393 0.02
2394 0.005
2395 0.005
2396 0.005
2397 0.005
2398 0.005
2399 0.005
2400 0.005
2401 0.005
2402 0.005
2403 0.005
2404 0.005
2405 0.005
2406 0.005
2407 0.005
2408 0.005
2409 0.005
2410 0.005
2411 0.005
2412 0.005
2413 0.005
2414 0.005
2415 0.005
2416 0.005
2417 0.005
2418 0.005
2419 0.005
2420 0.005
2421 0.005
2422 0.005
2423 0.005
2424 0.005
2425 0.005
2426 0.005
2427 0.005
2428 0.005
2429 0.005
2430 0.005
2431 0.005
2432 0.02
2433 0.005
2434 0.005
2435 0.005
2436 0.005
2437 0.005
2438 0.005
2439 0.005
2440 0.005
2441 0.005
2442 0.005
2443 0.005
2444 0.005
2445 0.005
2446 0.005
2447 0.005
2448 0.005
2449 0.005
2450 0.005
2451 0.005
2452 0.005
2453 0.005
2454 0.005
2455 0.005
2456 0.005
2457 0.005
2458 0.005
2459 0.005
2460 0.005
2464 0.005
2465 0.005
2466 0.005
2467 0.005
2468 0.005
2469 0.005
2470 0.005
2471 0.005
2472 0.005
2473 0.005
2474 0.005
2475 0.005
2476 0.005
2477 0.005
2478 0.005
2479 0.005
2480 0.005
2481 0.005
2482 0.005
2483 0.005
2484 0.005
2485 0.005
2486 0.005
2487 0.005
2488 0.005
2489 0.005
2490 0.005
2491 0.005
2495 0.005
2496 0.005
2497 0.005
2498 0.005
2499 0.005
2500 0.005
2501 0.005
2502 0.005
2503 0.005
2504 0.005
2505 0.005
2506 0.005
2507 0.005
2508 0.005
2509 0.005
2510 0.005
2511 0.005
2512 0.005
2513 0.005
2514 0.005
2515 0.005
2516 0.005
2517 0.005
2518 0.005
2519 0.005
2520 0.005
2521 0.005
2522 0.005
2523 0.005
2524 0.005
2525 0.005
2526 0.005
2527 0.005
2528 0.005
2529 0.005
2533 0.005
2534 0.005
2535 0.005
2536 0.005
2537 0.005
2538 0.005
2539 0.005
2540 0.005
2541 0.005
2542 0.005
2543 0.005
2544 0.005
2545 0.005
2546 0.005
2547 0.005
2548 0.005
2549 0.005
2550 0.005
2551 0.005
2552 0.005
2553 0.005
2555 0.005
2556 0.005
2557 0.005
2558 0.005
2559 0.005
2560 0.005
2561 0.005
2562 0.005
2563 0.005
2564 0.005
2565 0.005
2566 0.005
2567 0.005
2568 0.005
2569 0.005
2570 0.005
2571 0.005
2573 0.005
2574 0.005
2575 0.005
2576 0.005
2577 0.005
2578 0.005
2579 0.005
2580 0.005
2581 0.005
2582 0.005
2583 0.005
2584 0.005
2585 0.005
2586 0.005
2587 0.005
2588 0.005
2594 0.005
2595 0.005
2596 0.005
2597 0.005
2598 0.005
2599 0.005
2600 0.005
2601 0.005
2602 0.005
2603 0.005
2604 0.005
2605 0.005
2606 0.005
2607 0.005
2608 0.005
2609 0.005
2610 0.005
2611 0.005
2612 0.005
2613 0.005
2614 0.005
2615 0.005
2616 0.005
2617 0.005
2618 0.005
2619 0.005
2620 0.005
2621 0.005
2625 0.005
2626 0.005
2627 0.005
2628 0.005
2629 0.005
2630 0.005
2631 0.005
2632 0.005
2633 0.005
2634 0.005
2635 0.005
2636 0.005
2637 0.005
2638 0.005
2641 0.005
2642 0.005
2643 0.005
2644 0.005
2645 0.005
2646 0.005
2647 0.005
2648 0.005
2649 0.005
2650 0.005
2651 0.005
2652 0.005
2653 0.005
2654 0.005
2655 0.005
2656 0.005
2657 0.005
2658 0.005
2659 0.005
2660 0.005
2661 0.005
2662 0.005
2663 0.005
2664 0.005
2665 0.005
2666 0.005
2667 0.005
2668 0.005
2669 0.005
2670 0.005
2671 0.005
2672 0.005
2673 0.005
2674 0.005
2675 0.005
2676 0.005
2677 0.005
2678 0.005
2679 0.005
2680 0.005
2681 0.005
2682 0.005
2683 0.005
2684 0.005
2685 0.005
2686 0.005
2687 0.005
2688 0.005
2689 0.005
2690 0.005
2691 0.005
2692 0.005
2693 0.005
2694 0.005
2698 0.005
2699 0.005
2700 0.005
2701 0.005
2702 0.005
2703 0.005
2704 0.005
2705 0.005
2706 0.005
2707 0.005
2708 0.005
2709 0.005
2714 0.005
2715 0.005
2716 0.005
2717 0.005
2718 0.005
2719 0.005
2720 0.005
2721 0.005
2722 0.005
2734 0.005
2735 0.005
2736 0.005
2737 0.005
2738 0.005
2739 0.005
2740 0.005
2741 0.005
2742 0.005
2743 0.005
2744 0.005
2753 0.005
2755 0.005
2756 0.005
2757 0.005
2758 0.005
2759 0.005
2760 0.005
2761 0.005
2762 0.005
2782 0.005
2783 0.005
2784 0.005
2785 0.005
2786 0.005
2787 0.005
2788 0.005
2789 0.005
2790 0.005
2804 0.005
2806 0.005
2807 0.005
2808 0.005
2809 0.005
2810 0.005
2811 0.005
2812 0.005
2835 0.005
2836 0.005
2837 0.005
2838 0.02
2839 0.005
2840 0.005
2841 0.005
2842 0.005
2843 0.005
2844 0.005
2845 0.005
2868 0.005
2869 0.005
2870 0.005
2871 0.005
2872 0.005
2873 0.005
2874 0.005
2875 0.005
2876 0.005
2901 0.005
2902 0.005
2903 0.02
2904 0.005
2905 0.005
2906 0.005
2907 0.005
2908 0.005
2909 0.005
2910 0.005
2933 0.005
2935 0.005
2937 0.005
2938 0.005
2939 0.005
2940 0.005
2941 0.005
2942 0.005
2970 0.005
2972 0.005
2973 0.02
2974 0.02
2975 0.005
2976 0.005
2977 0.005
2978 0.005
2979 0.005
2980 0.005
2981 0.005
3024 0.005
3025 0.005
3026 0.005
3027 0.005
3060 0.005
3063 0.02
3064 0.005
3065 0.005
3066 0.005
3067 0.005
3068 0.005
3069 0.005
3070 0.005
3071 0.005
3189 0.005
3190 0.005
3191 0.005
3192 0.005
3193 0.005
3194 0.005
3195 0.005
3339 0.005
3340 0.005
3341 0.005
mannings_n_at_sea_floor
3280
2695 0.2
2696 0.2
2712 0.2
2713 0.2
2723 0.2
2724 0.2
2725 0.2
2727 0.2
2728 0.2
2730 0.2
2731 0.2
2750 0.2
2763 0.2
2764 0.2
2767 0.2
2768 0.2
2769 0.2
2770 0.2
2771 0.2
2772 0.2
2773 0.2
2817 0.2
2818 0.2
2819 0.2
2820 0.2
2821 0.2
2822 0.2
2823 0.2
2824 0.2
2825 0.2
2832 0.2
2833 0.2
2834 0.2
2851 0.2
2852 0.2
2853 0.2
2854 0.2
2880 0.2
2881 0.2
2882 0.2
2883 0.2
2884 0.2
2885 0.2
2886 0.2
2887 0.2
2888 0.2
2889 0.2
2896 0.2
2897 0.2
2898 0.2
2899 0.2
2900 0.2
2916 0.2
2917 0.2
2918 0.2
2919 0.2
2920 0.2
2930 0.2
2959 0.2
2965 0.2
2966 0.2
2967 0.2
2968 0.2
2969 0.2
2982 0.2
2983 0.2
2989 0.2
2990 0.2
2991 0.2
2992 0.2
2993 0.2
2994 0.2
2995 0.2
2996 0.2
2997 0.2
3049 0.2
3050 0.2
3051 0.2
3052 0.2
3053 0.2
3054 0.2
3055 0.2
3072 0.2
3073 0.2
3074 0.2
3075 0.2
3086 0.2
3087 0.2
3088 0.2
3089 0.2
3090 0.2
3091 0.2
3092 0.2
3093 0.2
3094 0.2
3095 0.2
3096 0.2
3097 0.2
3098 0.2
3099 0.2
3100 0.2
3101 0.2
3114 0.015
3116 0.015
3120 0.015
3121 0.015
3164 0.2
3165 0.2
3175 0.2
3176 0.2
3196 0.2
3197 0.2
3198 0.2
3199 0.2
3200 0.2
3201 0.2
3202 0.2
3203 0.2
3204 0.2
3205 0.2
3206 0.2
3207 0.2
3223 0.2
3224 0.2
3225 0.2
3226 0.2
3227 0.2
3228 0.2
3229 0.2
3230 0.2
3231 0.2
3232 0.2
3233 0.2
3234 0.2
3235 0.2
3236 0.2
3237 0.2
3238 0.2
3253 0.2
3274 0.015
3314 0.2
3315 0.2
3316 0.2
3317 0.2
3345 0.2
3346 0.2
3347 0.2
3348 0.2
3349 0.2
3350 0.2
3351 0.2
3355 0.2
3357 0.2
3358 0.2
3373 0.2
3374 0.2
3375 0.2
3378 0.2
3379 0.2
3380 0.2
3381 0.2
3382 0.2
3383 0.2
3384 0.2
3385 0.2
3386 0.2
3387 0.2
3388 0.2
3389 0.2
3390 0.2
3391 0.2
3392 0.2
3393 0.2
3394 0.2
3437 0.015
3486 0.2
3487 0.2
3488 0.2
3517 0.2
3518 0.2
3519 0.2
3520 0.2
3521 0.2
3522 0.2
3523 0.2
3527 0.2
3528 0.2
3529 0.2
3531 0.2
3532 0.2
3562 0.2
3563 0.2
3564 0.2
3565 0.2
3566 0.2
3567 0.2
3568 0.2
3569 0.2
3570 0.2
3571 0.2
3572 0.2
3573 0.2
3574 0.2
3575 0.2
3576 0.2
3579 0.2
3581 0.2
3582 0.2
3583 0.2
3617 0.015
3692 0.2
3693 0.2
3694 0.2
3695 0.2
3699 0.2
3701 0.2
3702 0.2
3703 0.2
3704 0.2
3705 0.2
3707 0.2
3708 0.2
3738 0.2
3739 0.2
3740 0.2
3741 0.2
3742 0.2
3743 0.2
3744 0.2
3745 0.2
3746 0.2
3747 0.2
3748 0.2
3749 0.2
3752 0.2
3753 0.2
3754 0.2
3755 0.2
3756 0.2
3781 0.2
3782 0.015
3784 0.2
3785 0.015
3786 0.015
3787 0.015
3854 0.2
3855 0.2
3861 0.2
3862 0.2
3867 0.2
3868 0.2
3869 0.2
3902 0.2
3903 0.2
3904 0.2
3905 0.2
3906 0.2
3907 0.2
3908 0.2
3909 0.2
3910 0.2
3911 0.2
3912 0.2
3913 0.2
3917 0.2
3918 0.2
3919 0.2
3920 0.2
3925 0.2
3927 0.2
3930 0.2
3932 0.2
3936 0.2
3940 0.015
3941 0.015
3942 0.015
3943 0.015
3944 0.015
3945 0.015
3949 0.015
4052 0.2
4061 0.2
4062 0.2
4063 0.2
4067 0.2
4068 0.2
4069 0.2
4070 0.2
4071 0.2
4072 0.2
4077 0.2
4078 0.2
4079 0.2
4080 0.2
4085 0.2
4086 0.2
4087 0.2
4088 0.2
4089 0.2
4090 0.2
4091 0.2
4092 0.015
4094 0.2
4095 0.015
4096 0.015
4099 0.015
4100 0.015
4101 0.015
4102 0.015
4104 0.015
4187 0.2
4188 0.2
4189 0.2
4190 0.2
4193 0.2
4202 0.2
4203 0.2
4204 0.2
4207 0.2
4208 0.2
4209 0.2
4210 0.2
4211 0.2
4216 0.2
4217 0.2
4218 0.2
4219 0.2
4221 0.2
4222 0.2
4223 0.2
4224 0.2
4225 0.2
4226 0.015
4227 0.015
4228 0.015
4229 0.015
4230 0.015
4231 0.015
4232 0.015
4233 0.015
4234 0.015
4235 0.015
4236 0.015
4237 0.015
4238 0.015
4311 0.2
4312 0.2
4313 0.2
4314 0.2
4315 0.2
4317 0.2
4323 0.2
4324 0.2
4325 0.2
4328 0.2
4329 0.2
4330 0.2
4331 0.2
4332 0.2
4337 0.2
4338 0.2
4339 0.2
4340 0.2
4341 0.2
4342 0.2
4343 0.2
4344 0.015
4345 0.2
4346 0.2
4347 0.015
4348 0.015
4349 0.015
4350 0.015
4351 0.015
4352 0.015
4353 0.015
4354 0.015
4355 0.015
4358 0.2
4412 0.2
4426 0.2
4427 0.2
4428 0.2
4429 0.2
4430 0.2
4431 0.2
4436 0.2
4437 0.2
4438 0.2
4439 0.2
4440 0.2
4441 0.2
4442 0.2
4443 0.2
4444 0.2
4445 0.2
4450 0.2
4451 0.2
4452 0.2
4453 0.2
4454 0.2
4455 0.2
4456 0.2
4457 0.2
4458 0.015
4459 0.015
4460 0.015
4461 0.015
4462 0.015
4463 0.015
4464 0.015
4469 0.2
4470 0.2
4472 0.2
4490 0.2
4498 0.2
4499 0.2
4542 0.2
4543 0.2
4544 0.2
4545 0.2
4546 0.2
4548 0.2
4549 0.2
4550 0.2
4551 0.2
4552 0.2
4553 0.2
4554 0.2
4555 0.2
4556 0.2
4557 0.2
4558 0.2
4559 0.2
4560 0.2
4561 0.2
4562 0.2
4563 0.2
4564 0.2
4565 0.2
4566 0.2
4567 0.015
4568 0.2
4569 0.015
4570 0.015
4571 0.2
4572 0.015
4573 0.015
4574 0.08
4575 0.015
4584 0.2
4586 0.2
4605 0.2
4612 0.2
4613 0.2
4648 0.15
4649 0.15
4650 0.15
4651 0.15
4652 0.15
4653 0.15
4654 0.15
4664 0.2
4665 0.2
4668 0.2
4669 0.2
4670 0.2
4671 0.2
4672 0.2
4673 0.2
4674 0.2
4675 0.2
4676 0.2
4677 0.2
4678 0.2
4679 0.2
4680 0.2
4681 0.2
4682 0.2
4683 0.2
4684 0.2
4685 0.2
4686 0.2
4687 0.2
4688 0.2
4689 0.2
4690 0.2
4691 0.2
4692 0.2
4693 0.015
4694 0.015
4695 0.015
4696 0.2
4697 0.015
4698 0.08
4699 0.08
4712 0.2
4733 0.2
4744 0.2
4777 0.15
4778 0.15
4779 0.15
4780 0.15
4781 0.15
4782 0.15
4783 0.15
4784 0.15
4785 0.15
4786 0.15
4787 0.15
4796 0.2
4797 0.2
4798 0.2
4799 0.2
4800 0.2
4801 0.2
4802 0.2
4803 0.2
4804 0.2
4805 0.2
4806 0.2
4807 0.2
4808 0.2
4809 0.2
4810 0.2
4811 0.2
4812 0.2
4813 0.2
4814 0.2
4815 0.2
4816 0.2
4817 0.2
4818 0.2
4819 0.2
4820 0.2
4821 0.2
4822 0.2
4823 0.2
4824 0.2
4825 0.015
4826 0.015
4827 0.015
4828 0.08
4829 0.08
4843 0.2
4865 0.2
4871 0.2
4877 0.2
4903 0.15
4912 0.15
4913 0.15
4914 0.15
4915 0.15
4916 0.15
4917 0.15
4918 0.15
4919 0.15
4920 0.15
4921 0.15
4922 0.15
4923 0.15
4932 0.2
4933 0.2
4934 0.2
4935 0.2
4936 0.2
4937 0.2
4938 0.2
4939 0.2
4940 0.2
4941 0.2
4942 0.2
4943 0.2
4944 0.2
4945 0.2
4946 0.2
4947 0.2
4948 0.2
4949 0.2
4950 0.2
4951 0.2
4952 0.2
4953 0.2
4954 0.2
4955 0.2
4956 0.2
4957 0.2
4958 0.015
4959 0.015
4960 0.015
4961 0.08
4963 0.2
4964 0.2
4966 0.2
4973 0.2
4978 0.2
4979 0.2
4980 0.2
4981 0.2
4982 0.2
4983 0.2
4984 0.2
5003 0.2
5011 0.2
5018 0.2
5035 0.2
5036 0.2
5037 0.2
5038 0.2
5040 0.2
5046 0.15
5047 0.15
5054 0.15
5055 0.15
5056 0.15
5057 0.15
5058 0.15
5059 0.15
5060 0.15
5061 0.15
5062 0.15
5063 0.15
5064 0.15
5065 0.15
5066 0.15
5076 0.2
5077 0.2
5078 0.2
5079 0.2
5080 0.2
5081 0.2
5082 0.2
5083 0.2
5084 0.2
5085 0.2
5086 0.2
5087 0.2
5088 0.2
5089 0.2
5090 0.2
5091 0.2
5092 0.2
5093 0.2
5094 0.2
5095 0.2
5096 0.2
5097 0.2
5098 0.2
5099 0.2
5100 0.015
5101 0.08
5102 0.08
5103 0.08
5104 0.2
5105 0.2
5106 0.2
5107 0.2
5111 0.2
5112 0.2
5115 0.2
5116 0.2
5117 0.2
5118 0.015
5119 0.2
5120 0.2
5121 0.2
5122 0.2
5142 0.2
5172 0.2
5173 0.2
5174 0.2
5175 0.2
5176 0.2
5177 0.2
5178 0.2
5179 0.2
5180 0.2
5182 0.2
5188 0.15
5189 0.15
5190 0.15
5197 0.15
5198 0.15
5199 0.15
5200 0.15
5201 0.15
5202 0.15
5203 0.15
5204 0.15
5207 0.15
5209 0.15
5210 0.15
5211 0.15
5212 0.15
5213 0.15
5214 0.15
5215 0.15
5228 0.2
5229 0.2
5230 0.2
5231 0.2
5232 0.2
5233 0.2
5234 0.2
5235 0.2
5236 0.2
5237 0.2
5238 0.2
5239 0.2
5240 0.2
5241 0.2
5242 0.2
5243 0.2
5244 0.2
5245 0.2
5246 0.2
5247 0.2
5248 0.2
5249 0.2
5250 0.2
5251 0.2
5252 0.015
5253 0.08
5254 0.08
5256 0.2
5257 0.2
5268 0.2
5269 0.015
5270 0.2
5271 0.2
5272 0.2
5295 0.2
5331 0.2
5334 0.2
5335 0.2
5336 0.2
5337 0.2
5338 0.2
5339 0.2
5340 0.2
5341 0.2
5342 0.2
5351 0.15
5352 0.15
5353 0.15
5360 0.15
5361 0.15
5362 0.15
5363 0.15
5364 0.15
5365 0.15
5366 0.15
5367 0.15
5372 0.15
5373 0.15
5374 0.15
5375 0.15
5376 0.15
5377 0.15
5378 0.15
5379 0.15
5396 0.2
5397 0.2
5398 0.2
5399 0.2
5400 0.2
5401 0.2
5402 0.2
5403 0.2
5404 0.2
5405 0.2
5406 0.2
5407 0.2
5408 0.2
5409 0.2
5410 0.2
5411 0.2
5412 0.2
5413 0.2
5414 0.2
5415 0.2
5416 0.2
5417 0.2
5418 0.2
5419 0.08
5420 0.08
5421 0.08
5422 0.2
5424 0.2
5436 0.015
5437 0.015
5438 0.2
5439 0.2
5440 0.2
5441 0.2
5464 0.2
5465 0.2
5484 0.2
5497 0.2
5503 0.2
5506 0.2
5507 0.2
5508 0.2
5509 0.2
5510 0.2
5519 0.15
5520 0.15
5521 0.15
5527 0.15
5528 0.15
5529 0.15
5530 0.15
5535 0.15
5536 0.15
5537 0.15
5538 0.15
5539 0.15
5540 0.15
5541 0.15
5542 0.15
5543 0.15
5560 0.2
5561 0.2
5562 0.2
5563 0.2
5564 0.2
5565 0.2
5566 0.2
5567 0.2
5568 0.2
5569 0.2
5570 0.2
5571 0.2
5572 0.2
5573 0.2
5574 0.2
5575 0.2
5576 0.2
5577 0.2
5578 0.2
5579 0.2
5580 0.2
5581 0.2
5583 0.08
5584 0.08
5585 0.08
5599 0.08
5600 0.015
5601 0.2
5602 0.2
5603 0.015
5611 0.2
5613 0.2
5626 0.2
5627 0.2
5641 0.2
5643 0.2
5644 0.2
5649 0.2
5654 0.2
5660 0.2
5665 0.2
5669 0.2
5670 0.2
5671 0.2
5682 0.15
5683 0.15
5684 0.15
5685 0.15
5689 0.15
5690 0.15
5693 0.15
5694 0.15
5695 0.15
5696 0.15
5697 0.15
5698 0.15
5699 0.15
5700 0.15
5701 0.15
5702 0.15
5718 0.2
5719 0.2
5720 0.2
5721 0.2
5722 0.2
5723 0.2
5724 0.2
5725 0.2
5726 0.2
5727 0.2
5728 0.2
5729 0.2
5730 0.2
5731 0.2
5732 0.2
5733 0.2
5734 0.2
5735 0.2
5736 0.2
5737 0.2
5738 0.2
5743 0.08
5744 0.08
5745 0.08
5756 0.2
5758 0.015
5759 0.015
5760 0.2
5761 0.2
5768 0.2
5769 0.2
5770 0.2
5781 0.2
5783 0.2
5784 0.2
5791 0.2
5792 0.2
5796 0.2
5797 0.2
5798 0.2
5805 0.2
5818 0.2
5823 0.2
5836 0.15
5837 0.15
5838 0.15
5841 0.15
5843 0.15
5844 0.15
5845 0.15
5846 0.15
5847 0.15
5848 0.15
5849 0.15
5850 0.15
5851 0.15
5852 0.15
5853 0.15
5854 0.15
5871 0.2
5872 0.2
5873 0.2
5874 0.2
5875 0.2
5876 0.2
5877 0.2
5878 0.2
5879 0.2
5880 0.2
5881 0.2
5882 0.2
5883 0.2
5884 0.2
5885 0.2
5886 0.2
5887 0.2
5888 0.2
5889 0.2
5898 0.08
5899 0.015
5900 0.015
5909 0.2
5913 0.015
5914 0.2
5915 0.015
5916 0.2
5917 0.2
5919 0.2
5921 0.2
5922 0.2
5923 0.2
5931 0.2
5933 0.2
5936 0.2
5937 0.2
5938 0.2
5942 0.2
5947 0.2
5950 0.2
5951 0.2
5952 0.2
5953 0.2
5971 0.2
5972 0.2
5973 0.2
5974 0.2
5978 0.2
5980 0.2
5991 0.15
5992 0.15
5994 0.15
5995 0.15
5996 0.15
5997 0.15
5998 0.15
5999 0.15
6000 0.08
6001 0.08
6002 0.15
6003 0.15
6004 0.15
6005 0.08
6006 0.08
6007 0.15
6008 0.08
6024 0.08
6029 0.2
6030 0.2
6031 0.2
6032 0.2
6033 0.2
6034 0.2
6035 0.2
6036 0.2
6037 0.2
6038 0.2
6039 0.2
6040 0.2
6041 0.2
6042 0.2
6043 0.2
6044 0.2
6045 0.2
6047 0.2
6055 0.08
6056 0.015
6057 0.015
6064 0.2
6068 0.015
6069 0.015
6070 0.2
6071 0.2
6072 0.2
6073 0.2
6074 0.2
6075 0.2
6076 0.2
6083 0.2
6084 0.2
6089 0.2
6090 0.2
6091 0.2
6093 0.2
6096 0.2
6100 0.2
6101 0.2
6102 0.2
6103 0.2
6104 0.2
6105 0.2
6106 0.2
6113 0.2
6127 0.2
6128 0.2
6129 0.2
6130 0.2
6133 0.2
6134 0.2
6135 0.2
6136 0.2
6148 0.15
6149 0.015
6150 0.15
6151 0.15
6152 0.015
6153 0.015
6154 0.15
6155 0.15
6156 0.08
6157 0.08
6158 0.08
6159 0.08
6160 0.015
6161 0.015
6162 0.15
6163 0.08
6164 0.08
6165 0.08
6166 0.08
6167 0.08
6184 0.08
6185 0.08
6186 0.08
6189 0.2
6190 0.2
6191 0.2
6192 0.2
6193 0.2
6194 0.2
6195 0.2
6196 0.2
6197 0.2
6198 0.2
6199 0.2
6200 0.2
6201 0.2
6202 0.2
6203 0.2
6204 0.2
6205 0.2
6206 0.2
6209 0.2
6217 0.015
6218 0.015
6225 0.2
6226 0.2
6229 0.2
6230 0.2
6231 0.015
6232 0.2
6233 0.2
6234 0.2
6235 0.2
6236 0.2
6237 0.2
6241 0.2
6242 0.2
6243 0.2
6244 0.2
6245 0.2
6248 0.2
6249 0.2
6250 0.2
6252 0.2
6254 0.2
6257 0.2
6258 0.2
6259 0.2
6260 0.2
6261 0.2
6262 0.2
6263 0.2
6281 0.2
6282 0.2
6283 0.2
6284 0.2
6286 0.2
6287 0.2
6288 0.2
6289 0.2
6292 0.015
6293 0.015
6294 0.015
6302 0.015
6303 0.015
6304 0.015
6305 0.015
6306 0.015
6308 0.08
6309 0.08
6310 0.08
6311 0.08
6312 0.08
6313 0.08
6314 0.08
6315 0.015
6316 0.015
6317 0.015
6318 0.015
6319 0.08
6320 0.08
6321 0.08
6322 0.08
6341 0.08
6342 0.08
6343 0.08
6344 0.08
6346 0.2
6347 0.2
6348 0.2
6349 0.2
6350 0.2
6351 0.2
6352 0.2
6353 0.2
6354 0.2
6355 0.2
6356 0.2
6357 0.2
6358 0.2
6359 0.2
6360 0.2
6361 0.2
6362 0.2
6363 0.2
6365 0.2
6371 0.015
6372 0.015
6378 0.2
6379 0.2
6382 0.2
6383 0.2
6384 0.015
6385 0.2
6386 0.2
6387 0.2
6388 0.2
6389 0.2
6393 0.2
6394 0.2
6395 0.2
6396 0.2
6397 0.2
6398 0.2
6399 0.2
6400 0.2
6401 0.2
6402 0.2
6403 0.2
6404 0.2
6405 0.2
6407 0.2
6408 0.2
6410 0.2
6411 0.2
6412 0.2
6413 0.2
6414 0.2
6415 0.2
6416 0.2
6427 0.2
6432 0.2
6433 0.2
6434 0.2
6435 0.2
6436 0.2
6437 0.2
6438 0.2
6439 0.2
6440 0.2
6441 0.2
6443 0.015
6444 0.015
6445 0.015
6446 0.015
6458 0.08
6459 0.08
6460 0.08
6461 0.08
6462 0.08
6463 0.08
6464 0.08
6465 0.08
6466 0.015
6467 0.015
6468 0.015
6469 0.015
6470 0.015
6471 0.08
6472 0.08
6473 0.015
6474 0.2
6489 0.08
6490 0.08
6491 0.08
6492 0.08
6493 0.08
6494 0.08
6495 0.08
6496 0.08
6497 0.2
6498 0.2
6499 0.2
6500 0.2
6501 0.2
6502 0.2
6503 0.2
6504 0.2
6505 0.2
6506 0.2
6507 0.2
6508 0.2
6509 0.2
6510 0.2
6511 0.2
6512 0.2
6513 0.2
6514 0.2
6515 0.2
6516 0.2
6522 0.015
6523 0.015
6528 0.2
6529 0.2
6531 0.2
6532 0.015
6533 0.2
6534 0.2
6535 0.2
6536 0.2
6537 0.2
6538 0.2
6539 0.2
6540 0.2
6541 0.2
6542 0.2
6543 0.2
6544 0.2
6545 0.2
6546 0.2
6547 0.2
6548 0.2
6549 0.2
6550 0.2
6551 0.2
6552 0.2
6553 0.2
6554 0.2
6555 0.2
6556 0.2
6557 0.2
6559 0.2
6560 0.2
6561 0.2
6562 0.2
6563 0.2
6564 0.2
6566 0.2
6568 0.2
6570 0.2
6574 0.2
6575 0.2
6578 0.2
6579 0.2
6581 0.2
6588 0.015
6589 0.015
6590 0.015
6591 0.015
6592 0.015
6604 0.08
6605 0.08
6606 0.08
6607 0.08
6608 0.08
6609 0.08
6610 0.08
6611 0.08
6612 0.08
6613 0.015
6614 0.015
6615 0.015
6616 0.015
6617 0.08
6618 0.015
6619 0.015
6620 0.015
6621 0.2
6633 0.08
6634 0.08
6635 0.08
6636 0.08
6637 0.08
6638 0.08
6639 0.08
6640 0.08
6641 0.08
6642 0.08
6643 0.08
6644 0.2
6645 0.2
6646 0.2
6647 0.2
6648 0.2
6649 0.2
6650 0.2
6651 0.2
6652 0.2
6653 0.2
6654 0.2
6655 0.2
6656 0.2
6657 0.2
6658 0.2
6659 0.2
6660 0.2
6661 0.2
6662 0.2
6671 0.015
6672 0.015
6678 0.015
6679 0.2
6680 0.2
6681 0.2
6682 0.2
6683 0.015
6684 0.015
6685 0.2
6686 0.2
6687 0.2
6688 0.2
6689 0.2
6690 0.2
6691 0.2
6692 0.2
6693 0.2
6694 0.2
6695 0.2
6696 0.2
6697 0.2
6698 0.2
6699 0.2
6700 0.2
6701 0.2
6702 0.2
6703 0.2
6704 0.2
6705 0.2
6706 0.2
6707 0.2
6708 0.2
6709 0.2
6711 0.2
6712 0.2
6713 0.2
6714 0.2
6715 0.2
6716 0.2
6717 0.2
6718 0.2
6719 0.2
6720 0.2
6721 0.2
6724 0.2
6727 0.2
6728 0.2
6729 0.2
6730 0.2
6731 0.2
6739 0.015
6740 0.015
6741 0.015
6752 0.08
6753 0.08
6754 0.08
6755 0.08
6756 0.08
6757 0.08
6758 0.08
6759 0.08
6760 0.08
6761 0.015
6762 0.015
6763 0.08
6764 0.015
6765 0.015
6766 0.015
6767 0.015
6768 0.2
6769 0.2
6771 0.2
6779 0.08
6780 0.08
6781 0.08
6782 0.08
6783 0.08
6784 0.08
6785 0.08
6786 0.08
6787 0.08
6788 0.08
6789 0.08
6790 0.08
6791 0.08
6792 0.08
6793 0.08
6794 0.08
6795 0.08
6796 0.08
6797 0.2
6798 0.2
6799 0.2
6800 0.2
6801 0.2
6802 0.2
6803 0.2
6804 0.2
6805 0.2
6806 0.2
6807 0.2
6808 0.2
6809 0.2
6810 0.2
6811 0.2
6812 0.2
6813 0.2
6814 0.2
6817 0.2
6823 0.015
6824 0.08
6825 0.015
6829 0.2
6830 0.2
6831 0.2
6832 0.2
6833 0.015
6834 0.015
6835 0.2
6836 0.2
6837 0.2
6838 0.2
6839 0.2
6840 0.2
6841 0.2
6842 0.2
6843 0.2
6844 0.2
6845 0.2
6846 0.2
6847 0.2
6848 0.2
6849 0.2
6850 0.2
6851 0.2
6852 0.2
6853 0.2
6854 0.2
6855 0.2
6856 0.2
6857 0.2
6858 0.2
6859 0.2
6860 0.2
6861 0.2
6862 0.2
6863 0.2
6864 0.2
6865 0.2
6866 0.2
6867 0.2
6868 0.2
6869 0.2
6876 0.2
6877 0.2
6878 0.2
6887 0.015
6898 0.08
6899 0.08
6900 0.08
6901 0.08
6902 0.08
6903 0.08
6904 0.08
6905 0.08
6906 0.08
6907 0.08
6908 0.015
6909 0.015
6910 0.015
6911 0.015
6912 0.015
6913 0.015
6914 0.08
6915 0.08
6916 0.015
6917 0.08
6918 0.2
6919 0.2
6929 0.08
6930 0.08
6931 0.08
6932 0.08
6933 0.08
6934 0.08
6935 0.08
6936 0.08
6937 0.08
6938 0.08
6939 0.08
6940 0.08
6941 0.08
6942 0.08
6943 0.08
6944 0.08
6945 0.08
6946 0.08
6947 0.08
6948 0.08
6949 0.2
6950 0.2
6951 0.2
6952 0.2
6953 0.2
6954 0.2
6955 0.2
6956 0.2
6957 0.2
6958 0.2
6959 0.2
6960 0.2
6961 0.2
6962 0.2
6963 0.2
6964 0.2
6965 0.2
6966 0.2
6967 0.2
6968 0.2
6975 0.2
6976 0.015
6977 0.08
6978 0.015
6979 0.2
6980 0.2
6981 0.2
6982 0.2
6983 0.2
6984 0.2
6985 0.2
6986 0.2
6987 0.2
6988 0.2
6989 0.2
6990 0.2
6991 0.2
6992 0.2
6993 0.2
6994 0.2
6995 0.2
6996 0.2
6997 0.2
6998 0.2
6999 0.2
7000 0.2
7001 0.2
7002 0.2
7003 0.2
7004 0.016
7005 0.016
7006 0.016
7007 0.016
7008 0.2
7009 0.2
7010 0.2
7011 0.2
7012 0.2
7013 0.2
7014 0.2
7015 0.2
7016 0.2
7017 0.2
7018 0.2
7019 0.2
7020 0.2
7023 0.2
7027 0.2
7028 0.2
7029 0.2
7046 0.08
7047 0.08
7048 0.08
7049 0.08
7050 0.08
7051 0.08
7052 0.08
7053 0.08
7054 0.08
7055 0.08
7056 0.08
7057 0.015
7058 0.015
7059 0.08
7060 0.015
7061 0.08
7062 0.08
7063 0.08
7067 0.2
7068 0.2
7078 0.08
7079 0.08
7080 0.08
7081 0.08
7082 0.08
7083 0.08
7084 0.08
7085 0.08
7086 0.08
7087 0.08
7088 0.08
7089 0.08
7090 0.08
7091 0.08
7092 0.08
7093 0.08
7094 0.08
7095 0.08
7096 0.08
7097 0.2
7098 0.2
7099 0.2
7100 0.2
7101 0.2
7102 0.2
7103 0.2
7104 0.2
7105 0.2
7106 0.2
7107 0.2
7108 0.2
7109 0.2
7110 0.2
7111 0.2
7112 0.2
7113 0.2
7114 0.2
7115 0.2
7116 0.2
7118 0.2
7119 0.2
7120 0.2
7121 0.016
7122 0.015
7123 0.015
7124 0.015
7125 0.2
7126 0.2
7127 0.2
7128 0.2
7129 0.2
7130 0.2
7131 0.2
7132 0.016
7133 0.016
7134 0.016
7135 0.016
7136 0.016
7137 0.2
7138 0.2
7139 0.2
7140 0.2
7141 0.2
7142 0.2
7143 0.2
7144 0.2
7145 0.2
7146 0.016
7147 0.016
7148 0.016
7149 0.2
7150 0.016
7151 0.2
7152 0.2
7153 0.2
7154 0.2
7155 0.2
7156 0.2
7157 0.2
7158 0.2
7159 0.2
7160 0.2
7161 0.2
7162 0.2
7163 0.2
7165 0.2
7166 0.2
7167 0.2
7169 0.2
7170 0.2
7171 0.2
7188 0.08
7189 0.08
7190 0.08
7191 0.08
7192 0.08
7193 0.08
7194 0.08
7195 0.015
7196 0.015
7197 0.015
7198 0.08
7199 0.08
7201 0.08
7202 0.08
7203 0.08
7210 0.2
7211 0.2
7214 0.2
7221 0.08
7222 0.08
7223 0.08
7224 0.08
7225 0.08
7226 0.08
7227 0.08
7228 0.08
7229 0.015
7230 0.015
7231 0.015
7232 0.08
7233 0.08
7234 0.08
7235 0.08
7236 0.08
7237 0.08
7238 0.2
7239 0.2
7240 0.2
7241 0.2
7242 0.2
7243 0.2
7244 0.2
7245 0.2
7246 0.2
7247 0.2
7248 0.2
7249 0.2
7250 0.2
7251 0.2
7252 0.2
7253 0.2
7254 0.2
7255 0.2
7256 0.2
7257 0.2
7258 0.2
7259 0.2
7261 0.016
7262 0.2
7263 0.015
7264 0.015
7265 0.2
7266 0.2
7267 0.2
7268 0.2
7269 0.016
7270 0.016
7271 0.016
7272 0.016
7273 0.016
7274 0.016
7275 0.2
7276 0.2
7277 0.2
7278 0.2
7279 0.2
7280 0.2
7281 0.2
7282 0.2
7283 0.016
7284 0.016
7285 0.016
7286 0.016
7287 0.2
7288 0.2
7289 0.2
7290 0.2
7291 0.2
7292 0.2
7293 0.2
7294 0.2
7295 0.2
7296 0.2
7297 0.2
7298 0.2
7299 0.2
7300 0.2
7301 0.2
7302 0.2
7303 0.2
7304 0.2
7305 0.2
7306 0.2
7307 0.2
7308 0.2
7309 0.2
7325 0.08
7326 0.08
7327 0.08
7328 0.08
7329 0.08
7330 0.08
7331 0.08
7332 0.08
7333 0.08
7334 0.08
7335 0.08
7337 0.08
7338 0.08
7339 0.08
7340 0.08
7341 0.08
7342 0.08
7345 0.2
7346 0.2
7347 0.2
7348 0.2
7349 0.2
7350 0.2
7352 0.2
7360 0.08
7361 0.08
7362 0.08
7363 0.15
7364 0.15
7365 0.08
7366 0.08
7367 0.08
7368 0.08
7369 0.08
7370 0.015
7371 0.015
7373 0.08
7374 0.08
7375 0.08
7376 0.015
7377 0.2
7378 0.2
7379 0.2
7380 0.2
7381 0.2
7382 0.016
7383 0.2
7384 0.016
7385 0.2
7386 0.2
7387 0.2
7388 0.2
7389 0.2
7390 0.2
7391 0.2
7392 0.2
7393 0.2
7394 0.2
7395 0.2
7396 0.2
7397 0.2
7398 0.2
7400 0.2
7401 0.016
7402 0.016
7404 0.015
7406 0.2
7407 0.2
7408 0.016
7409 0.016
7410 0.016
7411 0.016
7412 0.2
7413 0.2
7414 0.016
7415 0.016
7416 0.016
7417 0.016
7418 0.016
7419 0.2
7420 0.016
7421 0.016
7422 0.016
7423 0.016
7424 0.016
7425 0.2
7426 0.016
7427 0.2
7428 0.2
7429 0.2
7430 0.2
7431 0.2
7432 0.2
7433 0.2
7434 0.2
7435 0.2
7436 0.2
7437 0.2
7438 0.2
7439 0.2
7440 0.2
7441 0.2
7442 0.2
7443 0.2
7444 0.2
7445 0.2
7446 0.2
7463 0.08
7464 0.08
7465 0.08
7466 0.08
7467 0.08
7468 0.08
7469 0.08
7470 0.08
7471 0.08
7473 0.08
7474 0.08
7475 0.08
7476 0.08
7477 0.08
7478 0.08
7484 0.2
7485 0.2
7486 0.2
7487 0.2
7488 0.2
7489 0.2
7490 0.2
7491 0.2
7492 0.2
7493 0.2
7500 0.08
7501 0.08
7502 0.08
7503 0.2
7504 0.15
7505 0.15
7506 0.08
7507 0.08
7508 0.08
7509 0.08
7510 0.08
7511 0.08
7512 0.08
7513 0.08
7514 0.015
7515 0.015
7516 0.08
7517 0.08
7518 0.08
7519 0.08
7520 0.016
7521 0.2
7522 0.2
7523 0.016
7524 0.016
7525 0.2
7526 0.016
7527 0.2
7530 0.2
7531 0.2
7532 0.2
7533 0.2
7534 0.016
7535 0.2
7536 0.2
7537 0.2
7538 0.2
7539 0.016
7540 0.016
7541 0.016
7542 0.016
7543 0.016
7544 0.016
7545 0.016
7546 0.016
7547 0.016
7548 0.016
7549 0.016
7550 0.016
7551 0.08
7552 0.015
7553 0.2
7554 0.016
7555 0.016
7556 0.016
7557 0.016
7558 0.016
7559 0.016
7560 0.016
7561 0.016
7562 0.016
7563 0.016
7564 0.016
7565 0.2
7566 0.2
7567 0.2
7568 0.2
7569 0.2
7570 0.2
7571 0.2
7572 0.2
7573 0.2
7574 0.2
7575 0.2
7576 0.2
7577 0.2
7578 0.2
7579 0.2
7580 0.2
7581 0.2
7582 0.2
7583 0.2
7584 0.2
7585 0.2
7604 0.08
7605 0.08
7606 0.08
7607 0.08
7608 0.08
7609 0.08
7610 0.08
7611 0.08
7612 0.08
7614 0.08
7615 0.08
7616 0.08
7617 0.08
7618 0.08
7619 0.08
7629 0.2
7630 0.2
7631 0.2
7632 0.2
7633 0.2
7634 0.2
7635 0.2
7636 0.2
7637 0.2
7638 0.2
7641 0.2
7642 0.2
7643 0.2
7645 0.08
7646 0.08
7647 0.08
7648 0.08
7649 0.2
7650 0.08
7651 0.15
7652 0.08
7653 0.08
7654 0.08
7655 0.08
7656 0.08
7657 0.08
7658 0.08
7659 0.08
7660 0.08
7661 0.08
7662 0.08
7663 0.08
7664 0.08
7665 0.016
7666 0.016
7667 0.016
7668 0.016
7669 0.016
7670 0.016
7671 0.016
7672 0.016
7673 0.2
7674 0.016
7675 0.016
7676 0.2
7677 0.016
7678 0.016
7679 0.016
7680 0.016
7681 0.016
7682 0.016
7683 0.016
7684 0.016
7685 0.016
7686 0.016
7687 0.016
7688 0.016
7689 0.016
7690 0.015
7691 0.015
7692 0.016
7693 0.016
7694 0.016
7695 0.016
7696 0.016
7697 0.016
7698 0.016
7699 0.2
7700 0.016
7701 0.016
7702 0.2
7703 0.2
7704 0.2
7705 0.2
7706 0.2
7707 0.2
7708 0.2
7709 0.2
7710 0.2
7711 0.016
7712 0.016
7713 0.2
7714 0.2
7715 0.2
7716 0.2
7717 0.2
7718 0.2
7719 0.2
7720 0.2
7721 0.2
7740 0.08
7741 0.08
7742 0.08
7743 0.08
7744 0.08
7745 0.08
7746 0.08
7747 0.08
7749 0.08
7750 0.08
7751 0.08
7752 0.08
7753 0.2
7763 0.2
7764 0.2
7765 0.2
7766 0.2
7767 0.2
7768 0.2
7769 0.2
7770 0.2
7771 0.2
7772 0.2
7773 0.2
7774 0.2
7775 0.2
7776 0.2
7779 0.08
7780 0.08
7781 0.08
7782 0.08
7783 0.08
7784 0.08
7786 0.2
7787 0.2
7788 0.2
7789 0.08
7790 0.08
7791 0.08
7792 0.08
7793 0.08
7794 0.08
7795 0.08
7796 0.08
7797 0.08
7798 0.08
7799 0.08
7800 0.08
7801 0.08
7802 0.016
7803 0.016
7804 0.016
7805 0.016
7806 0.016
7807 0.016
7808 0.016
7809 0.016
7810 0.016
7811 0.016
7812 0.016
7813 0.016
7814 0.016
7815 0.016
7816 0.016
7817 0.016
7818 0.016
7819 0.016
7820 0.016
7821 0.016
7822 0.015
7823 0.015
7824 0.016
7825 0.016
7826 0.016
7827 0.016
7828 0.016
7829 0.016
7830 0.016
7831 0.2
7832 0.016
7833 0.016
7834 0.2
7835 0.2
7836 0.2
7837 0.2
7838 0.2
7839 0.2
7840 0.2
7841 0.016
7842 0.2
7843 0.016
7844 0.2
7845 0.016
7846 0.2
7847 0.2
7848 0.2
7849 0.2
7850 0.2
7851 0.2
7852 0.2
7853 0.2
7854 0.2
7858 0.2
7859 0.2
7872 0.08
7873 0.08
7874 0.08
7875 0.08
7876 0.08
7877 0.08
7878 0.08
7879 0.08
7880 0.08
7881 0.08
7882 0.08
7883 0.08
7884 0.2
7885 0.2
7894 0.2
7895 0.2
7896 0.2
7899 0.2
7900 0.2
7901 0.2
7902 0.2
7903 0.2
7904 0.2
7905 0.2
7906 0.2
7907 0.2
7910 0.08
7911 0.08
7912 0.08
7913 0.08
7914 0.08
7915 0.08
7917 0.2
7918 0.2
7919 0.2
7920 0.2
7921 0.2
7922 0.08
7923 0.08
7924 0.08
7925 0.08
7926 0.08
7927 0.08
7928 0.08
7929 0.08
7930 0.08
7931 0.08
7932 0.08
7933 0.015
7934 0.016
7935 0.016
7936 0.016
7937 0.016
7938 0.016
7939 0.016
7940 0.016
7941 0.016
7942 0.016
7943 0.016
7944 0.016
7945 0.016
7946 0.016
7947 0.016
7948 0.016
7949 0.016
7950 0.016
7951 0.016
7952 0.016
7953 0.016
7954 0.016
7955 0.016
7956 0.016
7957 0.016
7958 0.2
7959 0.016
7960 0.016
7961 0.016
7962 0.2
7963 0.016
7964 0.2
7965 0.2
7966 0.016
7967 0.016
7968 0.016
7969 0.016
7970 0.016
7971 0.016
7972 0.016
7973 0.2
7974 0.2
7975 0.2
7976 0.2
7977 0.2
7978 0.2
7979 0.2
7980 0.2
7981 0.2
7982 0.08
7984 0.2
7985 0.2
7986 0.2
7987 0.2
7993 0.2
7998 0.08
7999 0.08
8000 0.08
8001 0.08
8002 0.08
8003 0.08
8004 0.08
8005 0.08
8006 0.08
8007 0.08
8008 0.08
8009 0.2
8010 0.2
8016 0.2
8017 0.2
8018 0.2
8019 0.2
8026 0.2
8027 0.2
8028 0.2
8029 0.2
8030 0.2
8031 0.2
8032 0.2
8033 0.2
8034 0.2
8036 0.08
8037 0.08
8038 0.08
8041 0.08
8042 0.08
8043 0.08
8044 0.2
8045 0.2
8046 0.2
8047 0.2
8048 0.2
8049 0.08
8050 0.08
8051 0.08
8052 0.08
8053 0.08
8054 0.08
8055 0.08
8056 0.08
8057 0.016
8058 0.016
8059 0.016
8060 0.016
8061 0.016
8062 0.016
8063 0.016
8064 0.016
8065 0.016
8066 0.016
8067 0.016
8068 0.016
8069 0.016
8070 0.016
8071 0.016
8072 0.016
8073 0.016
8074 0.016
8076 0.016
8077 0.016
8078 0.016
8079 0.016
8080 0.016
8081 0.016
8082 0.016
8083 0.016
8084 0.016
8085 0.016
8086 0.016
8087 0.016
8088 0.016
8089 0.016
8090 0.2
8091 0.2
8092 0.2
8093 0.2
8094 0.2
8095 0.2
8096 0.2
8097 0.2
8098 0.2
8099 0.08
8100 0.08
8101 0.08
8102 0.08
8104 0.2
8105 0.2
8106 0.2
8107 0.2
8108 0.2
8109 0.2
8110 0.2
8111 0.2
8112 0.2
8118 0.08
8119 0.08
8120 0.08
8121 0.08
8122 0.08
8123 0.08
8124 0.08
8125 0.08
8126 0.08
8127 0.2
8131 0.2
8133 0.2
8134 0.2
8135 0.2
8144 0.2
8145 0.2
8146 0.2
8147 0.2
8148 0.2
8149 0.2
8150 0.2
8151 0.2
8152 0.2
8153 0.2
8154 0.2
8157 0.08
8158 0.08
8165 0.2
8166 0.2
8167 0.2
8168 0.2
8169 0.08
8170 0.08
8171 0.08
8172 0.08
8173 0.08
8174 0.08
8175 0.08
8176 0.08
8177 0.016
8178 0.016
8179 0.016
8180 0.016
8181 0.016
8182 0.016
8183 0.016
8184 0.016
8185 0.016
8186 0.016
8187 0.015
8188 0.016
8189 0.016
8190 0.016
8191 0.016
8192 0.016
8193 0.016
8194 0.016
8195 0.016
8196 0.016
8197 0.016
8198 0.016
8199 0.016
8200 0.016
8201 0.2
8202 0.2
8203 0.2
8204 0.2
8205 0.2
8206 0.2
8207 0.2
8208 0.2
8209 0.2
8212 0.08
8213 0.08
8216 0.2
8217 0.2
8218 0.2
8219 0.2
8220 0.2
8221 0.2
8222 0.2
8223 0.2
8224 0.08
8226 0.08
8227 0.08
8228 0.08
8229 0.08
8230 0.08
8231 0.08
8232 0.08
8233 0.08
8234 0.08
8235 0.08
8236 0.2
8241 0.2
8242 0.2
8245 0.2
8246 0.2
8247 0.2
8258 0.2
8259 0.2
8260 0.2
8261 0.2
8262 0.2
8263 0.2
8264 0.2
8265 0.2
8266 0.2
8269 0.08
8271 0.08
8272 0.08
8281 0.2
8282 0.2
8283 0.2
8284 0.08
8285 0.08
8286 0.08
8287 0.08
8288 0.08
8289 0.08
8290 0.08
8291 0.016
8292 0.016
8293 0.016
8294 0.016
8295 0.016
8296 0.016
8297 0.016
8298 0.08
8299 0.016
8300 0.016
8301 0.016
8302 0.016
8303 0.016
8304 0.016
8305 0.016
8306 0.016
8307 0.016
8308 0.016
8309 0.016
8310 0.016
8311 0.016
8312 0.2
8313 0.2
8314 0.2
8315 0.2
8316 0.2
8317 0.2
8318 0.2
8319 0.2
8324 0.2
8325 0.2
8326 0.2
8327 0.2
8328 0.2
8329 0.2
8330 0.2
8331 0.2
8332 0.08
8333 0.08
8334 0.08
8335 0.08
8336 0.08
8337 0.08
8338 0.08
8339 0.08
8340 0.08
8342 0.2
8346 0.08
8347 0.2
8355 0.2
8356 0.2
8366 0.2
8367 0.2
8368 0.2
8369 0.2
8370 0.2
8371 0.2
8374 0.2
8375 0.2
8378 0.015
8379 0.08
8380 0.08
8381 0.08
8382 0.08
8383 0.015
8384 0.015
8385 0.015
8387 0.015
8391 0.2
8392 0.2
8393 0.2
8394 0.08
8395 0.08
8396 0.08
8397 0.08
8398 0.08
8399 0.016
8400 0.016
8401 0.016
8402 0.016
8403 0.015
8404 0.08
8405 0.016
8406 0.016
8407 0.016
8408 0.016
8409 0.016
8410 0.016
8411 0.016
8412 0.016
8413 0.016
8414 0.016
8415 0.016
8416 0.2
8417 0.2
8418 0.2
8419 0.2
8420 0.2
8421 0.016
8422 0.2
8423 0.2
8425 0.2
8426 0.2
8427 0.2
8428 0.2
8429 0.2
8430 0.2
8431 0.2
8432 0.2
8433 0.2
8434 0.2
8435 0.2
8436 0.08
8437 0.08
8438 0.08
8439 0.08
8440 0.08
8441 0.08
8442 0.08
8443 0.08
8445 0.2
8446 0.2
8451 0.08
8452 0.015
8460 0.2
8461 0.2
8468 0.2
8469 0.2
8470 0.2
8471 0.2
8472 0.2
8476 0.2
8477 0.2
8479 0.015
8480 0.08
8481 0.015
8482 0.015
8483 0.015
8484 0.015
8485 0.015
8486 0.015
8487 0.015
8489 0.015
8492 0.015
8493 0.2
8494 0.2
8495 0.2
8496 0.08
8497 0.08
8498 0.08
8499 0.08
8500 0.016
8501 0.08
8502 0.08
8503 0.08
8504 0.08
8505 0.016
8506 0.016
8507 0.016
8508 0.016
8509 0.016
8510 0.016
8511 0.016
8512 0.016
8513 0.016
8514 0.016
8515 0.016
8516 0.2
8517 0.2
8518 0.2
8519 0.016
8520 0.016
8521 0.2
8522 0.2
8523 0.2
8524 0.2
8525 0.2
8526 0.2
8527 0.2
8528 0.2
8529 0.2
8530 0.2
8531 0.2
8532 0.015
8533 0.015
8537 0.2
8538 0.2
8539 0.2
8543 0.015
8544 0.015
8545 0.015
8553 0.2
8554 0.2
8560 0.2
8561 0.2
8562 0.2
8567 0.2
8568 0.2
8569 0.2
8570 0.015
8571 0.015
8572 0.015
8573 0.015
8574 0.015
8575 0.015
8576 0.015
8577 0.015
8578 0.015
8579 0.015
8580 0.015
8581 0.015
8582 0.2
8583 0.2
8586 0.08
8587 0.08
8588 0.08
8589 0.08
8590 0.016
8591 0.015
8592 0.08
8593 0.08
8594 0.016
8595 0.016
8596 0.016
8597 0.016
8598 0.016
8599 0.016
8600 0.016
8601 0.016
8602 0.016
8603 0.016
8604 0.016
8605 0.2
8606 0.016
8607 0.2
8608 0.016
8609 0.2
8610 0.2
8611 0.2
8612 0.2
8613 0.2
8614 0.2
8615 0.2
8616 0.2
8617 0.2
8618 0.2
8619 0.015
8620 0.015
8621 0.2
8622 0.2
8623 0.2
8624 0.2
8625 0.2
8626 0.2
8627 0.2
8628 0.015
8629 0.015
8630 0.015
8631 0.015
8632 0.015
8633 0.016
8649 0.2
8650 0.2
8652 0.2
8657 0.2
8658 0.2
8662 0.015
8663 0.015
8664 0.015
8665 0.016
8666 0.016
8667 0.015
8668 0.015
8669 0.015
8670 0.015
8671 0.015
8672 0.015
8673 0.015
8674 0.2
8675 0.2
8679 0.2
8680 0.015
8681 0.08
8682 0.08
8683 0.015
8684 0.015
8685 0.08
8686 0.08
8687 0.016
8688 0.015
8689 0.016
8690 0.016
8691 0.016
8692 0.016
8693 0.016
8694 0.016
8695 0.016
8696 0.2
8697 0.2
8698 0.016
8699 0.2
8700 0.2
8701 0.2
8702 0.2
8703 0.2
8704 0.2
8705 0.2
8706 0.2
8707 0.2
8708 0.016
8709 0.015
8710 0.2
8711 0.2
8712 0.2
8713 0.2
8714 0.2
8715 0.2
8716 0.2
8717 0.015
8718 0.015
8719 0.015
8720 0.015
8722 0.015
8723 0.016
8735 0.2
8744 0.2
8745 0.2
8750 0.015
8751 0.015
8752 0.016
8753 0.016
8754 0.016
8755 0.015
8756 0.015
8757 0.015
8758 0.2
8759 0.2
8763 0.2
8764 0.016
8765 0.016
8766 0.015
8767 0.016
8768 0.015
8769 0.015
8770 0.015
8771 0.015
8772 0.015
8773 0.016
8774 0.016
8775 0.016
8776 0.016
8777 0.016
8778 0.2
8779 0.016
8780 0.016
8781 0.2
8782 0.2
8783 0.2
8784 0.2
8785 0.2
8786 0.2
8787 0.2
8788 0.2
8789 0.2
8790 0.2
8791 0.2
8792 0.2
8793 0.2
8794 0.2
8795 0.2
8796 0.2
8797 0.015
8798 0.015
8799 0.015
8800 0.2
8801 0.015
8803 0.016
8820 0.2
8821 0.2
8828 0.015
8829 0.016
8830 0.016
8831 0.016
8832 0.016
8833 0.2
8835 0.2
8836 0.016
8837 0.015
8838 0.015
8839 0.015
8840 0.015
8841 0.016
8842 0.016
8843 0.016
8844 0.016
8845 0.2
8846 0.016
8847 0.016
8848 0.2
8849 0.2
8850 0.2
8851 0.2
8852 0.2
8853 0.2
8854 0.2
8855 0.2
8856 0.2
8857 0.2
8858 0.2
8859 0.2
8860 0.2
8861 0.2
8862 0.2
8863 0.016
8864 0.016
8865 0.016
8866 0.015
8867 0.2
8869 0.016
8870 0.016
8871 0.016
8872 0.016
8894 0.2
8896 0.016
8897 0.016
8898 0.016
8899 0.016
8900 0.2
8901 0.2
8902 0.2
8903 0.016
8904 0.016
8905 0.016
8906 0.016
8907 0.016
8908 0.016
8909 0.016
8910 0.016
8911 0.016
8912 0.016
8913 0.2
8914 0.2
8915 0.2
8916 0.2
8917 0.2
8918 0.2
8921 0.2
8922 0.2
8923 0.2
8924 0.2
8925 0.2
8926 0.2
8929 0.016
8930 0.016
8931 0.016
8932 0.016
8933 0.016
8934 0.016
8935 0.2
8936 0.016
8937 0.016
8938 0.016
8957 0.2
8958 0.016
8959 0.016
8960 0.016
8961 0.2
8962 0.2
8965 0.016
8966 0.016
8967 0.016
8968 0.016
8969 0.016
8970 0.016
8971 0.016
8972 0.016
8973 0.016
8974 0.2
8976 0.2
8977 0.2
8978 0.2
8982 0.2
8983 0.2
8984 0.2
8985 0.2
8988 0.016
8989 0.016
8990 0.016
8991 0.016
8992 0.016
8993 0.016
8994 0.016
8995 0.016
8996 0.016
8997 0.016
8998 0.016
8999 0.016
9000 0.016
9013 0.2
9019 0.016
9020 0.016
9021 0.016
9022 0.016
9023 0.2
9024 0.2
9027 0.016
9028 0.016
9029 0.016
9030 0.016
9031 0.016
9032 0.016
9033 0.016
9034 0.2
9035 0.2
9036 0.016
9037 0.2
9041 0.2
9045 0.2
9046 0.2
9047 0.2
9048 0.2
9049 0.2
9052 0.016
9053 0.016
9054 0.016
9055 0.016
9056 0.016
9057 0.016
9058 0.016
9059 0.016
9060 0.2
9061 0.016
9062 0.016
9063 0.016
9064 0.2
9065 0.016
9084 0.016
9085 0.016
9086 0.016
9087 0.016
9088 0.016
9089 0.016
9090 0.2
9093 0.016
9094 0.016
9095 0.016
9096 0.016
9097 0.016
9098 0.2
9099 0.2
9100 0.2
9101 0.2
9102 0.2
9103 0.2
9104 0.2
9110 0.2
9111 0.2
9112 0.2
9114 0.016
9115 0.016
9116 0.016
9117 0.016
9118 0.016
9119 0.2
9120 0.2
9121 0.2
9122 0.2
9123 0.2
9124 0.2
9141 0.016
9142 0.016
9143 0.016
9144 0.016
9145 0.016
9146 0.016
9147 0.2
9150 0.016
9151 0.016
9152 0.016
9153 0.016
9154 0.016
9155 0.016
9156 0.016
9157 0.2
9158 0.2
9159 0.2
9160 0.2
9161 0.2
9162 0.2
9163 0.2
9169 0.2
9172 0.016
9173 0.016
9174 0.016
9175 0.2
9176 0.016
9177 0.2
9178 0.2
9179 0.2
9194 0.016
9195 0.016
9196 0.016
9197 0.016
9198 0.016
9202 0.016
9203 0.2
9204 0.016
9205 0.016
9206 0.016
9207 0.016
9208 0.016
9209 0.2
9210 0.2
9221 0.2
9222 0.2
9223 0.2
9224 0.2
9225 0.2
9237 0.016
9238 0.016
9239 0.016
9240 0.016
9244 0.016
9245 0.2
9246 0.016
9247 0.2
9248 0.2
9249 0.2
9250 0.2
9259 0.2
9260 0.2
9261 0.2
9262 0.2
9263 0.2
9275 0.016
9276 0.016
9277 0.016
9278 0.016
9282 0.2
9283 0.2
9284 0.2
9285 0.2
9286 0.2
9293 0.2
9294 0.2
9295 0.2
9296 0.2
9305 0.016
9306 0.016
9307 0.016
9308 0.016
9309 0.2
9310 0.2
9313 0.2
9314 0.2
9315 0.2
9320 0.2
9321 0.2
9328 0.2
9331 0.016
9333 0.2
9334 0.2
9336 0.2
9344 0.2
9345 0.016
9348 0.2