AL, 13, 2020082000,   , BEST,   0, 144N,  473W,  30, 1008,   ,   0, NEQ,    0,    0,    0,    0, 1013,     ,  40,     ,    ,    ,    ,    ,  0,   1,  THIRTEEN  ,   1,   69, 1, 1, 1, 1,     40.0,   40.0,   40.0,   40.0,    1.8655,   2.1776,   2.1776,   2.1776,   2.1776,  31.6667,  31.6667,  31.6667,  31.6667
AL, 13, 2020082006,   , BEST,   0, 154N,  496W,  30, 1008,   ,   0, NEQ,    0,    0,    0,    0, 1013,     ,  40,     ,    ,    ,    ,    ,  0,   1,  THIRTEEN  ,   1,   69, 1, 1, 1, 1,     40.0,   40.0,   40.0,   40.0,    1.8655,   2.1990,   2.1990,   2.1990,   2.1990,  31.6667,  31.6667,  31.6667,  31.6667
AL, 13, 2020082012,   , BEST,   0, 161N,  516W,  30, 1008,   ,   0, NEQ,    0,    0,    0,    0, 1013,     ,  40,     ,    ,    ,    ,    ,  0,   1,  THIRTEEN  ,   1,   69, 1, 1, 1, 1,     40.0,   40.0,   40.0,   40.0,    1.8655,   2.2138,   2.2138,   2.2138,   2.2138,  31.6667,  31.6667,  31.6667,  31.6667
AL, 13, 2020082018,   , BEST,   0, 166N,  534W,  30, 1008,   ,   0, NEQ,    0,    0,    0,    0, 1013,     ,  40,     ,    ,    ,    ,    ,  0,   1,  THIRTEEN  ,   1,   69, 1, 1, 1, 1,     40.0,   40.0,   40.0,   40.0,    1.8655,   2.2244,   2.2244,   2.2244,   2.2244,  31.6667,  31.6667,  31.6667,  31.6667
AL, 13, 2020082100,   , BEST,   0, 168N,  555W,  30, 1008,   ,   0, NEQ,    0,    0,    0,    0, 1013,     ,  60,     ,    ,    ,    ,    ,  0,   1,  THIRTEEN  ,   1,   69, 1, 1, 1, 1,     60.0,   60.0,   60.0,   60.0,    1.8655,   2.4117,   2.4117,   2.4117,   2.4117,  31.6667,  31.6667,  31.6667,  31.6667
AL, 13, 2020082106,   , BEST,   0, 169N,  575W,  30, 1008,   ,   0, NEQ,    0,    0,    0,    0, 1013,     ,  70,     ,    ,    ,    ,    ,  0,   1,  THIRTEEN  ,   1,   69, 1, 1, 1, 1,     70.0,   70.0,   70.0,   70.0,    1.8655,   2.5068,   2.5068,   2.5068,   2.5068,  31.6667,  31.6667,  31.6667,  31.6667
AL, 13, 2020082112,   , BEST,   0, 170N,  594W,  40, 1008,   ,  34, NEQ,  130,    0,    0,   60, 1013,     ,  60,     ,    ,    ,    ,    ,  0,   1,     LAURA  ,   1,   69, 1, 0, 0, 1,    111.4,   37.6,   39.3,   51.6,    3.4044,   4.7739,   3.8655,   3.8859,   4.0383,  42.7778,  42.7778,  42.7778,  42.7778
AL, 13, 2020082118,   , BEST,   0, 171N,  611W,  40, 1007,   ,  34, NEQ,  150,   90,    0,   60, 1013,     ,  60,     ,    ,    ,    ,    ,  0,   1,     LAURA  ,   1,   69, 1, 1, 0, 1,    126.1,   71.6,   61.7,   50.2,    2.8370,   4.1388,   3.5756,   3.4734,   3.3538,  42.7778,  42.7778,  42.7778,  42.7778
AL, 13, 2020082120,   , BEST,   0, 171N,  618W,  40, 1007,   ,  34, NEQ,  150,   90,    0,   60, 1013,     ,  60,     ,    ,    ,    ,    ,  0,   1,     LAURA  ,   1,   69, 1, 1, 0, 1,    126.1,   71.6,   61.7,   50.2,    2.8370,   4.1388,   3.5756,   3.4734,   3.3538,  42.7778,  42.7778,  42.7778,  42.7778
AL, 13, 2020082123,   , BEST,   0, 171N,  626W,  40, 1007,   ,  34, NEQ,  150,   90,    0,   60, 1013,     ,  60,     ,    ,    ,    ,    ,  0,   1,     LAURA  ,   1,   69, 1, 1, 0, 1,    126.1,   71.6,   61.7,   50.2,    2.8370,   4.1388,   3.5756,   3.4734,   3.3538,  42.7778,  42.7778,  42.7778,  42.7778
AL, 13, 2020082200,   , BEST,   0, 171N,  628W,  40, 1007,   ,  34, NEQ,  180,  180,    0,    0, 1013,     , 100,     ,    ,    ,    ,    ,  0,   1,     LAURA  ,   1,   69, 1, 1, 0, 0,    153.4,  151.1,   74.8,   76.6,    2.8370,   4.4208,   4.3976,   3.6087,   3.6278,  42.7778,  42.7778,  42.7778,  42.7778
AL, 13, 2020082206,   , BEST,   0, 174N,  644W,  40, 1007,   ,  34, NEQ,  180,  180,    0,    0, 1013,     , 100,     ,    ,    ,    ,    ,  0,   1,     LAURA  ,   1,   69, 1, 1, 0, 0,    153.6,  151.3,   74.9,   76.7,    2.8370,   4.4498,   4.4264,   3.6226,   3.6419,  42.7778,  42.7778,  42.7778,  42.7778
AL, 13, 2020082212,   , BEST,   0, 177N,  659W,  45, 1006,   ,  34, NEQ,  180,  180,    0,    0, 1013,     , 100,     ,    ,    ,    ,    ,  0,   1,     LAURA  ,   1,   69, 1, 1, 0, 0,    144.1,  142.6,   68.7,   69.8,    3.1043,   4.5927,   4.5773,   3.8131,   3.8240,  48.3333,  48.3333,  48.3333,  48.3333
AL, 13, 2020082218,   , BEST,   0, 179N,  674W,  45, 1004,   ,  34, NEQ,  180,  180,    0,    0, 1013,     ,  80,     ,    ,    ,    ,    ,  0,   1,     LAURA  ,   1,   69, 1, 1, 0, 0,    135.3,  133.4,   63.6,   64.9,    2.4145,   3.5179,   3.5030,   2.9324,   2.9428,  48.3333,  48.3333,  48.3333,  48.3333
AL, 13, 2020082300,   , BEST,   0, 182N,  688W,  45, 1004,   ,  34, NEQ,  120,  120,    0,   60, 1013,     ,  60,     ,    ,    ,    ,    ,  0,   1,     LAURA  ,   1,   69, 1, 1, 0, 1,     85.9,   84.6,   63.7,   41.8,    2.4145,   3.1260,   3.1147,   2.9416,   2.7599,  48.3333,  48.3333,  48.3333,  48.3333
AL, 13, 2020082304,   , BEST,   0, 184N,  700W,  45, 1004,   ,  34, NEQ,  120,  120,    0,   60, 1013,     ,  60,     ,    ,    ,    ,    ,  0,   1,     LAURA  ,   1,   69, 1, 1, 0, 1,     86.0,   84.7,   63.8,   41.9,    2.4145,   3.1344,   3.1231,   2.9478,   2.7641,  48.3333,  48.3333,  48.3333,  48.3333
AL, 13, 2020082306,   , BEST,   0, 185N,  703W,  45, 1004,   ,  34, NEQ,  120,  120,    0,   60, 1013,     ,  60,     ,    ,    ,    ,    ,  0,   1,     LAURA  ,   1,   69, 1, 1, 0, 1,     86.1,   84.7,   63.8,   41.9,    2.4145,   3.1387,   3.1273,   2.9509,   2.7661,  48.3333,  48.3333,  48.3333,  48.3333
AL, 13, 2020082312,   , BEST,   0, 188N,  723W,  45, 1004,   ,  34, NEQ,  120,  120,    0,   40, 1013,     ,  50,     ,    ,    ,    ,    ,  0,   1,     LAURA  ,   1,   69, 1, 1, 0, 1,     86.2,   84.9,   56.2,   27.1,    2.4145,   3.1514,   3.1399,   2.8937,   2.6448,  48.3333,  48.3333,  48.3333,  48.3333
AL, 13, 2020082318,   , BEST,   0, 194N,  743W,  55, 1002,   ,  34, NEQ,  120,  120,    0,   40, 1013,     ,  30,     ,    ,    ,    ,    ,  0,   1,     LAURA  ,   1,   69, 1, 1, 0, 1,     79.7,   78.9,   51.3,   24.5,    2.9881,   3.6911,   3.6846,   3.4401,   3.2033,  59.4444,  59.4444,  59.4444,  59.4444
AL, 13, 2020082318,   , BEST,   0, 194N,  743W,  55, 1002,   ,  50, NEQ,   30,    0,    0,    0, 1013,     ,  30,     ,    ,    ,    ,    ,  0,   1,     LAURA  ,   1,   69, 1, 0, 0, 0,     24.7,    0.0,    0.0,    0.0,    2.9881,   3.2056,   3.0950,   3.1014,   3.1019,  59.4444,  59.4444,  59.4444,  59.4444
AL, 13, 2020082400,   , BEST,   0, 198N,  760W,  55, 1000,   ,  34, NEQ,  120,  120,    0,   40, 1013,     ,  25,     ,    ,    ,    ,    ,  0,   1,     LAURA  ,   1,   69, 1, 1, 0, 1,     73.9,   73.1,   47.3,   22.4,    2.5284,   3.0929,   3.0866,   2.8888,   2.6984,  59.4444,  59.4444,  59.4444,  59.4444
AL, 13, 2020082400,   , BEST,   0, 198N,  760W,  55, 1000,   ,  50, NEQ,   40,   40,    0,    0, 1013,     ,  25,     ,    ,    ,    ,    ,  0,   1,     LAURA  ,   1,   69, 1, 1, 0, 0,     32.1,   31.8,    0.0,    0.0,    2.5284,   2.7730,   2.7706,   2.6557,   2.6566,  59.4444,  59.4444,  59.4444,  59.4444
AL, 13, 2020082402,   , BEST,   0, 200N,  766W,  55, 1000,   ,  34, NEQ,  120,  120,    0,   40, 1013,     ,  25,     ,    ,    ,    ,    ,  0,   1,     LAURA  ,   1,   69, 1, 1, 0, 1,     74.1,   73.2,   47.4,   22.4,    2.5284,   3.0992,   3.0929,   2.8928,   2.7001,  59.4444,  59.4444,  59.4444,  59.4444
AL, 13, 2020082402,   , BEST,   0, 200N,  766W,  55, 1000,   ,  50, NEQ,   40,   40,    0,    0, 1013,     ,  25,     ,    ,    ,    ,    ,  0,   1,     LAURA  ,   1,   69, 1, 1, 0, 0,     32.2,   31.8,    0.0,    0.0,    2.5284,   2.7754,   2.7730,   2.6570,   2.6579,  59.4444,  59.4444,  59.4444,  59.4444
AL, 13, 2020082406,   , BEST,   0, 202N,  778W,  50, 1000,   ,  34, NEQ,  150,  130,    0,    0, 1013,     ,  25,     ,    ,    ,    ,    ,  0,   1,     LAURA  ,   1,   69, 1, 1, 0, 0,     95.7,   79.7,   40.5,   41.3,    2.0779,   2.7572,   2.6428,   2.3640,   2.3697,  53.8889,  53.8889,  53.8889,  53.8889
AL, 13, 2020082406,   , BEST,   0, 202N,  778W,  50, 1000,   ,  50, NEQ,   40,   40,    0,    0, 1013,     ,  25,     ,    ,    ,    ,    ,  0,   1,     LAURA  ,   1,   69, 1, 1, 0, 0,     40.0,   40.0,    0.0,    0.0,    2.0779,   2.4177,   2.3845,   2.2186,   2.2186,  54.5828,  54.1821,  53.8889,  53.8889
AL, 13, 2020082412,   , BEST,   0, 208N,  797W,  50, 1002,   ,  34, NEQ,  150,  140,    0,    0, 1013,     ,  25,     ,    ,    ,    ,    ,  0,   1,     LAURA  ,   1,   69, 1, 1, 0, 0,    103.2,   94.2,   45.7,   46.4,    2.4557,   3.3424,   3.2646,   2.8468,   2.8532,  53.8889,  53.8889,  53.8889,  53.8889
AL, 13, 2020082412,   , BEST,   0, 208N,  797W,  50, 1002,   ,  50, NEQ,   40,   50,    0,    0, 1013,     ,  25,     ,    ,    ,    ,    ,  0,   1,     LAURA  ,   1,   69, 1, 1, 0, 0,     40.0,   50.0,    0.0,    0.0,    2.4557,   2.8660,   2.8938,   2.6435,   2.6435,  54.5828,  53.9865,  53.8889,  53.8889
AL, 13, 2020082418,   , BEST,   0, 215N,  815W,  50, 1001,   ,  34, NEQ,  150,  140,    0,    0, 1013,     ,  30,     ,    ,    ,    ,    ,  0,   1,     LAURA  ,   1,   69, 1, 1, 0, 0,    100.2,   91.2,   43.9,   44.7,    2.2511,   3.0670,   2.9938,   2.6076,   2.6140,  53.8889,  53.8889,  53.8889,  53.8889
AL, 13, 2020082418,   , BEST,   0, 215N,  815W,  50, 1001,   ,  50, NEQ,   60,   60,    0,    0, 1013,     ,  30,     ,    ,    ,    ,    ,  0,   1,     LAURA  ,   1,   69, 1, 1, 0, 0,     60.0,   60.0,    0.0,    0.0,    2.2511,   2.8387,   2.7478,   2.4940,   2.4940,  54.9634,  53.9865,  53.8889,  53.8889
AL, 13, 2020082500,   , BEST,   0, 223N,  833W,  55,  998,   ,  34, NEQ,  150,  140,    0,    0, 1013,     ,  30,     ,    ,    ,    ,    ,  0,   1,     LAURA  ,   1,   69, 1, 1, 0, 0,     91.1,   82.9,   39.2,   39.8,    2.1913,   2.8696,   2.8081,   2.4820,   2.4866,  59.4444,  59.4444,  59.4444,  59.4444
AL, 13, 2020082500,   , BEST,   0, 223N,  833W,  55,  998,   ,  50, NEQ,   60,   60,    0,    0, 1013,     ,  30,     ,    ,    ,    ,    ,  0,   1,     LAURA  ,   1,   69, 1, 1, 0, 0,     48.2,   47.0,    0.0,    0.0,    2.1913,   2.5486,   2.5397,   2.3738,   2.3760,  59.4444,  59.4444,  59.4444,  59.4444
AL, 13, 2020082506,   , BEST,   0, 228N,  848W,  60,  995,   ,  34, NEQ,  150,  140,   30,   90, 1013,     ,  50,     ,    ,    ,    ,    ,  0,   1,     LAURA  ,   1,   69, 1, 1, 1, 1,     84.1,   76.5,   13.6,   46.9,    2.1834,   2.7653,   2.7124,   2.2768,   2.5072,  65.0000,  65.0000,  65.0000,  65.0000
AL, 13, 2020082506,   , BEST,   0, 228N,  848W,  60,  995,   ,  50, NEQ,   60,   60,    0,   20, 1013,     ,  50,     ,    ,    ,    ,    ,  0,   1,     LAURA  ,   1,   69, 1, 1, 0, 1,     42.4,   41.6,    0.0,   14.0,    2.1834,   2.4755,   2.4702,   2.3793,   2.2793,  65.0000,  65.0000,  65.0000,  65.0000
AL, 13, 2020082512,   , BEST,   0, 234N,  862W,  65,  990,   ,  34, NEQ,  150,  140,   60,   90, 1013,     ,  40,     ,    ,    ,    ,    ,  0,   1,     LAURA  ,   1,   69, 1, 1, 1, 1,     73.8,   67.0,   24.9,   40.6,    2.0133,   2.4587,   2.4172,   2.1625,   2.2574,  70.5556,  70.5556,  70.5556,  70.5556
AL, 13, 2020082512,   , BEST,   0, 234N,  862W,  65,  990,   ,  50, NEQ,   60,   60,   20,   40, 1013,     ,  40,     ,    ,    ,    ,    ,  0,   1,     LAURA  ,   1,   69, 1, 1, 1, 1,     36.9,   36.3,   11.9,   24.7,    2.0133,   2.2349,   2.2313,   2.0843,   2.1615,  70.5556,  70.5556,  70.5556,  70.5556
AL, 13, 2020082512,   , BEST,   0, 234N,  862W,  65,  990,   ,  64, NEQ,   40,    0,    0,    0, 1013,     ,  40,     ,    ,    ,    ,    ,  0,   1,     LAURA  ,   1,   69, 1, 0, 0, 0,     37.5,    0.0,    0.0,    0.0,    2.0133,   2.2383,   2.1221,   2.1194,   2.1194,  70.5556,  70.5556,  70.5556,  70.5556
AL, 13, 2020082518,   , BEST,   0, 241N,  875W,  70,  990,   ,  34, NEQ,  150,  140,   60,   90, 1013,     ,  30,     ,    ,    ,    ,    ,  0,   1,     LAURA  ,   1,   69, 1, 1, 1, 1,     77.2,   70.3,   26.4,   42.6,    2.3428,   2.8574,   2.8114,   2.5178,   2.6263,  76.1111,  76.1111,  76.1111,  76.1111
AL, 13, 2020082518,   , BEST,   0, 241N,  875W,  70,  990,   ,  50, NEQ,   60,   60,   20,   40, 1013,     ,  30,     ,    ,    ,    ,    ,  0,   1,     LAURA  ,   1,   69, 1, 1, 1, 1,     36.5,   36.1,   11.7,   24.3,    2.3428,   2.5854,   2.5824,   2.4203,   2.5037,  76.1111,  76.1111,  76.1111,  76.1111
AL, 13, 2020082518,   , BEST,   0, 241N,  875W,  70,  990,   ,  64, NEQ,   40,    0,    0,    0, 1013,     ,  30,     ,    ,    ,    ,    ,  0,   1,     LAURA  ,   1,   69, 1, 0, 0, 0,     31.7,    0.0,    0.0,    0.0,    2.3428,   2.5533,   2.4454,   2.4513,   2.4520,  76.1111,  76.1111,  76.1111,  76.1111
AL, 13, 2020082600,   , BEST,   0, 249N,  889W,  75,  983,   ,  34, NEQ,  150,  140,   60,   90, 1013,     ,  30,     ,    ,    ,    ,    ,  0,   1,     LAURA  ,   1,   69, 1, 1, 1, 1,     65.9,   59.8,   22.0,   35.8,    2.0679,   2.4413,   2.4067,   2.1916,   2.2702,  81.6667,  81.6667,  81.6667,  81.6667
AL, 13, 2020082600,   , BEST,   0, 249N,  889W,  75,  983,   ,  50, NEQ,   60,   60,   30,   60, 1013,     ,  30,     ,    ,    ,    ,    ,  0,   1,     LAURA  ,   1,   69, 1, 1, 1, 1,     31.5,   31.1,   15.3,   32.4,    2.0679,   2.2458,   2.2436,   2.1537,   2.2510,  81.6667,  81.6667,  81.6667,  81.6667
AL, 13, 2020082600,   , BEST,   0, 249N,  889W,  75,  983,   ,  64, NEQ,   40,   40,    0,   40, 1013,     ,  30,     ,    ,    ,    ,    ,  0,   1,     LAURA  ,   1,   69, 1, 1, 0, 1,     27.4,   27.2,    0.0,   28.6,    2.0679,   2.2225,   2.2214,   2.2281,   2.2294,  81.6667,  81.6667,  81.6667,  81.6667
AL, 13, 2020082606,   , BEST,   0, 256N,  902W,  90,  978,   ,  34, NEQ,  150,  140,   60,   90, 1013,     ,  30,     ,    ,    ,    ,    ,  0,   1,     LAURA  ,   1,   69, 1, 1, 1, 1,     67.5,   61.6,   23.0,   37.0,    2.5698,   2.9728,   2.9377,   2.7067,   2.7904,  98.3333,  98.3333,  98.3333,  98.3333
AL, 13, 2020082606,   , BEST,   0, 256N,  902W,  90,  978,   ,  50, NEQ,  100,   90,   30,   60, 1013,     ,  30,     ,    ,    ,    ,    ,  0,   1,     LAURA  ,   1,   69, 1, 1, 1, 1,     53.8,   47.4,   14.7,   30.9,    2.5698,   2.8908,   2.8525,   2.6570,   2.7540,  98.3333,  98.3333,  98.3333,  98.3333
AL, 13, 2020082606,   , BEST,   0, 256N,  902W,  90,  978,   ,  64, NEQ,   60,   50,   20,   40, 1013,     ,  30,     ,    ,    ,    ,    ,  0,   1,     LAURA  ,   1,   69, 1, 1, 1, 1,     37.4,   30.5,   12.1,   24.8,    2.5698,   2.7924,   2.7514,   2.6414,   2.7173,  98.3333,  98.3333,  98.3333,  98.3333
AL, 13, 2020082612,   , BEST,   0, 264N,  914W, 100,  963,   ,  34, NEQ,  160,  140,   70,   90, 1013,     ,  30,     ,    ,    ,    ,    ,  0,   1,     LAURA  ,   1,   69, 1, 1, 1, 1,     58.4,   49.0,   21.4,   29.0,    2.2284,   2.5083,   2.4629,   2.3305,   2.3668, 109.4444, 109.4444, 109.4444, 109.4444
AL, 13, 2020082612,   , BEST,   0, 264N,  914W, 100,  963,   ,  50, NEQ,  100,   90,   30,   60, 1013,     ,  30,     ,    ,    ,    ,    ,  0,   1,     LAURA  ,   1,   69, 1, 1, 1, 1,     44.1,   38.6,   11.8,   25.1,    2.2284,   2.4393,   2.4131,   2.2845,   2.3480, 109.4444, 109.4444, 109.4444, 109.4444
AL, 13, 2020082612,   , BEST,   0, 264N,  914W, 100,  963,   ,  64, NEQ,   60,   50,   20,   40, 1013,     ,  30,     ,    ,    ,    ,    ,  0,   1,     LAURA  ,   1,   69, 1, 1, 1, 1,     31.0,   25.2,    9.9,   20.4,    2.2284,   2.3764,   2.3488,   2.2754,   2.3258, 109.4444, 109.4444, 109.4444, 109.4444
AL, 13, 2020082618,   , BEST,   0, 273N,  925W, 120,  952,   ,  34, NEQ,  180,  150,   80,  100, 1013,     ,  15,     ,    ,    ,    ,    ,  0,   1,     LAURA  ,   1,   69, 1, 1, 1, 1,     69.5,   55.1,   26.1,   34.1,    2.6436,   2.9816,   2.9113,   2.7702,   2.8089, 131.6667, 131.6667, 131.6667, 131.6667
AL, 13, 2020082618,   , BEST,   0, 273N,  925W, 120,  952,   ,  50, NEQ,   90,   90,   50,   60, 1013,     ,  15,     ,    ,    ,    ,    ,  0,   1,     LAURA  ,   1,   69, 1, 1, 1, 1,     38.4,   38.2,   20.2,   24.7,    2.6436,   2.8301,   2.8291,   2.7413,   2.7635, 131.6667, 131.6667, 131.6667, 131.6667
AL, 13, 2020082618,   , BEST,   0, 273N,  925W, 120,  952,   ,  64, NEQ,   50,   50,   30,   40, 1013,     ,  15,     ,    ,    ,    ,    ,  0,   1,     LAURA  ,   1,   69, 1, 1, 1, 1,     24.2,   24.0,   14.2,   19.3,    2.6436,   2.7607,   2.7600,   2.7125,   2.7371, 131.6667, 131.6667, 131.6667, 131.6667
AL, 13, 2020082700,   , BEST,   0, 285N,  930W, 130,  937,   ,  34, NEQ,  160,  150,   80,  100, 1013,     ,  15,     ,    ,    ,    ,    ,  0,   1,     LAURA  ,   1,   69, 1, 1, 1, 1,     53.0,   48.7,   22.9,   29.9,    2.4950,   2.7285,   2.7093,   2.5956,   2.6266, 142.7778, 142.7778, 142.7778, 142.7778
AL, 13, 2020082700,   , BEST,   0, 285N,  930W, 130,  937,   ,  50, NEQ,   90,   90,   50,   60, 1013,     ,  15,     ,    ,    ,    ,    ,  0,   1,     LAURA  ,   1,   69, 1, 1, 1, 1,     34.2,   34.0,   17.9,   21.9,    2.4950,   2.6453,   2.6446,   2.5734,   2.5913, 142.7778, 142.7778, 142.7778, 142.7778
AL, 13, 2020082700,   , BEST,   0, 285N,  930W, 130,  937,   ,  64, NEQ,   50,   50,   30,   40, 1013,     ,  15,     ,    ,    ,    ,    ,  0,   1,     LAURA  ,   1,   69, 1, 1, 1, 1,     21.6,   21.5,   12.7,   17.2,    2.4950,   2.5897,   2.5892,   2.5506,   2.5705, 142.7778, 142.7778, 142.7778, 142.7778
AL, 13, 2020082706,   , BEST,   0, 298N,  933W, 130,  939,   ,  34, NEQ,  120,  150,   80,   80, 1013,     ,  15,     ,    ,    ,    ,    ,  0,   1,     LAURA  ,   1,   69, 1, 1, 1, 1,     38.7,   50.8,   23.9,   24.0,    2.5625,   2.7443,   2.8015,   2.6745,   2.6750, 142.7778, 142.7778, 142.7778, 142.7778
AL, 13, 2020082706,   , BEST,   0, 298N,  933W, 130,  939,   ,  50, NEQ,   60,   70,   40,   40, 1013,     ,  15,     ,    ,    ,    ,    ,  0,   1,     LAURA  ,   1,   69, 1, 1, 1, 1,     22.4,   26.4,   14.5,   14.5,    2.5625,   2.6675,   2.6867,   2.6305,   2.6306, 142.7778, 142.7778, 142.7778, 142.7778
AL, 13, 2020082706,   , BEST,   0, 298N,  933W, 130,  939,   ,  64, NEQ,   40,   50,   30,   30, 1013,     ,  15,     ,    ,    ,    ,    ,  0,   1,     LAURA  ,   1,   69, 1, 1, 1, 1,     17.4,   22.0,   13.0,   13.0,    2.5625,   2.6441,   2.6658,   2.6234,   2.6235, 142.7778, 142.7778, 142.7778, 142.7778
AL, 13, 2020082712,   , BEST,   0, 312N,  933W,  85,  970,   ,  34, NEQ,   80,  120,   50,   60, 1013,     ,  20,     ,    ,    ,    ,    ,  0,   1,     LAURA  ,   1,   69, 1, 1, 1, 1,     24.5,   40.7,   14.1,   17.7,    1.8620,   1.9967,   2.0870,   1.9394,   1.9591,  92.7778,  92.7778,  92.7778,  92.7778
AL, 13, 2020082712,   , BEST,   0, 312N,  933W,  85,  970,   ,  50, NEQ,   50,   40,   30,   30, 1013,     ,  20,     ,    ,    ,    ,    ,  0,   1,     LAURA  ,   1,   69, 1, 1, 1, 1,     20.9,   16.1,   12.1,   12.2,    1.8620,   1.9769,   1.9507,   1.9286,   1.9289,  92.7778,  92.7778,  92.7778,  92.7778
AL, 13, 2020082712,   , BEST,   0, 312N,  933W,  85,  970,   ,  64, NEQ,   30,   30,   15,   20, 1013,     ,  20,     ,    ,    ,    ,    ,  0,   1,     LAURA  ,   1,   69, 1, 1, 1, 1,     16.1,   16.1,    8.1,   10.9,    1.8620,   1.9507,   1.9503,   1.9063,   1.9220,  92.7778,  92.7778,  92.7778,  92.7778
AL, 13, 2020082718,   , BEST,   0, 328N,  929W,  55,  988,   ,  34, NEQ,   80,   80,   30,   40, 1013,     ,  30,     ,    ,    ,    ,    ,  0,   1,     LAURA  ,   1,   69, 1, 1, 1, 1,     31.5,   30.8,    9.9,   14.0,    1.3148,   1.5184,   1.5138,   1.3778,   1.4042,  59.4444,  59.4444,  59.4444,  59.4444
AL, 13, 2020082718,   , BEST,   0, 328N,  929W,  55,  988,   ,  50, NEQ,   30,   30,    0,    0, 1013,     ,  30,     ,    ,    ,    ,    ,  0,   1,     LAURA  ,   1,   69, 1, 1, 0, 0,     20.0,   19.7,    0.0,    0.0,    1.3148,   1.4431,   1.4413,   1.3836,   1.3843,  59.4444,  59.4444,  59.4444,  59.4444
AL, 13, 2020082800,   , BEST,   0, 344N,  925W,  35,  993,   ,  34, NEQ,   80,   80,   30,   40, 1013,     ,  30,     ,    ,    ,    ,    ,  0,   1,     LAURA  ,   1,   69, 1, 1, 1, 1,     76.6,   63.0,   30.0,   40.0,    0.6444,   1.0903,   1.0122,   0.8768,   0.9521,  37.2222,  37.2222,  38.7692,  39.1309
AL, 13, 2020082806,   , BEST,   0, 354N,  920W,  25,  998,   ,   0, NEQ,    0,    0,    0,    0, 1013,     ,  65,     ,    ,    ,    ,    ,  0,   1,     LAURA  ,   1,   69, 1, 1, 1, 1,     65.0,   65.0,   65.0,   65.0,    0.4228,   0.8231,   0.8231,   0.8231,   0.8231,  26.1111,  26.1111,  26.1111,  26.1111
AL, 13, 2020082812,   , BEST,   0, 361N,  912W,  25, 1000,   ,   0, NEQ,    0,    0,    0,    0, 1013,     , 100,     ,    ,    ,    ,    ,  0,   1,     LAURA  ,   1,   69, 1, 1, 1, 1,    100.0,  100.0,  100.0,  100.0,    0.4878,   1.1592,   1.1592,   1.1592,   1.1592,  26.1111,  26.1111,  26.1111,  26.1111
AL, 13, 2020082818,   , BEST,   0, 370N,  900W,  25, 1003,   ,   0, NEQ,    0,    0,    0,    0, 1013,     , 100,     ,    ,    ,    ,    ,  0,   1,     LAURA  ,   1,   69, 1, 1, 1, 1,    100.0,  100.0,  100.0,  100.0,    0.6342,   1.4810,   1.4810,   1.4810,   1.4810,  26.1111,  26.1111,  26.1111,  26.1111
AL, 13, 2020082900,   , BEST,   0, 375N,  880W,  25, 1004,   ,   0, NEQ,    0,    0,    0,    0, 1013,     , 100,     ,    ,    ,    ,    ,  0,   1,     LAURA  ,   1,   69, 1, 1, 1, 1,    100.0,  100.0,  100.0,  100.0,    0.7047,   1.6412,   1.6412,   1.6412,   1.6412,  26.1111,  26.1111,  26.1111,  26.1111
AL, 13, 2020082906,   , BEST,   0, 383N,  848W,  20, 1004,   ,   0, NEQ,    0,    0,    0,    0, 1013,     ,  40,     ,    ,    ,    ,    ,  0,   1,     LAURA  ,   1,   69, 1, 1, 1, 1,     40.0,   40.0,   40.0,   40.0,    0.4367,   0.7827,   0.7827,   0.7827,   0.7827,  20.5556,  20.5556,  20.5556,  20.5556
