eastcoast_95d_ll_select.grd nodal attributes
31435
2
primitive_weighting_in_continuity_equation
unitless
1
5.0000000000000001E-03
mannings_n_at_sea_floor
unitless
1
2.5000000000000001E-02
primitive_weighting_in_continuity_equation
5836
1 0.02
7 0.02
14 0.02
51 0.02
63 0.02
80 0.02
93 0.02
99 0.02
113 0.02
137 0.02
138 0.02
165 0.02
169 0.02
195 0.02
200 0.02
234 0.02
235 0.02
238 0.02
278 0.02
279 0.02
282 0.02
329 0.02
330 0.02
333 0.02
363 0.02
365 0.02
366 0.02
383 0.02
384 0.02
385 0.02
386 0.02
401 0.02
402 0.02
420 0.02
421 0.02
422 0.02
423 0.02
443 0.02
444 0.02
445 0.02
459 0.02
460 0.02
481 0.02
503 0.02
504 0.02
563 0.02
564 0.02
565 0.02
566 0.02
586 0.02
624 0.02
625 0.02
626 0.02
627 0.02
628 0.02
629 0.02
650 0.02
691 0.02
692 0.02
693 0.02
694 0.02
695 0.02
696 0.02
697 0.02
698 0.02
699 0.02
701 0.02
702 0.02
703 0.02
705 0.02
708 0.02
719 0.02
758 0.02
767 0.02
768 0.02
769 0.02
770 0.02
771 0.02
772 0.02
773 0.02
774 0.02
775 0.02
776 0.02
777 0.02
778 0.02
779 0.02
780 0.02
781 0.02
782 0.02
783 0.02
784 0.02
785 0.02
786 0.02
787 0.02
788 0.02
789 0.02
842 0.02
850 0.02
851 0.02
852 0.02
853 0.02
854 0.02
855 0.02
856 0.02
857 0.02
858 0.02
859 0.02
860 0.02
861 0.02
920 0.02
921 0.02
925 0.02
926 0.02
927 0.02
928 0.02
929 0.02
930 0.02
931 0.02
932 0.02
933 0.02
934 0.02
947 0.02
957 0.02
958 0.02
998 0.02
999 0.02
1001 0.02
1002 0.02
1027 0.02
1029 0.02
1030 0.02
1031 0.02
1074 0.02
1075 0.02
1094 0.02
1143 0.02
1144 0.02
1145 0.02
1172 0.02
1190 0.02
1216 0.02
1217 0.02
1218 0.02
1219 0.02
1220 0.02
1221 0.02
1228 0.02
1229 0.02
1230 0.02
1252 0.02
1253 0.02
1254 0.02
1273 0.02
1274 0.02
1275 0.02
1276 0.02
1277 0.02
1299 0.02
1300 0.02
1301 0.02
1302 0.02
1303 0.02
1304 0.02
1305 0.02
1306 0.02
1313 0.02
1314 0.02
1315 0.02
1316 0.02
1317 0.02
1325 0.02
1341 0.02
1342 0.02
1367 0.02
1368 0.02
1369 0.02
1370 0.02
1371 0.02
1372 0.02
1373 0.02
1396 0.02
1397 0.02
1398 0.02
1399 0.02
1400 0.02
1401 0.02
1408 0.02
1409 0.02
1410 0.02
1411 0.02
1412 0.02
1421 0.02
1422 0.02
1423 0.02
1468 0.02
1469 0.02
1470 0.02
1471 0.02
1503 0.02
1504 0.02
1505 0.02
1506 0.02
1507 0.02
1508 0.02
1510 0.02
1512 0.02
1513 0.02
1514 0.02
1515 0.02
1516 0.02
1574 0.02
1575 0.02
1576 0.02
1577 0.02
1578 0.02
1579 0.02
1580 0.02
1610 0.02
1611 0.02
1612 0.02
1613 0.02
1614 0.02
1615 0.02
1616 0.02
1617 0.02
1618 0.02
1619 0.02
1620 0.02
1621 0.02
1622 0.02
1688 0.02
1689 0.02
1690 0.02
1691 0.02
1692 0.02
1722 0.02
1723 0.02
1724 0.02
1725 0.02
1726 0.02
1727 0.02
1803 0.02
1804 0.02
1835 0.02
1836 0.02
1837 0.02
1838 0.02
1839 0.02
1844 0.02
1846 0.02
1847 0.02
1848 0.02
1913 0.02
1914 0.02
1915 0.02
1920 0.02
1958 0.02
1959 0.02
1960 0.02
1961 0.02
1962 0.02
1963 0.02
1964 0.02
1965 0.02
1967 0.02
1968 0.02
1969 0.02
1970 0.02
1971 0.02
1972 0.02
1973 0.02
2010 0.02
2011 0.02
2041 0.02
2042 0.02
2043 0.02
2044 0.02
2045 0.02
2088 0.02
2089 0.02
2090 0.02
2091 0.02
2092 0.02
2094 0.02
2095 0.02
2096 0.02
2097 0.02
2098 0.02
2099 0.02
2100 0.02
2101 0.02
2142 0.02
2143 0.02
2144 0.02
2146 0.02
2157 0.02
2175 0.02
2176 0.02
2232 0.02
2233 0.02
2234 0.02
2235 0.02
2236 0.02
2237 0.02
2238 0.02
2239 0.02
2240 0.02
2241 0.02
2242 0.02
2243 0.02
2244 0.02
2247 0.02
2290 0.02
2291 0.02
2292 0.02
2304 0.02
2308 0.02
2387 0.02
2388 0.02
2389 0.02
2390 0.02
2391 0.02
2392 0.02
2393 0.02
2394 0.02
2395 0.02
2396 0.02
2397 0.02
2400 0.02
2449 0.02
2451 0.02
2533 0.02
2534 0.02
2535 0.02
2536 0.02
2537 0.02
2538 0.02
2539 0.02
2540 0.02
2541 0.02
2542 0.02
2544 0.02
2693 0.02
2694 0.02
2695 0.02
2696 0.02
2697 0.02
2698 0.02
2699 0.02
2700 0.02
2823 0.02
2824 0.02
2825 0.02
2869 0.02
2870 0.02
2871 0.02
2872 0.02
2873 0.02
2874 0.02
2875 0.02
2876 0.02
2969 0.02
2970 0.02
2971 0.02
2981 0.02
3003 0.02
3006 0.02
3007 0.02
3008 0.02
3010 0.02
3011 0.02
3012 0.02
3013 0.02
3016 0.02
3017 0.02
3018 0.02
3019 0.02
3020 0.02
3021 0.02
3022 0.02
3023 0.02
3027 0.02
3068 0.02
3069 0.02
3070 0.02
3071 0.02
3072 0.02
3073 0.02
3102 0.02
3154 0.02
3155 0.02
3156 0.02
3157 0.02
3158 0.02
3160 0.02
3162 0.02
3163 0.02
3171 0.02
3172 0.02
3173 0.02
3174 0.02
3186 0.02
3187 0.02
3188 0.02
3189 0.02
3191 0.02
3192 0.02
3193 0.02
3194 0.02
3195 0.02
3196 0.02
3197 0.02
3198 0.02
3199 0.02
3200 0.02
3201 0.02
3202 0.02
3203 0.02
3205 0.02
3206 0.02
3207 0.02
3208 0.02
3209 0.02
3210 0.02
3211 0.02
3212 0.02
3216 0.02
3238 0.02
3239 0.02
3263 0.02
3264 0.02
3265 0.02
3266 0.02
3350 0.02
3351 0.02
3354 0.02
3356 0.02
3357 0.02
3358 0.02
3359 0.02
3360 0.02
3361 0.02
3372 0.02
3373 0.02
3374 0.02
3375 0.02
3376 0.02
3377 0.02
3378 0.02
3379 0.02
3380 0.02
3381 0.02
3382 0.02
3383 0.02
3384 0.02
3385 0.02
3386 0.02
3387 0.02
3388 0.02
3389 0.02
3390 0.02
3391 0.02
3392 0.02
3393 0.02
3394 0.02
3395 0.02
3401 0.02
3418 0.02
3421 0.02
3422 0.02
3451 0.02
3485 0.02
3513 0.02
3547 0.02
3548 0.02
3549 0.02
3550 0.02
3551 0.02
3552 0.02
3553 0.02
3554 0.02
3555 0.02
3556 0.02
3557 0.02
3558 0.02
3559 0.02
3560 0.02
3561 0.02
3562 0.02
3563 0.02
3564 0.02
3565 0.02
3566 0.02
3567 0.02
3568 0.02
3569 0.02
3570 0.02
3571 0.02
3572 0.02
3573 0.02
3574 0.02
3575 0.02
3576 0.02
3577 0.02
3578 0.02
3579 0.02
3580 0.02
3581 0.02
3582 0.02
3583 0.02
3584 0.02
3585 0.02
3586 0.02
3587 0.02
3588 0.02
3589 0.02
3590 0.02
3600 0.02
3605 0.02
3606 0.02
3607 0.02
3608 0.02
3611 0.02
3620 0.02
3621 0.02
3641 0.02
3677 0.02
3678 0.02
3706 0.02
3749 0.02
3750 0.02
3751 0.02
3752 0.02
3753 0.02
3754 0.02
3755 0.02
3756 0.02
3757 0.02
3758 0.02
3759 0.02
3760 0.02
3761 0.02
3762 0.02
3763 0.02
3764 0.02
3765 0.02
3766 0.02
3767 0.02
3768 0.02
3769 0.02
3770 0.02
3771 0.02
3772 0.02
3773 0.02
3774 0.02
3775 0.02
3776 0.02
3777 0.02
3778 0.02
3783 0.02
3785 0.02
3789 0.02
3790 0.02
3791 0.02
3792 0.02
3793 0.02
3796 0.02
3797 0.02
3802 0.02
3803 0.02
3867 0.02
3896 0.02
3899 0.02
3948 0.02
3949 0.02
3950 0.02
3951 0.02
3952 0.02
3953 0.02
3954 0.02
3955 0.02
3957 0.02
3959 0.02
3960 0.02
3964 0.02
3965 0.02
3966 0.02
3967 0.02
3969 0.02
4067 0.02
4068 0.02
4069 0.02
4070 0.02
4071 0.02
4073 0.02
4128 0.02
4129 0.02
4130 0.02
4131 0.02
4133 0.02
4134 0.02
4137 0.02
4138 0.02
4139 0.02
4140 0.02
4141 0.02
4142 0.02
4250 0.02
4251 0.02
4252 0.02
4253 0.02
4254 0.02
4255 0.02
4319 0.02
4320 0.02
4321 0.02
4322 0.02
4323 0.02
4324 0.02
4325 0.02
4326 0.02
4327 0.02
4328 0.02
4329 0.02
4330 0.02
4331 0.02
4332 0.02
4333 0.02
4334 0.02
4362 0.02
4363 0.02
4373 0.02
4449 0.02
4450 0.02
4451 0.02
4452 0.02
4453 0.02
4454 0.02
4455 0.02
4456 0.02
4457 0.02
4458 0.02
4459 0.02
4460 0.02
4528 0.02
4529 0.02
4530 0.02
4531 0.02
4532 0.02
4533 0.02
4534 0.02
4535 0.02
4536 0.02
4537 0.02
4538 0.02
4569 0.02
4570 0.02
4571 0.02
4572 0.02
4583 0.02
4584 0.02
4671 0.02
4672 0.02
4673 0.02
4674 0.02
4675 0.02
4676 0.02
4677 0.02
4678 0.02
4679 0.02
4680 0.02
4681 0.02
4682 0.02
4683 0.02
4762 0.02
4763 0.02
4764 0.02
4765 0.02
4766 0.02
4767 0.02
4775 0.02
4776 0.02
4808 0.02
4809 0.02
4810 0.02
4811 0.02
4812 0.02
4813 0.02
4828 0.02
4829 0.02
4831 0.02
4879 0.02
4919 0.02
4921 0.02
4922 0.02
4923 0.02
4924 0.02
4925 0.02
4926 0.02
4927 0.02
4928 0.02
4929 0.02
4930 0.02
4931 0.02
4932 0.02
4933 0.02
5014 0.02
5017 0.02
5020 0.02
5021 0.02
5022 0.02
5030 0.02
5031 0.02
5032 0.02
5033 0.02
5074 0.02
5076 0.02
5077 0.02
5078 0.02
5079 0.02
5080 0.02
5081 0.02
5096 0.02
5097 0.02
5098 0.02
5099 0.02
5101 0.02
5102 0.02
5198 0.02
5199 0.02
5200 0.02
5201 0.02
5202 0.02
5203 0.02
5204 0.02
5205 0.02
5206 0.02
5207 0.02
5208 0.02
5209 0.02
5210 0.02
5211 0.02
5212 0.02
5213 0.02
5214 0.02
5239 0.02
5240 0.02
5241 0.02
5242 0.02
5243 0.02
5244 0.02
5248 0.02
5252 0.02
5255 0.02
5261 0.02
5302 0.02
5303 0.02
5304 0.02
5305 0.02
5307 0.02
5308 0.02
5309 0.02
5310 0.02
5311 0.02
5312 0.02
5313 0.02
5314 0.02
5315 0.02
5325 0.02
5326 0.02
5327 0.02
5328 0.02
5378 0.02
5379 0.02
5380 0.02
5381 0.02
5399 0.02
5400 0.02
5401 0.02
5402 0.02
5403 0.02
5404 0.02
5406 0.02
5407 0.02
5408 0.02
5517 0.02
5518 0.02
5519 0.02
5520 0.02
5521 0.02
5522 0.02
5523 0.02
5524 0.02
5525 0.02
5526 0.02
5527 0.02
5528 0.02
5529 0.02
5530 0.02
5532 0.02
5534 0.02
5535 0.02
5536 0.02
5537 0.02
5538 0.02
5539 0.02
5542 0.02
5547 0.02
5548 0.02
5549 0.02
5550 0.02
5552 0.02
5559 0.02
5560 0.02
5561 0.02
5562 0.02
5563 0.02
5564 0.02
5565 0.02
5566 0.02
5567 0.02
5568 0.02
5569 0.02
5570 0.02
5571 0.02
5572 0.02
5573 0.02
5574 0.02
5575 0.02
5576 0.02
5577 0.02
5578 0.02
5579 0.02
5581 0.02
5582 0.02
5584 0.02
5585 0.02
5586 0.02
5587 0.02
5588 0.02
5590 0.02
5592 0.02
5635 0.02
5636 0.02
5637 0.02
5640 0.02
5641 0.02
5642 0.02
5643 0.02
5644 0.02
5645 0.02
5647 0.02
5648 0.02
5654 0.02
5655 0.02
5656 0.02
5659 0.02
5660 0.02
5661 0.02
5662 0.02
5677 0.02
5678 0.02
5680 0.02
5683 0.02
5685 0.02
5686 0.02
5688 0.02
5689 0.02
5716 0.02
5718 0.02
5719 0.02
5720 0.02
5722 0.02
5723 0.02
5724 0.02
5725 0.02
5744 0.02
5745 0.02
5746 0.02
5747 0.02
5748 0.02
5749 0.02
5752 0.02
5753 0.02
5754 0.02
5755 0.02
5756 0.02
5757 0.02
5758 0.02
5759 0.02
5760 0.02
5834 0.02
5837 0.02
5839 0.02
5884 0.02
5885 0.02
5886 0.02
5887 0.02
5888 0.02
5889 0.02
5890 0.02
5891 0.02
5892 0.02
5893 0.02
5894 0.02
5895 0.02
5896 0.02
5897 0.02
5902 0.02
5903 0.02
5904 0.02
5905 0.02
5906 0.02
5907 0.02
5909 0.02
5910 0.02
5912 0.02
5913 0.02
5914 0.02
5915 0.02
5916 0.02
5917 0.02
5918 0.02
5919 0.02
5920 0.02
5925 0.02
5926 0.02
5927 0.02
5928 0.02
5929 0.02
5930 0.02
5931 0.02
5932 0.02
5933 0.02
5934 0.02
5935 0.02
5936 0.02
5937 0.02
5938 0.02
5939 0.02
5940 0.02
5941 0.02
5942 0.02
5943 0.02
5944 0.02
5945 0.02
5946 0.02
5947 0.02
5948 0.02
5949 0.02
5950 0.02
5951 0.02
5952 0.02
5953 0.02
5954 0.02
5955 0.02
5956 0.02
5957 0.02
5958 0.02
5959 0.02
5963 0.02
5996 0.02
5997 0.02
5998 0.02
5999 0.02
6000 0.02
6002 0.02
6003 0.02
6004 0.02
6005 0.02
6006 0.02
6007 0.02
6012 0.02
6013 0.02
6014 0.02
6015 0.02
6016 0.02
6017 0.02
6018 0.02
6019 0.02
6026 0.02
6027 0.02
6028 0.02
6029 0.02
6031 0.02
6032 0.02
6033 0.02
6042 0.02
6052 0.02
6053 0.02
6056 0.02
6057 0.02
6058 0.02
6061 0.02
6062 0.02
6064 0.02
6065 0.02
6066 0.02
6067 0.02
6068 0.02
6069 0.02
6070 0.02
6098 0.02
6099 0.02
6100 0.02
6101 0.02
6102 0.02
6103 0.02
6104 0.02
6106 0.02
6107 0.02
6108 0.02
6109 0.02
6110 0.02
6111 0.02
6112 0.02
6113 0.02
6114 0.02
6115 0.02
6116 0.02
6117 0.02
6143 0.02
6144 0.02
6145 0.02
6146 0.02
6147 0.02
6148 0.02
6149 0.02
6150 0.02
6151 0.02
6153 0.02
6154 0.02
6155 0.02
6156 0.02
6157 0.02
6158 0.02
6159 0.02
6160 0.02
6161 0.02
6162 0.02
6241 0.02
6242 0.02
6243 0.02
6244 0.02
6246 0.02
6248 0.02
6250 0.02
6254 0.02
6257 0.02
6258 0.02
6259 0.02
6295 0.02
6296 0.02
6297 0.02
6298 0.02
6299 0.02
6300 0.02
6301 0.02
6302 0.02
6303 0.02
6304 0.02
6305 0.02
6306 0.02
6307 0.02
6308 0.02
6309 0.02
6310 0.02
6312 0.02
6313 0.02
6314 0.02
6315 0.02
6316 0.02
6317 0.02
6318 0.02
6319 0.02
6321 0.02
6322 0.02
6323 0.02
6324 0.02
6325 0.02
6326 0.02
6327 0.02
6328 0.02
6329 0.02
6330 0.02
6331 0.02
6332 0.02
6333 0.02
6334 0.02
6335 0.02
6336 0.02
6337 0.02
6338 0.02
6339 0.02
6340 0.02
6341 0.02
6342 0.02
6343 0.02
6344 0.02
6345 0.02
6346 0.02
6347 0.02
6348 0.02
6349 0.02
6350 0.02
6351 0.02
6352 0.02
6353 0.02
6354 0.02
6355 0.02
6356 0.02
6357 0.02
6358 0.02
6359 0.02
6360 0.02
6361 0.02
6362 0.02
6363 0.02
6364 0.02
6365 0.02
6366 0.02
6368 0.02
6369 0.02
6370 0.02
6371 0.02
6373 0.02
6375 0.02
6376 0.02
6377 0.02
6378 0.02
6401 0.02
6402 0.02
6403 0.02
6404 0.02
6405 0.02
6406 0.02
6407 0.02
6408 0.02
6409 0.02
6410 0.02
6414 0.02
6416 0.02
6417 0.02
6418 0.02
6419 0.02
6420 0.02
6421 0.02
6422 0.02
6431 0.02
6432 0.02
6433 0.02
6434 0.02
6435 0.02
6441 0.02
6442 0.02
6443 0.02
6444 0.02
6445 0.02
6446 0.02
6447 0.02
6448 0.02
6449 0.02
6450 0.02
6453 0.02
6454 0.02
6455 0.02
6456 0.02
6457 0.02
6458 0.02
6459 0.02
6460 0.02
6461 0.02
6462 0.02
6463 0.02
6464 0.02
6466 0.02
6467 0.02
6468 0.02
6469 0.02
6470 0.02
6471 0.02
6472 0.02
6473 0.02
6474 0.02
6475 0.02
6476 0.02
6477 0.02
6478 0.02
6479 0.02
6493 0.02
6495 0.02
6506 0.02
6507 0.02
6508 0.02
6509 0.02
6510 0.02
6511 0.03
6512 0.02
6513 0.03
6514 0.03
6515 0.03
6516 0.03
6517 0.02
6518 0.02
6519 0.02
6528 0.02
6529 0.02
6530 0.02
6533 0.02
6534 0.02
6553 0.02
6554 0.02
6555 0.02
6556 0.02
6557 0.02
6558 0.02
6559 0.02
6560 0.02
6561 0.02
6562 0.02
6563 0.02
6564 0.02
6565 0.02
6566 0.02
6567 0.02
6568 0.02
6569 0.02
6570 0.02
6571 0.02
6572 0.02
6573 0.02
6574 0.02
6575 0.02
6576 0.02
6577 0.02
6662 0.02
6663 0.02
6664 0.02
6665 0.02
6666 0.02
6667 0.02
6668 0.02
6670 0.02
6671 0.02
6672 0.02
6673 0.02
6674 0.02
6675 0.02
6676 0.02
6677 0.02
6715 0.02
6716 0.02
6717 0.02
6718 0.02
6719 0.02
6720 0.02
6721 0.02
6722 0.02
6723 0.02
6724 0.02
6725 0.02
6726 0.02
6727 0.02
6728 0.02
6729 0.02
6730 0.02
6731 0.02
6732 0.02
6733 0.02
6734 0.02
6735 0.02
6736 0.02
6737 0.02
6738 0.02
6739 0.02
6740 0.02
6741 0.02
6742 0.02
6743 0.02
6744 0.02
6745 0.02
6746 0.02
6747 0.02
6748 0.02
6749 0.02
6750 0.02
6751 0.02
6752 0.02
6753 0.02
6754 0.02
6755 0.02
6756 0.02
6757 0.02
6758 0.02
6759 0.02
6760 0.02
6761 0.02
6762 0.02
6763 0.02
6764 0.02
6765 0.02
6766 0.02
6767 0.02
6768 0.02
6769 0.02
6770 0.02
6771 0.02
6772 0.02
6773 0.02
6774 0.02
6775 0.02
6776 0.02
6777 0.02
6778 0.02
6779 0.02
6780 0.02
6781 0.02
6782 0.02
6783 0.02
6784 0.02
6785 0.02
6786 0.02
6787 0.02
6788 0.02
6790 0.02
6812 0.02
6813 0.02
6818 0.02
6819 0.02
6820 0.02
6821 0.02
6822 0.02
6823 0.02
6824 0.02
6825 0.02
6826 0.02
6827 0.02
6828 0.02
6829 0.02
6830 0.02
6836 0.02
6839 0.02
6840 0.02
6841 0.02
6842 0.02
6847 0.02
6848 0.02
6849 0.02
6850 0.02
6851 0.02
6852 0.02
6853 0.02
6854 0.02
6855 0.02
6856 0.02
6857 0.02
6858 0.02
6859 0.02
6860 0.02
6861 0.02
6862 0.02
6863 0.02
6864 0.03
6865 0.02
6866 0.02
6867 0.02
6868 0.02
6869 0.02
6870 0.02
6871 0.02
6872 0.02
6873 0.02
6874 0.02
6875 0.02
6876 0.02
6877 0.02
6878 0.02
6879 0.02
6880 0.02
6893 0.02
6894 0.02
6895 0.02
6897 0.03
6898 0.03
6899 0.03
6900 0.03
6901 0.03
6902 0.03
6903 0.02
6904 0.02
6905 0.02
6910 0.02
6911 0.02
6913 0.02
6915 0.02
6916 0.02
6917 0.02
6918 0.02
6919 0.02
6920 0.02
6921 0.03
6922 0.03
6927 0.02
6933 0.02
6936 0.02
6948 0.02
6949 0.02
6950 0.02
6951 0.02
6952 0.02
6953 0.02
6954 0.02
6955 0.02
6956 0.02
6957 0.02
6958 0.02
6959 0.02
6960 0.02
6961 0.02
6962 0.02
6963 0.02
6964 0.02
6965 0.02
6966 0.02
6967 0.02
6968 0.02
6969 0.02
6970 0.02
6971 0.02
6972 0.02
6973 0.02
6974 0.02
6975 0.02
6976 0.02
7072 0.02
7074 0.02
7075 0.02
7076 0.02
7077 0.02
7078 0.02
7079 0.02
7080 0.02
7082 0.02
7083 0.02
7086 0.02
7087 0.02
7127 0.02
7129 0.02
7130 0.02
7131 0.02
7132 0.02
7133 0.02
7134 0.02
7135 0.02
7136 0.02
7137 0.02
7138 0.02
7139 0.02
7140 0.02
7141 0.02
7142 0.02
7143 0.02
7144 0.02
7145 0.02
7146 0.02
7147 0.02
7148 0.02
7149 0.02
7150 0.02
7151 0.02
7152 0.02
7153 0.02
7154 0.02
7155 0.02
7156 0.02
7157 0.02
7158 0.02
7159 0.02
7160 0.02
7161 0.02
7162 0.02
7163 0.02
7164 0.02
7165 0.02
7166 0.02
7167 0.02
7168 0.02
7169 0.02
7170 0.02
7171 0.02
7172 0.02
7173 0.02
7174 0.02
7175 0.02
7176 0.02
7177 0.02
7178 0.02
7179 0.02
7180 0.02
7181 0.02
7182 0.02
7183 0.02
7184 0.02
7185 0.02
7186 0.02
7187 0.02
7188 0.02
7189 0.02
7190 0.02
7191 0.02
7192 0.02
7193 0.02
7194 0.02
7195 0.02
7198 0.02
7218 0.02
7219 0.02
7220 0.02
7221 0.02
7225 0.02
7226 0.02
7227 0.02
7228 0.02
7229 0.02
7230 0.02
7231 0.02
7232 0.02
7233 0.02
7234 0.02
7235 0.02
7236 0.02
7237 0.02
7238 0.02
7239 0.02
7240 0.02
7241 0.02
7244 0.02
7245 0.02
7246 0.02
7247 0.02
7248 0.02
7249 0.02
7251 0.02
7252 0.02
7253 0.02
7254 0.02
7255 0.02
7256 0.03
7257 0.02
7258 0.03
7259 0.02
7260 0.02
7262 0.02
7263 0.03
7264 0.02
7265 0.03
7266 0.02
7267 0.02
7268 0.02
7269 0.02
7270 0.02
7271 0.02
7272 0.02
7273 0.02
7274 0.02
7275 0.02
7277 0.02
7278 0.02
7279 0.02
7283 0.02
7284 0.03
7285 0.03
7286 0.03
7287 0.03
7288 0.03
7289 0.02
7290 0.02
7291 0.02
7292 0.02
7293 0.02
7294 0.02
7295 0.02
7296 0.02
7297 0.02
7298 0.02
7299 0.02
7300 0.02
7301 0.02
7302 0.02
7303 0.02
7304 0.02
7305 0.02
7309 0.02
7310 0.02
7313 0.02
7316 0.02
7318 0.02
7319 0.02
7320 0.02
7321 0.02
7322 0.02
7323 0.02
7324 0.02
7325 0.02
7326 0.02
7327 0.02
7328 0.02
7329 0.02
7330 0.02
7331 0.02
7332 0.02
7333 0.02
7334 0.02
7335 0.02
7336 0.02
7337 0.02
7374 0.02
7375 0.02
7376 0.02
7448 0.02
7449 0.02
7450 0.02
7451 0.02
7452 0.02
7453 0.02
7454 0.02
7455 0.02
7456 0.02
7457 0.02
7458 0.02
7460 0.02
7461 0.02
7462 0.02
7481 0.02
7482 0.02
7483 0.02
7513 0.02
7514 0.02
7515 0.02
7516 0.02
7517 0.02
7518 0.02
7519 0.02
7520 0.02
7521 0.02
7522 0.02
7523 0.02
7524 0.02
7525 0.02
7526 0.02
7527 0.02
7528 0.02
7529 0.02
7530 0.02
7531 0.02
7532 0.02
7533 0.02
7534 0.02
7535 0.02
7536 0.02
7537 0.02
7538 0.02
7539 0.02
7540 0.02
7541 0.02
7542 0.02
7543 0.02
7544 0.02
7545 0.02
7546 0.02
7547 0.02
7548 0.02
7549 0.02
7550 0.02
7551 0.02
7552 0.02
7553 0.02
7554 0.02
7555 0.02
7556 0.02
7557 0.02
7558 0.02
7559 0.02
7560 0.02
7561 0.02
7562 0.02
7563 0.02
7564 0.02
7565 0.02
7566 0.02
7567 0.02
7568 0.02
7569 0.02
7570 0.02
7585 0.02
7590 0.02
7591 0.02
7592 0.02
7593 0.02
7594 0.02
7595 0.02
7596 0.02
7597 0.02
7598 0.02
7599 0.02
7600 0.02
7601 0.02
7602 0.02
7603 0.02
7604 0.02
7605 0.02
7606 0.02
7607 0.02
7608 0.02
7609 0.02
7610 0.02
7611 0.02
7612 0.02
7613 0.02
7614 0.02
7615 0.02
7616 0.02
7617 0.03
7618 0.02
7619 0.02
7620 0.02
7621 0.02
7622 0.02
7623 0.02
7626 0.02
7627 0.02
7628 0.02
7629 0.03
7630 0.03
7631 0.03
7632 0.03
7633 0.03
7634 0.03
7635 0.03
7636 0.03
7637 0.03
7638 0.02
7639 0.02
7640 0.02
7641 0.02
7642 0.02
7643 0.02
7644 0.02
7645 0.02
7646 0.02
7647 0.02
7648 0.02
7649 0.02
7650 0.02
7651 0.02
7652 0.02
7653 0.02
7654 0.02
7655 0.02
7656 0.03
7657 0.03
7658 0.03
7659 0.03
7660 0.03
7661 0.03
7662 0.02
7663 0.02
7664 0.02
7665 0.02
7666 0.02
7667 0.02
7668 0.02
7669 0.02
7670 0.02
7671 0.02
7672 0.02
7673 0.02
7674 0.02
7675 0.02
7676 0.02
7677 0.02
7678 0.02
7679 0.02
7680 0.02
7681 0.02
7682 0.02
7683 0.02
7684 0.02
7685 0.02
7686 0.02
7687 0.02
7688 0.02
7689 0.02
7690 0.02
7691 0.02
7692 0.02
7693 0.02
7694 0.02
7736 0.02
7765 0.02
7770 0.02
7771 0.02
7825 0.02
7827 0.02
7828 0.02
7829 0.02
7830 0.02
7831 0.02
7832 0.02
7833 0.02
7834 0.02
7835 0.02
7836 0.02
7837 0.02
7853 0.02
7854 0.02
7855 0.02
7856 0.02
7857 0.02
7858 0.02
7859 0.02
7860 0.02
7861 0.02
7878 0.02
7879 0.02
7888 0.02
7889 0.02
7890 0.02
7891 0.02
7892 0.02
7893 0.02
7894 0.02
7895 0.02
7896 0.02
7897 0.02
7898 0.02
7899 0.02
7900 0.02
7901 0.02
7902 0.02
7903 0.02
7904 0.02
7905 0.02
7906 0.02
7907 0.02
7908 0.02
7909 0.02
7910 0.02
7911 0.02
7912 0.02
7913 0.02
7914 0.02
7915 0.02
7916 0.02
7917 0.02
7918 0.02
7919 0.02
7920 0.02
7921 0.02
7922 0.02
7923 0.02
7924 0.02
7925 0.02
7926 0.02
7927 0.02
7928 0.02
7929 0.02
7930 0.02
7931 0.02
7932 0.02
7933 0.02
7934 0.02
7935 0.02
7936 0.02
7937 0.02
7938 0.02
7939 0.02
7940 0.02
7941 0.02
7942 0.02
7944 0.02
7953 0.02
7954 0.02
7955 0.02
7956 0.02
7958 0.02
7959 0.02
7960 0.02
7961 0.02
7962 0.02
7963 0.02
7964 0.02
7965 0.02
7966 0.02
7967 0.02
7968 0.02
7969 0.02
7970 0.02
7971 0.02
7972 0.02
7973 0.02
7974 0.02
7975 0.02
7976 0.02
7977 0.02
7978 0.02
7979 0.02
7980 0.02
7981 0.03
7982 0.02
7983 0.02
7984 0.03
7985 0.02
7986 0.02
7989 0.02
7990 0.02
7991 0.03
7992 0.03
7993 0.03
7994 0.03
7995 0.03
7996 0.03
7997 0.03
7998 0.03
7999 0.03
8000 0.03
8001 0.02
8002 0.02
8003 0.02
8004 0.02
8005 0.02
8006 0.02
8007 0.02
8008 0.02
8009 0.02
8010 0.02
8011 0.02
8012 0.02
8013 0.02
8014 0.02
8015 0.02
8016 0.02
8017 0.02
8018 0.02
8019 0.02
8020 0.03
8021 0.03
8022 0.03
8023 0.03
8024 0.03
8025 0.03
8026 0.02
8027 0.02
8028 0.02
8029 0.02
8030 0.02
8031 0.02
8032 0.02
8033 0.02
8034 0.02
8035 0.02
8036 0.02
8037 0.02
8038 0.02
8039 0.02
8040 0.02
8041 0.02
8042 0.02
8043 0.02
8044 0.02
8045 0.02
8046 0.02
8047 0.02
8048 0.02
8049 0.02
8050 0.02
8051 0.02
8052 0.02
8053 0.02
8054 0.02
8055 0.02
8056 0.02
8057 0.02
8058 0.02
8059 0.02
8060 0.02
8061 0.02
8062 0.02
8063 0.02
8134 0.02
8135 0.02
8205 0.02
8206 0.02
8207 0.02
8208 0.02
8209 0.02
8210 0.02
8211 0.02
8212 0.02
8213 0.02
8214 0.02
8215 0.02
8216 0.02
8218 0.02
8235 0.02
8236 0.02
8237 0.02
8238 0.02
8239 0.02
8240 0.02
8241 0.02
8242 0.02
8243 0.02
8244 0.02
8248 0.02
8249 0.02
8252 0.02
8253 0.02
8254 0.02
8255 0.02
8261 0.02
8268 0.02
8269 0.02
8270 0.02
8271 0.02
8273 0.02
8277 0.02
8278 0.02
8279 0.02
8280 0.02
8281 0.02
8282 0.02
8283 0.02
8284 0.02
8285 0.02
8286 0.02
8287 0.02
8288 0.02
8289 0.02
8290 0.02
8291 0.02
8292 0.02
8293 0.02
8294 0.02
8295 0.02
8296 0.02
8297 0.02
8298 0.02
8299 0.02
8300 0.02
8301 0.02
8302 0.02
8303 0.02
8304 0.02
8305 0.02
8306 0.02
8307 0.02
8308 0.02
8309 0.02
8310 0.02
8311 0.02
8312 0.02
8313 0.02
8314 0.02
8315 0.02
8316 0.02
8317 0.02
8318 0.02
8319 0.02
8320 0.02
8321 0.02
8322 0.02
8323 0.02
8324 0.02
8325 0.02
8326 0.02
8327 0.02
8328 0.02
8329 0.02
8331 0.02
8334 0.02
8335 0.02
8336 0.02
8337 0.02
8338 0.02
8339 0.02
8340 0.02
8341 0.02
8342 0.02
8343 0.02
8344 0.02
8345 0.02
8346 0.02
8347 0.02
8348 0.02
8349 0.02
8350 0.02
8351 0.02
8352 0.02
8353 0.02
8354 0.02
8355 0.02
8356 0.02
8357 0.02
8358 0.02
8359 0.02
8360 0.02
8361 0.02
8362 0.03
8363 0.03
8364 0.03
8365 0.02
8366 0.02
8367 0.02
8368 0.02
8369 0.02
8370 0.03
8371 0.03
8372 0.03
8373 0.03
8374 0.03
8375 0.03
8376 0.03
8377 0.03
8378 0.03
8379 0.03
8380 0.02
8381 0.02
8382 0.02
8383 0.02
8384 0.02
8385 0.02
8386 0.02
8387 0.02
8388 0.02
8389 0.02
8390 0.02
8391 0.02
8392 0.02
8393 0.02
8394 0.02
8395 0.02
8396 0.02
8397 0.02
8398 0.02
8399 0.02
8400 0.02
8401 0.02
8402 0.02
8403 0.02
8404 0.02
8405 0.03
8406 0.03
8407 0.03
8408 0.03
8409 0.03
8410 0.03
8411 0.03
8412 0.02
8413 0.02
8414 0.02
8415 0.02
8416 0.02
8417 0.02
8418 0.02
8419 0.02
8420 0.02
8421 0.02
8422 0.02
8423 0.02
8424 0.02
8425 0.02
8426 0.02
8427 0.02
8428 0.02
8429 0.02
8430 0.02
8431 0.02
8432 0.02
8433 0.02
8434 0.02
8435 0.02
8436 0.02
8437 0.02
8438 0.02
8439 0.02
8440 0.02
8441 0.02
8442 0.02
8443 0.02
8444 0.02
8445 0.02
8446 0.02
8452 0.02
8524 0.02
8525 0.02
8526 0.02
8533 0.02
8576 0.02
8610 0.02
8611 0.02
8612 0.02
8613 0.02
8614 0.02
8615 0.02
8616 0.02
8617 0.02
8618 0.02
8619 0.02
8620 0.02
8621 0.02
8625 0.02
8626 0.02
8642 0.02
8643 0.02
8644 0.02
8645 0.02
8646 0.02
8647 0.02
8648 0.02
8649 0.02
8650 0.02
8651 0.02
8652 0.02
8653 0.02
8654 0.02
8655 0.02
8656 0.02
8657 0.02
8658 0.02
8659 0.02
8660 0.02
8661 0.02
8662 0.02
8663 0.02
8664 0.02
8665 0.02
8675 0.02
8676 0.02
8677 0.02
8678 0.02
8679 0.02
8683 0.02
8684 0.02
8685 0.02
8686 0.02
8687 0.02
8688 0.02
8689 0.02
8690 0.02
8691 0.02
8692 0.02
8693 0.02
8694 0.02
8695 0.02
8696 0.02
8697 0.02
8698 0.02
8699 0.02
8700 0.02
8701 0.02
8702 0.02
8703 0.02
8704 0.02
8705 0.02
8706 0.02
8707 0.02
8708 0.02
8709 0.02
8710 0.02
8711 0.02
8712 0.02
8713 0.02
8714 0.02
8715 0.02
8716 0.02
8717 0.02
8718 0.02
8719 0.02
8720 0.02
8721 0.02
8722 0.02
8723 0.02
8724 0.02
8725 0.02
8726 0.02
8727 0.02
8728 0.02
8729 0.02
8730 0.02
8731 0.02
8732 0.02
8733 0.02
8734 0.02
8735 0.02
8736 0.02
8737 0.02
8738 0.02
8739 0.02
8740 0.02
8741 0.02
8742 0.02
8743 0.02
8744 0.02
8745 0.02
8746 0.02
8747 0.02
8748 0.02
8749 0.02
8750 0.02
8751 0.02
8752 0.02
8753 0.02
8754 0.02
8755 0.02
8756 0.02
8757 0.02
8758 0.02
8759 0.03
8760 0.03
8761 0.03
8762 0.03
8763 0.03
8764 0.03
8765 0.03
8766 0.02
8767 0.02
8768 0.02
8769 0.02
8770 0.02
8771 0.02
8772 0.02
8773 0.02
8774 0.02
8775 0.02
8776 0.02
8777 0.02
8778 0.02
8779 0.02
8780 0.02
8781 0.02
8782 0.02
8783 0.02
8784 0.02
8785 0.02
8786 0.02
8787 0.02
8788 0.02
8790 0.02
8791 0.02
8792 0.03
8793 0.03
8794 0.03
8795 0.03
8796 0.03
8797 0.03
8798 0.03
8799 0.03
8800 0.03
8801 0.02
8802 0.02
8803 0.02
8804 0.02
8805 0.02
8806 0.02
8807 0.02
8808 0.02
8809 0.02
8810 0.02
8811 0.02
8812 0.02
8813 0.02
8814 0.02
8815 0.02
8816 0.02
8817 0.02
8818 0.02
8819 0.02
8820 0.02
8821 0.02
8822 0.02
8823 0.02
8824 0.02
8825 0.02
8826 0.02
8827 0.02
8828 0.02
8829 0.02
8830 0.02
8831 0.02
8832 0.02
8833 0.02
8834 0.02
8835 0.02
8836 0.02
8838 0.02
8840 0.02
8913 0.02
8919 0.02
8920 0.02
8980 0.02
8984 0.02
9020 0.02
9021 0.02
9022 0.02
9023 0.02
9024 0.02
9025 0.02
9026 0.02
9027 0.02
9028 0.02
9031 0.02
9032 0.02
9033 0.02
9034 0.02
9052 0.02
9053 0.02
9054 0.02
9055 0.02
9056 0.02
9057 0.02
9058 0.02
9059 0.02
9060 0.02
9061 0.02
9062 0.02
9063 0.02
9064 0.02
9065 0.02
9066 0.02
9067 0.02
9068 0.02
9069 0.02
9070 0.02
9071 0.02
9072 0.02
9073 0.02
9074 0.02
9075 0.02
9076 0.02
9077 0.02
9086 0.02
9087 0.02
9090 0.02
9091 0.02
9092 0.02
9093 0.02
9094 0.02
9095 0.02
9096 0.02
9097 0.02
9098 0.02
9099 0.02
9100 0.02
9101 0.02
9102 0.02
9103 0.02
9104 0.02
9105 0.02
9106 0.02
9107 0.02
9108 0.02
9109 0.02
9110 0.02
9111 0.02
9112 0.02
9113 0.02
9114 0.02
9115 0.02
9116 0.02
9117 0.02
9118 0.02
9119 0.02
9120 0.02
9121 0.02
9122 0.02
9123 0.02
9124 0.02
9125 0.02
9126 0.02
9127 0.02
9128 0.02
9129 0.02
9130 0.02
9131 0.02
9132 0.02
9133 0.02
9134 0.02
9135 0.02
9136 0.02
9137 0.02
9138 0.02
9139 0.02
9140 0.02
9141 0.02
9142 0.02
9143 0.02
9144 0.02
9145 0.02
9146 0.03
9147 0.03
9148 0.03
9149 0.03
9150 0.03
9151 0.03
9152 0.03
9153 0.03
9154 0.03
9155 0.03
9156 0.02
9157 0.02
9158 0.02
9159 0.02
9160 0.02
9161 0.02
9162 0.02
9163 0.02
9164 0.02
9165 0.02
9166 0.02
9167 0.02
9168 0.02
9169 0.02
9170 0.02
9171 0.02
9172 0.02
9173 0.02
9174 0.02
9175 0.02
9176 0.02
9177 0.02
9178 0.02
9179 0.02
9180 0.02
9181 0.02
9182 0.02
9183 0.02
9184 0.02
9185 0.02
9186 0.02
9187 0.02
9188 0.02
9189 0.02
9190 0.02
9191 0.02
9192 0.03
9193 0.03
9194 0.03
9195 0.03
9196 0.03
9197 0.03
9198 0.03
9199 0.03
9200 0.03
9201 0.02
9202 0.02
9203 0.02
9204 0.02
9205 0.02
9206 0.02
9207 0.02
9208 0.02
9209 0.02
9210 0.02
9211 0.02
9212 0.02
9213 0.02
9214 0.02
9215 0.02
9216 0.02
9217 0.02
9218 0.02
9219 0.02
9220 0.02
9221 0.02
9222 0.02
9223 0.02
9224 0.02
9225 0.02
9226 0.02
9227 0.02
9228 0.02
9229 0.02
9230 0.02
9231 0.02
9232 0.02
9233 0.02
9234 0.02
9235 0.02
9236 0.02
9237 0.02
9238 0.02
9276 0.02
9278 0.02
9279 0.02
9283 0.02
9284 0.02
9287 0.02
9290 0.02
9306 0.02
9308 0.02
9314 0.02
9324 0.02
9383 0.02
9384 0.02
9385 0.02
9387 0.02
9388 0.02
9389 0.02
9391 0.02
9392 0.02
9393 0.02
9425 0.02
9426 0.02
9427 0.02
9428 0.02
9429 0.02
9430 0.02
9432 0.02
9433 0.02
9434 0.02
9452 0.02
9453 0.02
9454 0.02
9455 0.02
9456 0.02
9457 0.02
9458 0.02
9459 0.02
9460 0.02
9461 0.02
9463 0.02
9464 0.02
9465 0.02
9466 0.02
9467 0.02
9468 0.02
9469 0.02
9470 0.02
9471 0.02
9472 0.02
9473 0.02
9474 0.02
9475 0.02
9490 0.02
9491 0.02
9492 0.02
9493 0.02
9494 0.02
9495 0.02
9496 0.02
9497 0.02
9498 0.02
9499 0.02
9500 0.02
9501 0.02
9502 0.02
9503 0.02
9504 0.02
9505 0.02
9506 0.02
9507 0.02
9508 0.02
9509 0.02
9510 0.02
9511 0.02
9512 0.02
9513 0.02
9514 0.02
9515 0.02
9516 0.02
9517 0.02
9518 0.02
9519 0.02
9520 0.02
9521 0.02
9522 0.02
9523 0.02
9524 0.02
9525 0.02
9526 0.02
9527 0.02
9528 0.02
9529 0.02
9530 0.02
9531 0.02
9532 0.02
9533 0.02
9534 0.02
9535 0.02
9536 0.03
9537 0.03
9538 0.03
9539 0.03
9540 0.03
9541 0.03
9542 0.03
9543 0.03
9544 0.03
9545 0.03
9546 0.03
9547 0.02
9548 0.02
9549 0.02
9550 0.02
9551 0.02
9552 0.02
9553 0.02
9554 0.02
9555 0.02
9556 0.02
9557 0.02
9558 0.02
9559 0.02
9560 0.02
9561 0.02
9562 0.02
9563 0.02
9564 0.02
9565 0.02
9566 0.02
9567 0.02
9568 0.02
9569 0.02
9570 0.02
9571 0.02
9572 0.02
9573 0.02
9574 0.02
9575 0.02
9576 0.02
9577 0.02
9578 0.02
9579 0.02
9580 0.02
9581 0.02
9582 0.02
9583 0.02
9584 0.02
9585 0.02
9586 0.02
9587 0.03
9588 0.02
9589 0.02
9590 0.03
9591 0.03
9592 0.03
9593 0.03
9594 0.03
9595 0.03
9596 0.03
9597 0.02
9598 0.02
9599 0.02
9600 0.02
9601 0.02
9602 0.02
9603 0.02
9604 0.02
9605 0.02
9606 0.02
9607 0.02
9608 0.02
9609 0.02
9610 0.02
9611 0.02
9612 0.02
9613 0.02
9614 0.02
9615 0.02
9616 0.02
9617 0.02
9618 0.02
9619 0.02
9620 0.02
9621 0.02
9622 0.02
9623 0.02
9624 0.02
9625 0.02
9626 0.02
9627 0.02
9628 0.02
9629 0.02
9630 0.02
9631 0.02
9632 0.02
9633 0.02
9634 0.02
9635 0.02
9668 0.02
9670 0.02
9671 0.02
9672 0.02
9673 0.02
9676 0.02
9677 0.02
9678 0.02
9679 0.02
9680 0.02
9682 0.02
9683 0.02
9684 0.02
9690 0.02
9693 0.02
9702 0.02
9703 0.02
9704 0.02
9706 0.02
9715 0.02
9783 0.02
9784 0.02
9785 0.02
9786 0.02
9787 0.02
9788 0.02
9789 0.02
9790 0.02
9791 0.02
9792 0.02
9793 0.02
9794 0.02
9795 0.02
9828 0.02
9829 0.02
9830 0.02
9832 0.02
9833 0.02
9834 0.02
9836 0.02
9837 0.02
9851 0.02
9852 0.02
9853 0.02
9855 0.02
9856 0.02
9858 0.02
9860 0.02
9861 0.02
9862 0.02
9863 0.02
9864 0.02
9865 0.02
9866 0.02
9867 0.02
9868 0.02
9869 0.02
9870 0.02
9871 0.02
9872 0.02
9873 0.02
9883 0.02
9890 0.02
9891 0.02
9892 0.02
9893 0.02
9894 0.02
9895 0.02
9896 0.02
9897 0.02
9898 0.02
9899 0.02
9900 0.02
9901 0.02
9902 0.02
9903 0.02
9904 0.02
9905 0.02
9906 0.02
9907 0.02
9908 0.02
9909 0.02
9910 0.02
9911 0.02
9912 0.02
9913 0.02
9914 0.02
9915 0.02
9916 0.02
9917 0.02
9918 0.02
9919 0.02
9920 0.02
9921 0.02
9922 0.02
9923 0.02
9924 0.02
9925 0.02
9926 0.02
9927 0.02
9928 0.02
9929 0.02
9930 0.02
9931 0.03
9932 0.03
9933 0.03
9934 0.03
9935 0.03
9936 0.03
9937 0.03
9938 0.02
9939 0.03
9940 0.03
9941 0.03
9942 0.02
9943 0.02
9944 0.02
9945 0.02
9946 0.02
9947 0.02
9948 0.02
9949 0.02
9950 0.02
9951 0.02
9952 0.02
9953 0.02
9954 0.02
9955 0.02
9956 0.02
9957 0.02
9958 0.02
9959 0.02
9960 0.02
9961 0.02
9962 0.03
9963 0.02
9964 0.02
9965 0.02
9966 0.02
9967 0.02
9968 0.03
9969 0.02
9970 0.03
9971 0.03
9972 0.02
9973 0.02
9974 0.02
9975 0.02
9976 0.02
9977 0.02
9978 0.02
9979 0.02
9980 0.02
9981 0.02
9982 0.02
9983 0.02
9984 0.02
9985 0.02
9986 0.02
9987 0.02
9988 0.02
9989 0.02
9990 0.02
9991 0.02
9992 0.02
9993 0.02
9994 0.02
9995 0.02
9996 0.02
9997 0.02
9998 0.02
10031 0.02
10033 0.02
10035 0.02
10036 0.02
10037 0.02
10038 0.02
10039 0.02
10040 0.02
10046 0.02
10047 0.02
10048 0.02
10050 0.02
10051 0.02
10059 0.02
10130 0.02
10132 0.02
10133 0.02
10134 0.02
10135 0.02
10136 0.02
10137 0.02
10138 0.02
10139 0.02
10140 0.02
10141 0.02
10142 0.02
10143 0.02
10144 0.02
10145 0.02
10147 0.02
10163 0.02
10164 0.02
10165 0.02
10166 0.02
10168 0.02
10169 0.02
10170 0.02
10188 0.02
10191 0.02
10192 0.02
10193 0.02
10194 0.02
10195 0.02
10196 0.02
10197 0.02
10200 0.02
10201 0.02
10222 0.02
10223 0.02
10224 0.02
10225 0.02
10226 0.02
10227 0.02
10228 0.02
10229 0.02
10230 0.02
10231 0.02
10232 0.02
10233 0.02
10234 0.02
10235 0.02
10236 0.02
10237 0.02
10238 0.02
10239 0.02
10240 0.02
10241 0.02
10242 0.02
10243 0.02
10244 0.02
10245 0.02
10246 0.02
10247 0.02
10248 0.02
10249 0.02
10250 0.02
10251 0.02
10252 0.02
10253 0.02
10254 0.02
10255 0.02
10256 0.03
10257 0.03
10258 0.03
10259 0.03
10260 0.03
10261 0.02
10262 0.02
10263 0.02
10264 0.02
10265 0.03
10266 0.03
10267 0.03
10268 0.02
10269 0.02
10270 0.02
10271 0.02
10272 0.02
10273 0.02
10274 0.02
10275 0.02
10276 0.02
10277 0.02
10278 0.02
10279 0.02
10280 0.02
10281 0.02
10282 0.02
10283 0.02
10284 0.02
10285 0.02
10286 0.02
10287 0.02
10288 0.02
10289 0.02
10290 0.02
10291 0.02
10292 0.03
10293 0.03
10294 0.03
10295 0.03
10296 0.03
10297 0.02
10298 0.02
10299 0.02
10300 0.02
10301 0.02
10302 0.02
10303 0.02
10304 0.02
10305 0.02
10306 0.02
10307 0.02
10308 0.02
10309 0.02
10310 0.02
10311 0.02
10312 0.02
10315 0.02
10316 0.02
10317 0.02
10331 0.02
10344 0.02
10345 0.02
10350 0.02
10351 0.02
10428 0.02
10429 0.02
10430 0.02
10431 0.02
10432 0.02
10433 0.02
10434 0.02
10435 0.02
10436 0.02
10437 0.02
10438 0.02
10439 0.02
10440 0.02
10441 0.02
10442 0.02
10444 0.02
10446 0.02
10447 0.02
10450 0.02
10452 0.02
10453 0.02
10454 0.02
10455 0.02
10457 0.02
10479 0.02
10483 0.02
10510 0.02
10511 0.02
10515 0.02
10516 0.02
10517 0.02
10518 0.02
10519 0.02
10520 0.02
10521 0.02
10522 0.02
10523 0.02
10524 0.02
10525 0.02
10526 0.02
10527 0.02
10528 0.02
10529 0.02
10530 0.02
10531 0.02
10532 0.02
10533 0.02
10534 0.02
10535 0.02
10536 0.02
10537 0.02
10538 0.02
10539 0.02
10540 0.02
10541 0.03
10542 0.03
10543 0.03
10544 0.02
10545 0.02
10546 0.03
10547 0.02
10548 0.02
10549 0.03
10550 0.03
10551 0.03
10552 0.02
10553 0.02
10554 0.02
10555 0.02
10556 0.02
10557 0.02
10558 0.02
10559 0.02
10560 0.02
10561 0.02
10562 0.02
10563 0.02
10564 0.02
10565 0.02
10566 0.02
10567 0.02
10568 0.02
10569 0.02
10570 0.02
10571 0.02
10572 0.02
10573 0.03
10574 0.03
10575 0.03
10576 0.02
10577 0.03
10578 0.02
10579 0.02
10580 0.02
10581 0.02
10582 0.02
10583 0.02
10584 0.02
10585 0.02
10586 0.02
10587 0.02
10590 0.02
10600 0.02
10610 0.02
10671 0.02
10675 0.02
10678 0.02
10679 0.02
10680 0.02
10681 0.02
10682 0.02
10683 0.02
10684 0.02
10685 0.02
10686 0.02
10687 0.02
10688 0.02
10689 0.02
10690 0.02
10691 0.02
10693 0.02
10695 0.02
10696 0.02
10697 0.02
10698 0.02
10699 0.02
10764 0.02
10768 0.02
10769 0.02
10770 0.02
10771 0.02
10772 0.02
10773 0.02
10774 0.02
10775 0.02
10776 0.02
10777 0.02
10778 0.02
10779 0.02
10780 0.02
10781 0.02
10782 0.02
10783 0.03
10784 0.02
10785 0.02
10786 0.02
10787 0.02
10788 0.02
10789 0.02
10790 0.03
10791 0.03
10792 0.02
10793 0.02
10794 0.02
10795 0.02
10796 0.02
10797 0.02
10798 0.02
10799 0.02
10800 0.02
10801 0.02
10802 0.02
10803 0.02
10804 0.02
10805 0.02
10806 0.02
10807 0.02
10808 0.02
10809 0.02
10810 0.03
10811 0.03
10812 0.03
10813 0.03
10814 0.02
10815 0.02
10816 0.02
10817 0.02
10818 0.02
10819 0.02
10820 0.02
10830 0.02
10841 0.02
10903 0.02
10904 0.02
10906 0.02
10907 0.02
10908 0.02
10909 0.02
10910 0.02
10913 0.02
10914 0.02
10915 0.02
10916 0.02
10917 0.02
10918 0.02
10919 0.02
10920 0.02
10921 0.02
10922 0.02
10923 0.02
10924 0.02
10925 0.02
10996 0.02
10997 0.02
10998 0.02
10999 0.02
11000 0.02
11001 0.02
11002 0.02
11003 0.02
11004 0.02
11005 0.02
11006 0.02
11007 0.02
11008 0.03
11009 0.02
11010 0.02
11011 0.02
11012 0.02
11013 0.02
11014 0.02
11015 0.02
11016 0.02
11017 0.02
11018 0.02
11019 0.02
11020 0.02
11021 0.02
11022 0.02
11023 0.02
11024 0.02
11025 0.02
11026 0.02
11027 0.02
11028 0.02
11029 0.02
11030 0.02
11031 0.02
11032 0.02
11033 0.02
11034 0.03
11035 0.03
11036 0.03
11037 0.03
11038 0.03
11039 0.02
11040 0.03
11041 0.02
11042 0.02
11043 0.02
11044 0.02
11054 0.02
11057 0.02
11060 0.02
11061 0.02
11062 0.02
11064 0.02
11127 0.02
11128 0.02
11129 0.02
11130 0.02
11131 0.02
11132 0.02
11133 0.02
11134 0.02
11135 0.02
11136 0.02
11137 0.02
11138 0.02
11139 0.02
11140 0.02
11141 0.02
11142 0.02
11143 0.02
11144 0.02
11145 0.02
11146 0.02
11147 0.02
11230 0.02
11231 0.02
11232 0.02
11233 0.02
11234 0.02
11235 0.02
11236 0.02
11237 0.02
11238 0.02
11239 0.02
11240 0.02
11241 0.02
11242 0.02
11243 0.02
11244 0.02
11245 0.02
11246 0.03
11247 0.02
11248 0.02
11249 0.02
11250 0.02
11251 0.02
11252 0.02
11253 0.02
11254 0.02
11255 0.02
11256 0.02
11257 0.02
11258 0.02
11259 0.02
11260 0.02
11261 0.02
11262 0.02
11263 0.02
11264 0.02
11265 0.03
11266 0.03
11267 0.02
11268 0.02
11275 0.02
11277 0.02
11284 0.02
11285 0.02
11286 0.02
11327 0.02
11351 0.02
11352 0.02
11353 0.02
11354 0.02
11355 0.02
11356 0.02
11358 0.02
11359 0.02
11360 0.02
11361 0.02
11362 0.02
11363 0.02
11364 0.02
11365 0.02
11366 0.02
11367 0.02
11368 0.02
11369 0.02
11370 0.02
11382 0.02
11383 0.02
11384 0.02
11386 0.02
11454 0.02
11455 0.02
11456 0.03
11457 0.03
11458 0.02
11459 0.02
11460 0.02
11461 0.02
11462 0.02
11463 0.02
11464 0.02
11465 0.02
11466 0.02
11467 0.03
11468 0.02
11469 0.02
11470 0.02
11471 0.02
11472 0.02
11473 0.02
11474 0.02
11475 0.02
11476 0.02
11477 0.02
11478 0.02
11479 0.02
11480 0.02
11481 0.02
11482 0.02
11483 0.02
11484 0.02
11485 0.03
11486 0.03
11487 0.03
11488 0.03
11489 0.02
11491 0.02
11492 0.02
11499 0.02
11548 0.02
11577 0.02
11578 0.02
11579 0.02
11580 0.02
11586 0.02
11587 0.02
11588 0.02
11589 0.02
11590 0.02
11591 0.02
11592 0.02
11593 0.02
11594 0.02
11605 0.02
11608 0.02
11609 0.02
11610 0.02
11614 0.02
11615 0.02
11616 0.02
11687 0.02
11688 0.02
11689 0.02
11690 0.02
11691 0.02
11692 0.02
11693 0.02
11694 0.02
11695 0.02
11696 0.02
11697 0.02
11698 0.02
11699 0.02
11700 0.02
11701 0.02
11702 0.02
11703 0.02
11704 0.02
11705 0.02
11706 0.02
11707 0.02
11708 0.02
11709 0.02
11710 0.03
11711 0.03
11712 0.03
11713 0.03
11714 0.02
11716 0.02
11717 0.02
11723 0.02
11724 0.02
11775 0.02
11805 0.02
11808 0.02
11814 0.02
11816 0.02
11817 0.02
11818 0.02
11832 0.02
11833 0.02
11840 0.02
11841 0.02
11842 0.02
11843 0.02
11917 0.02
11918 0.02
11919 0.02
11920 0.02
11921 0.02
11922 0.02
11923 0.02
11924 0.02
11925 0.02
11926 0.02
11927 0.02
11928 0.02
11929 0.02
11930 0.02
11931 0.02
11932 0.02
11933 0.02
11934 0.02
11935 0.02
11936 0.02
11937 0.02
11938 0.03
11939 0.03
11940 0.03
11941 0.03
11951 0.02
11958 0.02
11959 0.02
11960 0.02
12020 0.02
12034 0.02
12057 0.02
12058 0.02
12059 0.02
12060 0.02
12061 0.02
12092 0.02
12093 0.02
12094 0.02
12096 0.02
12118 0.02
12119 0.02
12126 0.02
12127 0.02
12128 0.02
12129 0.02
12130 0.02
12131 0.02
12132 0.02
12133 0.02
12134 0.02
12135 0.02
12136 0.02
12137 0.02
12138 0.02
12139 0.02
12140 0.02
12141 0.02
12142 0.02
12143 0.02
12144 0.02
12145 0.02
12146 0.03
12147 0.03
12148 0.03
12149 0.03
12150 0.03
12165 0.02
12166 0.02
12167 0.02
12223 0.02
12234 0.02
12235 0.02
12260 0.02
12261 0.02
12262 0.02
12263 0.02
12265 0.02
12297 0.02
12298 0.02
12299 0.02
12300 0.02
12301 0.02
12303 0.02
12304 0.02
12305 0.02
12306 0.02
12324 0.02
12325 0.02
12326 0.02
12332 0.02
12333 0.02
12334 0.02
12335 0.03
12336 0.03
12337 0.02
12338 0.02
12339 0.02
12340 0.02
12341 0.02
12342 0.02
12343 0.02
12344 0.02
12345 0.02
12346 0.02
12347 0.02
12348 0.02
12349 0.02
12350 0.02
12351 0.02
12352 0.03
12353 0.03
12354 0.03
12355 0.03
12356 0.03
12357 0.03
12373 0.02
12374 0.02
12375 0.02
12445 0.02
12446 0.02
12447 0.02
12471 0.02
12472 0.02
12474 0.02
12504 0.02
12505 0.02
12506 0.02
12507 0.02
12508 0.02
12509 0.02
12510 0.02
12511 0.02
12512 0.02
12530 0.02
12531 0.02
12532 0.02
12533 0.02
12534 0.02
12540 0.02
12541 0.02
12542 0.02
12543 0.02
12544 0.02
12545 0.02
12546 0.02
12547 0.02
12548 0.02
12549 0.02
12550 0.02
12551 0.02
12552 0.02
12553 0.02
12554 0.02
12555 0.02
12556 0.02
12557 0.02
12558 0.03
12559 0.03
12560 0.03
12561 0.03
12562 0.03
12563 0.03
12564 0.03
12565 0.03
12586 0.02
12587 0.02
12588 0.02
12661 0.02
12662 0.02
12729 0.02
12730 0.02
12733 0.02
12734 0.02
12735 0.02
12736 0.02
12738 0.02
12740 0.02
12741 0.02
12758 0.02
12759 0.02
12760 0.02
12761 0.02
12762 0.02
12763 0.02
12764 0.02
12770 0.02
12771 0.02
12772 0.02
12773 0.02
12774 0.02
12775 0.02
12776 0.02
12777 0.02
12778 0.02
12779 0.02
12780 0.03
12781 0.03
12782 0.03
12783 0.02
12784 0.03
12785 0.03
12786 0.03
12787 0.03
12978 0.02
12981 0.02
12982 0.02
12983 0.02
13003 0.02
13004 0.02
13005 0.02
13006 0.02
13007 0.02
13008 0.02
13009 0.02
13016 0.02
13017 0.02
13018 0.02
13019 0.02
13020 0.03
13021 0.03
13022 0.03
13055 0.02
13056 0.02
13197 0.02
13198 0.02
13199 0.02
13200 0.02
13201 0.02
13226 0.02
13227 0.02
13228 0.02
13229 0.02
13230 0.02
13250 0.02
13251 0.02
13252 0.02
13253 0.02
13254 0.02
13262 0.02
13263 0.02
13264 0.02
13265 0.02
13266 0.03
13267 0.03
13299 0.02
13301 0.02
13302 0.02
13305 0.02
13470 0.02
13471 0.02
13472 0.02
13473 0.02
13474 0.02
13475 0.02
13476 0.02
13477 0.02
13497 0.02
13498 0.02
13499 0.02
13523 0.02
13524 0.02
13525 0.02
13526 0.02
13533 0.02
13534 0.02
13535 0.02
13573 0.02
13574 0.02
13575 0.02
13576 0.02
13577 0.02
13578 0.02
13579 0.02
13766 0.02
13768 0.02
13769 0.02
13795 0.02
13798 0.02
13821 0.02
13822 0.02
13828 0.02
13829 0.02
13830 0.02
13870 0.02
13871 0.02
13872 0.02
13873 0.02
14077 0.02
14080 0.02
14081 0.02
14141 0.03
14188 0.02
14405 0.02
14406 0.02
14537 0.02
14920 0.02
14921 0.02
15340 0.02
15341 0.02
15342 0.02
15561 0.02
15740 0.02
15847 0.02
15848 0.02
15953 0.02
16124 0.02
16125 0.02
16129 0.02
16130 0.02
16194 0.02
16207 0.02
16319 0.02
16320 0.02
16428 0.02
16489 0.02
16491 0.02
16500 0.02
16501 0.02
16510 0.02
16511 0.02
16512 0.02
16525 0.02
16526 0.02
16527 0.02
16542 0.02
16732 0.02
16733 0.02
16734 0.02
16762 0.02
16763 0.02
16764 0.02
16765 0.02
16766 0.02
16767 0.02
16768 0.02
16773 0.02
16775 0.02
16777 0.02
16782 0.02
16783 0.02
16784 0.02
16786 0.02
16797 0.02
16901 0.02
16902 0.02
16954 0.02
16984 0.02
16988 0.02
16989 0.02
16990 0.02
17004 0.02
17005 0.02
17006 0.02
17007 0.02
17008 0.02
17009 0.02
17010 0.02
17011 0.02
17013 0.02
17014 0.02
17015 0.02
17016 0.02
17017 0.02
17018 0.02
17025 0.02
17026 0.02
17136 0.02
17137 0.02
17182 0.02
17210 0.02
17211 0.02
17212 0.02
17215 0.02
17217 0.02
17218 0.02
17220 0.02
17221 0.02
17222 0.02
17228 0.02
17229 0.02
17230 0.02
17341 0.02
17342 0.02
17394 0.02
17417 0.02
17419 0.02
17420 0.02
17421 0.02
17422 0.02
17423 0.02
17425 0.02
17426 0.02
17434 0.02
17511 0.02
17517 0.02
17625 0.02
17626 0.02
17627 0.02
17628 0.02
17629 0.02
17720 0.02
17835 0.02
17836 0.02
17837 0.02
18035 0.02
18036 0.02
18037 0.02
18038 0.02
18039 0.02
18258 0.02
18259 0.02
18493 0.02
18494 0.02
18495 0.02
18505 0.02
18761 0.02
18779 0.02
18887 0.02
18888 0.02
18889 0.02
19081 0.02
19180 0.02
19181 0.02
19407 0.02
19409 0.02
19516 0.02
19519 0.02
19774 0.02
19775 0.02
19776 0.02
19825 0.02
19828 0.02
19889 0.02
19892 0.02
19893 0.02
20146 0.02
20147 0.02
20148 0.02
20152 0.02
20153 0.02
20155 0.02
20204 0.02
20205 0.02
20206 0.02
20207 0.02
20208 0.02
20209 0.02
20210 0.02
20213 0.02
20283 0.02
20286 0.02
20541 0.02
20542 0.02
20543 0.02
20544 0.02
20545 0.02
20547 0.02
20548 0.02
20556 0.02
20557 0.02
20558 0.02
20559 0.02
20600 0.02
20601 0.02
20602 0.02
20603 0.02
20604 0.02
20605 0.02
20606 0.02
20607 0.02
20608 0.02
20609 0.02
20610 0.02
20611 0.02
20612 0.02
20613 0.02
20701 0.02
20703 0.02
20950 0.02
20951 0.02
20952 0.02
20953 0.02
20960 0.02
20961 0.02
20962 0.02
20963 0.02
20964 0.02
20965 0.02
20967 0.02
20974 0.02
21001 0.02
21003 0.02
21004 0.02
21005 0.02
21006 0.02
21008 0.02
21009 0.02
21010 0.02
21012 0.02
21014 0.02
21104 0.02
21107 0.02
21369 0.02
21371 0.02
21374 0.02
21375 0.02
21376 0.02
21378 0.02
21379 0.02
21402 0.02
21403 0.02
21404 0.02
21406 0.02
21407 0.02
21408 0.02
21418 0.02
21515 0.02
21516 0.02
21536 0.02
21787 0.02
21788 0.02
21789 0.02
21790 0.02
21791 0.02
21792 0.02
21814 0.02
21815 0.02
21818 0.02
21819 0.02
21820 0.02
21831 0.02
21832 0.02
21834 0.02
21886 0.02
21935 0.02
21945 0.02
22211 0.02
22212 0.02
22213 0.02
22214 0.02
22215 0.02
22235 0.02
22236 0.02
22238 0.02
22240 0.02
22241 0.02
22242 0.02
22254 0.02
22255 0.02
22345 0.02
22350 0.02
22351 0.02
22627 0.02
22628 0.02
22629 0.02
22630 0.02
22652 0.02
22653 0.02
22654 0.02
22655 0.02
22656 0.02
22665 0.02
22754 0.02
22953 0.02
22989 0.02
22990 0.02
22991 0.02
22992 0.02
23055 0.02
23056 0.02
23065 0.02
23077 0.02
23094 0.02
23160 0.02
23162 0.02
23344 0.02
23377 0.02
23420 0.02
23421 0.02
23422 0.02
23423 0.02
23440 0.02
23441 0.02
23496 0.02
23497 0.02
23512 0.02
23516 0.02
23520 0.02
23522 0.02
23523 0.02
23783 0.02
23816 0.02
23817 0.02
23842 0.02
23845 0.02
23846 0.02
23847 0.02
23849 0.02
23855 0.02
23856 0.02
23857 0.02
23858 0.02
23860 0.02
23861 0.02
23862 0.02
23863 0.02
23864 0.02
23865 0.02
23884 0.02
23885 0.02
23926 0.02
23927 0.02
23939 0.02
23946 0.02
23947 0.02
23960 0.02
23966 0.02
23967 0.02
24221 0.02
24222 0.02
24234 0.02
24235 0.02
24256 0.02
24257 0.02
24258 0.02
24264 0.02
24265 0.02
24279 0.02
24280 0.02
24282 0.02
24283 0.02
24284 0.02
24285 0.02
24286 0.02
24287 0.02
24288 0.02
24289 0.02
24291 0.02
24295 0.02
24296 0.02
24297 0.02
24298 0.02
24299 0.02
24300 0.02
24301 0.02
24302 0.02
24303 0.02
24304 0.02
24319 0.02
24321 0.02
24322 0.02
24323 0.02
24327 0.02
24328 0.02
24329 0.02
24340 0.02
24341 0.02
24342 0.02
24343 0.02
24345 0.02
24352 0.02
24353 0.02
24354 0.02
24355 0.02
24356 0.02
24358 0.02
24359 0.02
24360 0.02
24361 0.02
24368 0.02
24369 0.02
24370 0.02
24371 0.02
24378 0.02
24379 0.02
24380 0.02
24382 0.02
24389 0.02
24390 0.02
24391 0.02
24392 0.02
24632 0.02
24633 0.02
24642 0.02
24643 0.02
24644 0.02
24645 0.02
24646 0.02
24647 0.02
24648 0.02
24649 0.02
24650 0.02
24655 0.02
24667 0.02
24680 0.02
24681 0.02
24682 0.02
24683 0.02
24684 0.02
24685 0.02
24686 0.02
24687 0.02
24688 0.02
24689 0.02
24690 0.02
24691 0.02
24692 0.02
24693 0.02
24707 0.02
24708 0.02
24709 0.02
24710 0.02
24711 0.02
24714 0.02
24715 0.02
24716 0.02
24717 0.02
24718 0.02
24726 0.02
24730 0.02
24731 0.02
24732 0.02
24733 0.02
24734 0.02
24735 0.02
24741 0.02
24742 0.02
24743 0.02
24744 0.02
24745 0.02
24746 0.02
24747 0.02
24748 0.02
24749 0.02
24750 0.02
24751 0.02
24752 0.02
24753 0.02
24754 0.02
24755 0.02
24757 0.02
24758 0.02
24759 0.02
24760 0.02
24761 0.02
24762 0.02
24763 0.02
24765 0.02
24771 0.02
24774 0.02
24775 0.02
24777 0.02
24796 0.02
25003 0.02
25004 0.02
25005 0.02
25013 0.02
25014 0.02
25015 0.02
25016 0.02
25017 0.02
25018 0.02
25019 0.02
25020 0.02
25021 0.02
25022 0.02
25023 0.02
25024 0.02
25026 0.02
25027 0.02
25036 0.02
25045 0.02
25046 0.02
25047 0.02
25048 0.02
25049 0.02
25050 0.02
25051 0.02
25052 0.02
25053 0.02
25066 0.02
25067 0.02
25068 0.02
25069 0.02
25070 0.02
25071 0.02
25072 0.02
25073 0.02
25074 0.02
25075 0.02
25077 0.02
25078 0.02
25079 0.02
25080 0.02
25081 0.02
25082 0.02
25083 0.02
25084 0.02
25085 0.02
25086 0.02
25087 0.02
25088 0.02
25089 0.02
25090 0.02
25091 0.02
25092 0.02
25093 0.02
25094 0.02
25095 0.02
25097 0.02
25098 0.02
25099 0.02
25100 0.02
25101 0.02
25102 0.02
25103 0.02
25104 0.02
25105 0.02
25106 0.02
25107 0.02
25108 0.02
25109 0.02
25110 0.02
25111 0.02
25112 0.02
25113 0.02
25114 0.02
25115 0.02
25117 0.02
25118 0.02
25119 0.02
25120 0.02
25122 0.02
25128 0.02
25130 0.02
25131 0.02
25135 0.02
25347 0.02
25348 0.02
25357 0.02
25358 0.02
25359 0.02
25360 0.02
25362 0.02
25363 0.02
25364 0.02
25366 0.02
25367 0.02
25368 0.02
25370 0.02
25371 0.02
25378 0.02
25379 0.02
25380 0.02
25381 0.02
25382 0.02
25383 0.02
25384 0.02
25385 0.02
25386 0.02
25387 0.02
25388 0.02
25389 0.02
25390 0.02
25391 0.02
25392 0.02
25393 0.02
25394 0.02
25395 0.02
25396 0.02
25397 0.02
25398 0.02
25399 0.02
25400 0.02
25401 0.02
25402 0.02
25403 0.02
25404 0.02
25405 0.02
25406 0.02
25407 0.02
25408 0.02
25409 0.02
25410 0.02
25411 0.02
25412 0.02
25413 0.02
25417 0.02
25420 0.02
25421 0.02
25427 0.02
25428 0.02
25429 0.02
25430 0.02
25431 0.02
25433 0.02
25441 0.02
25521 0.02
25653 0.02
25654 0.02
25655 0.02
25656 0.02
25657 0.02
25658 0.02
25659 0.02
25660 0.02
25661 0.02
25662 0.02
25663 0.02
25664 0.02
25665 0.02
25666 0.02
25667 0.02
25668 0.02
25669 0.02
25670 0.02
25671 0.02
25672 0.02
25673 0.02
25674 0.02
25675 0.02
25679 0.02
25680 0.02
25687 0.02
25688 0.02
25689 0.02
25690 0.02
25691 0.02
25692 0.02
25693 0.02
25694 0.02
25695 0.02
25697 0.02
25703 0.02
25828 0.02
25829 0.02
25917 0.02
25919 0.02
25924 0.02
25925 0.02
25926 0.02
25927 0.02
25928 0.02
25929 0.02
25930 0.02
25931 0.02
25932 0.02
25933 0.02
25934 0.02
25940 0.02
25943 0.02
25947 0.02
25949 0.02
25950 0.02
25951 0.02
25952 0.02
25953 0.02
25954 0.02
25955 0.02
25956 0.02
25958 0.02
25959 0.02
25965 0.02
26059 0.02
26060 0.02
26063 0.02
26179 0.02
26181 0.02
26182 0.02
26183 0.02
26186 0.02
26191 0.02
26192 0.02
26193 0.02
26194 0.02
26195 0.02
26196 0.02
26204 0.02
26206 0.02
26207 0.02
26208 0.02
26209 0.02
26210 0.02
26211 0.02
26212 0.02
26213 0.02
26214 0.02
26215 0.02
26216 0.02
26217 0.02
26218 0.02
26219 0.02
26220 0.02
26221 0.02
26222 0.02
26223 0.02
26224 0.02
26329 0.02
26330 0.02
26331 0.02
26333 0.02
26334 0.02
26335 0.02
26373 0.02
26438 0.02
26451 0.02
26452 0.02
26456 0.02
26463 0.02
26464 0.02
26467 0.02
26468 0.02
26469 0.02
26470 0.02
26471 0.02
26472 0.02
26473 0.02
26474 0.02
26475 0.02
26477 0.02
26478 0.02
26479 0.02
26480 0.02
26481 0.02
26482 0.02
26483 0.02
26484 0.02
26597 0.02
26598 0.02
26599 0.02
26603 0.02
26604 0.02
26605 0.02
26645 0.02
26713 0.02
26714 0.02
26715 0.02
26730 0.02
26732 0.02
26734 0.02
26735 0.02
26736 0.02
26737 0.02
26738 0.02
26740 0.02
26861 0.02
26863 0.02
26864 0.02
26866 0.02
26868 0.02
26869 0.02
26870 0.02
26871 0.02
26874 0.02
26875 0.02
26876 0.02
26877 0.02
26920 0.02
26921 0.02
26922 0.02
26954 0.02
26958 0.02
26959 0.02
26960 0.02
26961 0.02
26962 0.02
26978 0.02
26979 0.02
26980 0.02
26981 0.02
26982 0.02
26985 0.02
26986 0.02
26987 0.02
26988 0.02
26989 0.02
26996 0.02
26997 0.02
26998 0.02
26999 0.02
27001 0.02
27002 0.02
27003 0.02
27004 0.02
27127 0.02
27129 0.02
27130 0.02
27141 0.02
27142 0.02
27143 0.02
27144 0.02
27205 0.02
27206 0.02
27207 0.02
27208 0.02
27215 0.02
27216 0.02
27217 0.02
27218 0.02
27219 0.02
27220 0.02
27221 0.02
27224 0.02
27225 0.02
27226 0.02
27227 0.02
27228 0.02
27229 0.02
27230 0.02
27242 0.02
27243 0.02
27244 0.02
27245 0.02
27246 0.02
27247 0.02
27248 0.02
27249 0.02
27252 0.02
27253 0.02
27254 0.02
27255 0.02
27256 0.02
27257 0.02
27258 0.02
27259 0.02
27260 0.02
27261 0.02
27263 0.02
27265 0.02
27266 0.02
27267 0.02
27385 0.02
27394 0.02
27395 0.02
27407 0.02
27442 0.02
27443 0.02
27451 0.02
27452 0.02
27453 0.02
27454 0.02
27455 0.02
27456 0.02
27459 0.02
27460 0.02
27461 0.02
27462 0.02
27463 0.02
27464 0.02
27477 0.02
27478 0.02
27479 0.02
27480 0.02
27481 0.02
27482 0.02
27483 0.02
27484 0.02
27485 0.02
27486 0.02
27487 0.02
27488 0.02
27489 0.02
27490 0.02
27492 0.02
27493 0.02
27494 0.02
27495 0.02
27540 0.02
27541 0.02
27545 0.02
27546 0.02
27547 0.02
27550 0.02
27623 0.02
27624 0.02
27627 0.02
27631 0.02
27632 0.02
27633 0.02
27635 0.02
27643 0.02
27644 0.02
27646 0.02
27647 0.02
27678 0.02
27679 0.02
27680 0.02
27686 0.02
27687 0.02
27688 0.02
27689 0.02
27690 0.02
27691 0.02
27692 0.02
27693 0.02
27696 0.02
27697 0.02
27698 0.02
27711 0.02
27712 0.02
27713 0.02
27714 0.02
27715 0.02
27716 0.02
27717 0.02
27718 0.02
27719 0.02
27720 0.02
27721 0.02
27722 0.02
27723 0.02
27724 0.02
27770 0.02
27771 0.02
27772 0.02
27773 0.02
27774 0.02
27779 0.02
27787 0.02
27853 0.02
27857 0.02
27858 0.02
27859 0.02
27862 0.02
27863 0.02
27866 0.02
27892 0.02
27893 0.02
27894 0.02
27895 0.02
27898 0.02
27899 0.02
27901 0.02
27902 0.02
27905 0.02
27906 0.02
27908 0.02
27910 0.02
27911 0.02
27912 0.02
27913 0.02
27914 0.02
27915 0.02
27916 0.02
27917 0.02
27918 0.02
27920 0.02
27921 0.02
27923 0.02
27924 0.02
27925 0.02
27926 0.02
27939 0.02
27940 0.02
27941 0.02
27943 0.02
27944 0.02
27945 0.02
27946 0.02
27947 0.02
27948 0.02
27998 0.02
28000 0.02
28008 0.02
28011 0.02
28012 0.02
28013 0.02
28014 0.02
28070 0.02
28071 0.02
28072 0.02
28073 0.02
28074 0.02
28079 0.02
28080 0.02
28082 0.02
28083 0.02
28095 0.02
28108 0.02
28109 0.02
28110 0.02
28111 0.02
28112 0.02
28113 0.02
28114 0.02
28115 0.02
28116 0.02
28117 0.02
28118 0.02
28119 0.02
28122 0.02
28123 0.02
28124 0.02
28125 0.02
28126 0.02
28127 0.02
28128 0.02
28129 0.02
28132 0.02
28133 0.02
28134 0.02
28135 0.02
28136 0.02
28147 0.02
28148 0.02
28149 0.02
28201 0.02
28202 0.02
28208 0.02
28209 0.02
28210 0.02
28211 0.02
28212 0.02
28213 0.02
28214 0.02
28271 0.02
28272 0.02
28273 0.02
28274 0.02
28275 0.02
28276 0.02
28279 0.02
28281 0.02
28283 0.02
28284 0.02
28293 0.02
28296 0.02
28303 0.02
28304 0.02
28305 0.02
28306 0.02
28307 0.02
28308 0.02
28309 0.02
28310 0.02
28311 0.02
28312 0.02
28313 0.02
28314 0.02
28315 0.02
28316 0.02
28317 0.02
28318 0.02
28319 0.02
28321 0.02
28322 0.02
28323 0.02
28324 0.02
28325 0.02
28326 0.02
28327 0.02
28329 0.02
28333 0.02
28334 0.02
28335 0.02
28398 0.02
28399 0.02
28400 0.02
28460 0.02
28461 0.02
28462 0.02
28465 0.02
28466 0.02
28468 0.02
28470 0.02
28471 0.02
28477 0.02
28479 0.02
28481 0.02
28485 0.02
28487 0.02
28488 0.02
28494 0.02
28495 0.02
28496 0.02
28497 0.02
28498 0.02
28499 0.02
28500 0.02
28501 0.02
28502 0.02
28503 0.02
28504 0.02
28505 0.02
28506 0.02
28507 0.02
28508 0.02
28509 0.02
28510 0.02
28511 0.02
28512 0.02
28513 0.02
28514 0.02
28515 0.02
28516 0.02
28517 0.02
28519 0.02
28520 0.02
28523 0.02
28524 0.02
28525 0.02
28664 0.02
28665 0.02
28668 0.02
28670 0.02
28675 0.02
28676 0.02
28677 0.02
28680 0.02
28681 0.02
28684 0.02
28685 0.02
28686 0.02
28687 0.02
28688 0.02
28689 0.02
28691 0.02
28692 0.02
28693 0.02
28694 0.02
28695 0.02
28696 0.02
28697 0.02
28698 0.02
28699 0.02
28700 0.02
28701 0.02
28702 0.02
28704 0.02
28705 0.02
28706 0.02
28707 0.02
28708 0.02
28709 0.02
28710 0.02
28711 0.02
28791 0.02
28792 0.02
28793 0.02
28869 0.02
28875 0.02
28876 0.02
28877 0.02
28878 0.02
28879 0.02
28880 0.02
28881 0.02
28882 0.02
28883 0.02
28884 0.02
28885 0.02
28886 0.02
28887 0.02
28888 0.02
28889 0.02
28890 0.02
28891 0.02
28892 0.02
28894 0.02
28895 0.02
28896 0.02
28897 0.02
28898 0.02
28899 0.02
28900 0.02
28901 0.02
28902 0.02
28903 0.02
28904 0.02
28905 0.02
28906 0.02
28907 0.02
28908 0.02
29072 0.02
29073 0.02
29074 0.02
29075 0.02
29076 0.02
29077 0.02
29079 0.02
29080 0.02
29081 0.02
29082 0.02
29083 0.02
29084 0.02
29085 0.02
29086 0.02
29087 0.02
29088 0.02
29089 0.02
29090 0.02
29091 0.02
29093 0.02
29094 0.02
29095 0.02
29096 0.02
29099 0.02
29100 0.02
29101 0.02
29102 0.02
29103 0.02
29104 0.02
29105 0.02
29106 0.02
29107 0.02
29108 0.02
29109 0.02
29110 0.02
29111 0.02
29231 0.02
29265 0.02
29271 0.02
29272 0.02
29273 0.02
29275 0.02
29276 0.02
29277 0.02
29278 0.02
29279 0.02
29280 0.02
29281 0.02
29282 0.02
29283 0.02
29284 0.02
29285 0.02
29286 0.02
29287 0.02
29288 0.02
29289 0.02
29290 0.02
29291 0.02
29292 0.02
29293 0.02
29296 0.02
29297 0.02
29298 0.02
29299 0.02
29300 0.02
29301 0.02
29302 0.02
29303 0.02
29304 0.02
29305 0.02
29358 0.02
29405 0.02
29406 0.02
29411 0.02
29418 0.02
29422 0.02
29466 0.02
29467 0.02
29468 0.02
29469 0.02
29470 0.02
29471 0.02
29472 0.02
29474 0.02
29475 0.02
29476 0.02
29477 0.02
29478 0.02
29479 0.02
29480 0.02
29481 0.02
29482 0.02
29483 0.02
29486 0.02
29487 0.02
29488 0.02
29489 0.02
29490 0.02
29491 0.02
29492 0.02
29493 0.02
29494 0.02
29495 0.02
29496 0.02
29540 0.02
29541 0.02
29542 0.02
29545 0.02
29575 0.02
29576 0.02
29577 0.02
29584 0.02
29585 0.02
29588 0.02
29589 0.02
29590 0.02
29592 0.02
29593 0.02
29599 0.02
29605 0.02
29610 0.02
29657 0.02
29658 0.02
29659 0.02
29660 0.02
29661 0.02
29662 0.02
29663 0.02
29665 0.02
29666 0.02
29667 0.02
29668 0.02
29669 0.02
29670 0.02
29671 0.02
29672 0.02
29673 0.02
29674 0.02
29675 0.02
29679 0.02
29680 0.02
29681 0.02
29682 0.02
29683 0.02
29684 0.02
29719 0.02
29720 0.02
29721 0.02
29722 0.02
29723 0.02
29724 0.02
29725 0.02
29756 0.02
29758 0.02
29764 0.02
29766 0.02
29767 0.02
29768 0.02
29769 0.02
29770 0.02
29771 0.02
29772 0.02
29773 0.02
29775 0.02
29776 0.02
29777 0.02
29785 0.02
29791 0.02
29795 0.02
29797 0.02
29798 0.02
29799 0.02
29800 0.02
29801 0.02
29802 0.02
29803 0.02
29808 0.02
29809 0.02
29810 0.02
29812 0.02
29813 0.02
29814 0.02
29815 0.02
29816 0.02
29817 0.02
29818 0.02
29830 0.02
29831 0.02
29837 0.02
29842 0.02
29843 0.02
29844 0.02
29845 0.02
29846 0.02
29849 0.02
29850 0.02
29851 0.02
29852 0.02
29853 0.02
29854 0.02
29855 0.02
29856 0.02
29857 0.02
29858 0.02
29860 0.02
29863 0.02
29864 0.02
29865 0.02
29866 0.02
29867 0.02
29868 0.02
29893 0.02
29894 0.02
29895 0.02
29896 0.02
29897 0.02
29898 0.02
29899 0.02
29900 0.02
29932 0.02
29934 0.02
29935 0.02
29940 0.02
29943 0.02
29944 0.02
29945 0.02
29946 0.02
29947 0.02
29948 0.02
29949 0.02
29957 0.02
29958 0.02
29959 0.02
29963 0.02
29964 0.02
29965 0.02
29973 0.02
29977 0.02
29986 0.02
29992 0.02
29996 0.02
29997 0.02
29998 0.02
29999 0.02
30000 0.02
30001 0.02
30002 0.02
30003 0.02
30004 0.02
30005 0.02
30006 0.02
30010 0.02
30011 0.02
30012 0.02
30013 0.02
30030 0.02
30059 0.02
30063 0.02
30065 0.02
30068 0.02
30069 0.02
30070 0.02
30071 0.02
30072 0.02
30073 0.02
30080 0.02
30081 0.02
30086 0.02
30094 0.02
30105 0.02
30115 0.02
30116 0.02
30117 0.02
30118 0.02
30119 0.02
30120 0.02
30121 0.02
30122 0.02
30124 0.02
30126 0.02
30127 0.02
30128 0.02
30129 0.02
30167 0.02
30168 0.02
30169 0.02
30170 0.02
30171 0.02
30172 0.02
30173 0.02
30174 0.02
30175 0.02
30176 0.02
30180 0.02
30182 0.02
30183 0.02
30184 0.02
30185 0.02
30186 0.02
30187 0.02
30193 0.02
30195 0.02
30199 0.02
30220 0.02
30232 0.02
30233 0.02
30234 0.02
30235 0.02
30236 0.02
30237 0.02
30238 0.02
30241 0.02
30243 0.02
30245 0.02
30246 0.02
30282 0.02
30283 0.02
30284 0.02
30285 0.02
30288 0.02
30289 0.02
30295 0.02
30296 0.02
30297 0.02
30299 0.02
30303 0.02
30321 0.02
30322 0.02
30323 0.02
30335 0.02
30336 0.02
30337 0.02
30338 0.02
30340 0.02
30342 0.02
30343 0.02
30346 0.02
30347 0.02
30377 0.02
30378 0.02
30383 0.02
30384 0.02
30385 0.02
30387 0.02
30395 0.02
30396 0.02
30414 0.02
30415 0.02
30416 0.02
30428 0.02
30429 0.02
30430 0.02
30431 0.02
30432 0.02
30433 0.02
30434 0.02
30435 0.02
30437 0.02
30438 0.02
30439 0.02
30440 0.02
30465 0.02
30466 0.02
30467 0.02
30468 0.02
30475 0.02
30495 0.02
30496 0.02
30497 0.02
30508 0.02
30509 0.02
30510 0.02
30511 0.02
30513 0.02
30514 0.02
30515 0.02
30517 0.02
30518 0.02
30519 0.02
30520 0.02
30521 0.02
30544 0.02
30545 0.02
30546 0.02
30552 0.02
30575 0.02
30576 0.02
30587 0.02
30588 0.02
30589 0.02
30590 0.02
30592 0.02
30593 0.02
30594 0.02
30595 0.02
30596 0.02
30597 0.02
30598 0.02
30599 0.02
30618 0.02
30619 0.02
30620 0.02
30624 0.02
30625 0.02
30628 0.02
30651 0.02
30660 0.02
30661 0.02
30662 0.02
30663 0.02
30664 0.02
30665 0.02
30666 0.02
30668 0.02
30669 0.02
30670 0.02
30672 0.02
30673 0.02
30674 0.02
30676 0.02
30677 0.02
30693 0.02
30694 0.02
30698 0.02
30702 0.02
30718 0.02
30726 0.02
30729 0.02
30738 0.02
30739 0.02
30740 0.02
30741 0.02
30742 0.02
30743 0.02
30744 0.02
30746 0.02
30747 0.02
30748 0.02
30749 0.02
30752 0.02
30753 0.02
30754 0.02
30755 0.02
30758 0.02
30759 0.02
30760 0.02
30767 0.02
30769 0.02
30770 0.02
30788 0.02
30791 0.02
30794 0.02
30800 0.02
30807 0.02
30808 0.02
30809 0.02
30810 0.02
30811 0.02
30812 0.02
30813 0.02
30814 0.02
30815 0.02
30816 0.02
30817 0.02
30818 0.02
30821 0.02
30822 0.02
30823 0.02
30824 0.02
30825 0.02
30828 0.02
30829 0.02
30836 0.02
30851 0.02
30862 0.02
30863 0.02
30864 0.02
30865 0.02
30866 0.02
30867 0.02
30868 0.02
30869 0.02
30870 0.02
30872 0.02
30874 0.02
30875 0.02
30877 0.02
30882 0.02
30884 0.02
30885 0.02
30886 0.02
30888 0.02
30906 0.02
30911 0.02
30912 0.02
30913 0.02
30914 0.02
30915 0.02
30916 0.02
30917 0.02
30918 0.02
30919 0.02
30921 0.02
30922 0.02
30923 0.02
30924 0.02
30925 0.02
30929 0.02
30930 0.02
30932 0.02
30933 0.02
30955 0.02
30956 0.02
30957 0.02
30958 0.02
30959 0.02
30960 0.02
30962 0.02
30963 0.02
30964 0.02
30965 0.02
30966 0.02
30967 0.02
30968 0.02
30969 0.02
30970 0.02
30979 0.02
30982 0.02
30983 0.02
30987 0.02
30988 0.02
30989 0.02
30990 0.02
30991 0.02
30995 0.02
30996 0.02
30997 0.02
30998 0.02
30999 0.02
31000 0.02
31001 0.02
31013 0.02
31014 0.02
31015 0.02
31016 0.02
31018 0.02
31020 0.02
31021 0.02
31022 0.02
31023 0.02
31024 0.02
31025 0.02
31037 0.02
31039 0.02
31040 0.02
31041 0.02
31042 0.02
31043 0.02
31055 0.02
31059 0.02
31060 0.02
31061 0.02
31062 0.02
31074 0.02
31076 0.02
31077 0.02
31078 0.02
31079 0.02
31080 0.02
31088 0.02
31092 0.02
31094 0.02
31095 0.02
31096 0.02
31097 0.02
31098 0.02
31110 0.02
31111 0.02
31112 0.02
31114 0.02
31115 0.02
31116 0.02
31117 0.02
31118 0.02
31127 0.02
31130 0.02
31131 0.02
31132 0.02
31133 0.02
31135 0.02
31137 0.02
31138 0.02
31139 0.02
31140 0.02
31149 0.02
31152 0.02
31153 0.02
31154 0.02
31155 0.02
31157 0.02
31158 0.02
31159 0.02
31160 0.02
31169 0.02
31172 0.02
31173 0.02
31175 0.02
31176 0.02
31177 0.02
31186 0.02
31189 0.02
31190 0.02
31191 0.02
31193 0.02
31195 0.02
31201 0.02
31202 0.02
31206 0.02
31209 0.02
31210 0.02
31211 0.02
31212 0.02
31213 0.02
31218 0.02
31219 0.02
31221 0.02
31222 0.02
31223 0.02
31226 0.02
31227 0.02
31228 0.02
31229 0.02
31230 0.02
31234 0.02
31235 0.02
31238 0.02
31240 0.02
31241 0.02
31242 0.02
31244 0.02
31245 0.02
31246 0.02
31247 0.02
31248 0.02
31252 0.02
31253 0.02
31257 0.02
31258 0.02
31259 0.02
31260 0.02
31261 0.02
31262 0.02
31263 0.02
31264 0.02
31265 0.02
31266 0.02
31267 0.02
31271 0.02
31272 0.02
31276 0.02
31277 0.02
31278 0.02
31279 0.02
31280 0.02
31281 0.02
31282 0.02
31284 0.02
31287 0.02
31288 0.02
31292 0.02
31293 0.02
31294 0.02
31295 0.02
31296 0.02
31297 0.02
31299 0.02
31300 0.02
31301 0.02
31302 0.02
31303 0.02
31305 0.02
31306 0.02
31307 0.02
31308 0.02
31309 0.02
31310 0.02
31311 0.02
31313 0.02
31314 0.02
31315 0.02
31316 0.02
31317 0.02
31318 0.02
31319 0.02
31320 0.02
31321 0.02
31322 0.02
31323 0.02
31325 0.02
31326 0.02
31327 0.02
31328 0.02
31329 0.02
31330 0.02
31331 0.02
31332 0.02
31333 0.02
31334 0.02
31337 0.02
31338 0.02
31339 0.02
31340 0.02
31341 0.02
31342 0.02
31343 0.02
31344 0.02
31345 0.02
31346 0.02
31347 0.02
31348 0.02
31351 0.02
31352 0.02
31353 0.02
31354 0.02
31355 0.02
31356 0.02
31357 0.02
31358 0.02
31359 0.02
31360 0.02
31361 0.02
31363 0.02
31364 0.02
31365 0.02
31366 0.02
31367 0.02
31368 0.02
31369 0.02
31370 0.02
31371 0.02
31372 0.02
31373 0.02
31374 0.02
31375 0.02
31376 0.02
31377 0.02
31378 0.02
31379 0.02
31380 0.02
31381 0.02
31382 0.02
31383 0.02
31384 0.02
31385 0.02
31386 0.02
31387 0.02
31388 0.02
31389 0.02
31390 0.02
31391 0.02
31392 0.02
31393 0.02
31394 0.02
31395 0.02
31396 0.02
31397 0.02
31398 0.02
31399 0.02
31400 0.02
31401 0.02
31402 0.02
31403 0.02
31404 0.02
31405 0.02
31406 0.02
31407 0.02
31408 0.02
31409 0.02
31410 0.02
31411 0.02
31412 0.02
31413 0.02
31414 0.02
31415 0.02
31416 0.02
31417 0.02
31418 0.02
31419 0.02
31420 0.02
31421 0.02
31422 0.02
31423 0.02
31424 0.02
31425 0.02
31426 0.02
31427 0.02
31428 0.02
31429 0.02
31430 0.02
31431 0.02
31432 0.02
31433 0.02
31434 0.02
31435 0.02
mannings_n_at_sea_floor
0