Merged_ww_gonave_v2b_OceanMesh2D (2) nodal attributes
12847
2
primitive_weighting_in_continuity_equation
unitless
1
2.9999999999999999E-02
mannings_n_at_sea_floor
unitless
1
2.5000000000000001E-02
primitive_weighting_in_continuity_equation
3635
1 0.005
2 0.005
3 0.005
4 0.005
5 0.005
6 0.005
7 0.005
8 0.005
9 0.02
10 0.005
11 0.005
12 0.005
13 0.005
14 0.005
15 0.005
16 0.005
17 0.005
18 0.005
19 0.005
20 0.005
21 0.005
22 0.005
23 0.005
24 0.005
25 0.005
26 0.005
27 0.005
28 0.005
29 0.005
30 0.005
31 0.005
32 0.005
33 0.005
34 0.005
35 0.005
36 0.005
37 0.005
38 0.005
39 0.005
40 0.005
41 0.02
42 0.005
43 0.005
44 0.005
45 0.005
46 0.005
47 0.005
48 0.005
49 0.005
50 0.005
51 0.005
52 0.005
53 0.005
54 0.02
55 0.005
56 0.005
57 0.005
58 0.005
59 0.005
60 0.005
61 0.005
62 0.005
63 0.005
64 0.005
65 0.005
66 0.005
67 0.005
68 0.005
69 0.02
70 0.02
71 0.005
72 0.02
73 0.02
74 0.005
75 0.005
76 0.005
77 0.005
78 0.005
79 0.005
80 0.005
81 0.005
82 0.005
83 0.005
84 0.005
85 0.005
86 0.02
87 0.02
88 0.005
89 0.005
90 0.005
91 0.005
92 0.02
93 0.02
94 0.005
95 0.02
96 0.005
97 0.005
98 0.005
99 0.005
100 0.005
101 0.005
102 0.005
103 0.005
104 0.005
105 0.005
106 0.005
107 0.005
108 0.005
109 0.005
110 0.005
111 0.005
112 0.005
113 0.005
114 0.005
115 0.005
116 0.005
117 0.005
118 0.005
119 0.005
120 0.02
121 0.005
122 0.005
123 0.005
124 0.02
125 0.005
126 0.005
127 0.005
128 0.005
129 0.005
130 0.005
131 0.005
132 0.005
133 0.005
134 0.005
135 0.005
136 0.005
137 0.005
138 0.005
139 0.005
140 0.005
141 0.005
142 0.005
143 0.005
144 0.005
145 0.005
146 0.005
147 0.005
148 0.005
149 0.005
150 0.02
151 0.005
152 0.02
153 0.005
154 0.005
155 0.005
156 0.005
157 0.02
158 0.005
159 0.005
160 0.005
161 0.005
162 0.005
163 0.005
164 0.02
165 0.005
166 0.005
167 0.005
168 0.005
169 0.005
170 0.005
171 0.005
172 0.005
173 0.005
174 0.005
175 0.005
176 0.005
177 0.005
178 0.005
179 0.005
180 0.005
181 0.005
182 0.005
183 0.005
184 0.005
185 0.005
186 0.005
187 0.005
188 0.005
189 0.005
190 0.005
191 0.005
192 0.005
193 0.005
194 0.005
195 0.005
196 0.005
197 0.005
198 0.005
199 0.005
200 0.005
201 0.005
202 0.02
203 0.02
204 0.005
205 0.005
206 0.005
207 0.005
208 0.005
209 0.005
210 0.005
211 0.005
212 0.005
213 0.005
214 0.005
215 0.005
216 0.005
217 0.005
218 0.005
219 0.02
220 0.02
221 0.02
222 0.02
223 0.005
224 0.005
225 0.005
226 0.005
227 0.005
228 0.005
229 0.005
230 0.005
231 0.005
232 0.005
233 0.005
234 0.005
235 0.005
236 0.005
237 0.005
238 0.005
239 0.005
240 0.005
241 0.005
242 0.005
243 0.005
244 0.005
245 0.005
246 0.005
247 0.005
248 0.005
249 0.005
250 0.005
251 0.005
252 0.005
253 0.005
254 0.02
255 0.005
256 0.005
257 0.02
258 0.005
259 0.005
260 0.005
261 0.005
262 0.005
263 0.005
264 0.005
265 0.005
266 0.005
267 0.005
268 0.005
269 0.005
270 0.005
271 0.005
272 0.005
273 0.005
274 0.005
275 0.02
276 0.005
277 0.005
278 0.005
279 0.005
280 0.005
281 0.005
282 0.005
283 0.005
284 0.005
285 0.005
286 0.005
287 0.005
288 0.005
289 0.005
290 0.005
291 0.005
292 0.005
293 0.005
294 0.005
295 0.005
296 0.005
297 0.005
298 0.005
299 0.005
300 0.005
301 0.005
302 0.005
303 0.005
304 0.005
305 0.005
306 0.005
307 0.005
308 0.005
309 0.02
310 0.005
311 0.005
312 0.005
313 0.005
314 0.005
315 0.005
316 0.005
317 0.02
318 0.005
319 0.005
320 0.005
321 0.005
322 0.005
323 0.005
324 0.005
325 0.005
326 0.005
327 0.005
328 0.005
329 0.02
330 0.005
331 0.005
332 0.005
333 0.005
334 0.005
335 0.005
336 0.005
337 0.005
338 0.005
339 0.005
340 0.005
341 0.005
342 0.005
343 0.005
344 0.005
345 0.005
346 0.005
347 0.005
348 0.005
349 0.005
350 0.005
351 0.005
352 0.005
353 0.005
354 0.005
355 0.005
356 0.005
357 0.005
358 0.005
359 0.005
360 0.005
361 0.005
362 0.005
363 0.02
364 0.005
365 0.005
366 0.005
367 0.02
368 0.005
369 0.02
370 0.005
371 0.005
372 0.005
373 0.005
374 0.005
375 0.005
376 0.005
377 0.005
378 0.005
379 0.005
380 0.005
381 0.005
382 0.005
383 0.005
384 0.005
385 0.005
386 0.005
387 0.005
388 0.005
389 0.005
390 0.005
391 0.005
392 0.005
393 0.005
394 0.005
395 0.005
396 0.005
397 0.005
398 0.005
399 0.005
400 0.005
401 0.005
402 0.005
403 0.005
404 0.005
405 0.005
406 0.005
407 0.005
408 0.005
409 0.005
410 0.005
411 0.005
412 0.005
413 0.005
414 0.005
415 0.005
416 0.005
417 0.005
418 0.005
419 0.005
420 0.005
421 0.005
422 0.005
423 0.005
424 0.005
425 0.005
426 0.005
427 0.005
428 0.005
429 0.005
430 0.005
431 0.005
432 0.005
433 0.005
434 0.005
435 0.005
436 0.005
437 0.005
438 0.005
439 0.005
440 0.005
441 0.005
442 0.005
443 0.005
444 0.005
445 0.005
446 0.005
447 0.005
448 0.005
449 0.005
450 0.005
451 0.005
452 0.005
453 0.005
454 0.005
455 0.005
456 0.005
457 0.005
458 0.005
459 0.005
460 0.005
461 0.005
462 0.005
463 0.005
464 0.005
465 0.005
466 0.005
467 0.005
468 0.005
469 0.005
470 0.005
471 0.005
472 0.005
473 0.005
474 0.005
475 0.005
476 0.005
477 0.005
478 0.005
479 0.005
480 0.005
481 0.005
482 0.005
483 0.005
484 0.005
485 0.005
486 0.005
487 0.005
488 0.005
489 0.005
490 0.005
491 0.005
492 0.005
493 0.005
494 0.005
495 0.005
496 0.005
497 0.005
498 0.005
499 0.005
500 0.005
501 0.005
502 0.005
503 0.005
504 0.005
505 0.005
506 0.005
507 0.005
508 0.005
509 0.005
510 0.005
511 0.005
512 0.005
513 0.005
514 0.005
515 0.005
516 0.005
517 0.005
518 0.005
519 0.005
520 0.005
521 0.005
522 0.005
523 0.005
524 0.005
525 0.005
526 0.005
527 0.005
528 0.005
529 0.005
530 0.005
531 0.005
532 0.005
533 0.005
534 0.005
535 0.005
536 0.005
537 0.005
538 0.005
539 0.005
540 0.005
541 0.005
542 0.005
543 0.005
544 0.005
545 0.005
546 0.005
547 0.005
548 0.005
549 0.005
550 0.005
551 0.005
552 0.005
553 0.005
554 0.005
555 0.005
556 0.005
557 0.005
558 0.005
559 0.005
560 0.005
561 0.005
562 0.005
563 0.005
564 0.005
565 0.005
566 0.005
567 0.005
568 0.005
569 0.005
570 0.005
571 0.005
572 0.005
573 0.005
574 0.005
575 0.005
576 0.005
577 0.005
578 0.005
579 0.005
580 0.005
581 0.005
582 0.005
583 0.005
584 0.005
585 0.005
586 0.005
587 0.005
588 0.005
589 0.005
590 0.005
591 0.005
592 0.005
593 0.005
594 0.005
595 0.005
596 0.005
597 0.005
598 0.005
599 0.005
600 0.005
601 0.005
602 0.005
603 0.005
604 0.005
605 0.005
606 0.005
607 0.005
608 0.005
609 0.005
610 0.005
611 0.005
612 0.005
613 0.005
614 0.005
615 0.005
616 0.005
617 0.005
618 0.005
619 0.005
620 0.005
621 0.005
622 0.005
623 0.005
624 0.005
625 0.005
626 0.005
627 0.005
628 0.005
629 0.005
630 0.005
631 0.005
632 0.005
633 0.005
634 0.005
635 0.005
636 0.005
637 0.005
638 0.005
639 0.005
640 0.005
641 0.005
642 0.005
643 0.005
644 0.005
645 0.005
646 0.005
647 0.005
648 0.005
649 0.005
650 0.005
651 0.005
652 0.005
653 0.005
654 0.005
655 0.005
656 0.005
657 0.005
658 0.005
659 0.005
660 0.005
661 0.005
662 0.005
663 0.005
664 0.005
665 0.005
666 0.005
667 0.005
668 0.005
669 0.005
670 0.005
671 0.005
672 0.005
673 0.005
674 0.005
675 0.005
676 0.005
677 0.005
678 0.02
679 0.005
680 0.005
681 0.005
682 0.005
683 0.005
684 0.005
685 0.005
686 0.005
687 0.005
688 0.005
689 0.005
690 0.005
691 0.005
692 0.005
693 0.005
694 0.005
695 0.005
696 0.005
697 0.005
698 0.005
699 0.005
700 0.005
701 0.02
702 0.005
703 0.005
704 0.005
705 0.005
706 0.005
707 0.005
708 0.005
709 0.005
710 0.005
711 0.005
712 0.005
713 0.005
715 0.005
716 0.005
717 0.005
718 0.005
719 0.005
720 0.005
721 0.005
722 0.005
723 0.005
724 0.005
725 0.005
726 0.005
727 0.005
728 0.005
729 0.02
730 0.005
731 0.005
732 0.005
733 0.005
734 0.005
735 0.005
736 0.005
737 0.005
738 0.005
739 0.005
740 0.005
741 0.005
742 0.005
743 0.005
744 0.005
745 0.005
746 0.005
747 0.005
748 0.005
749 0.005
750 0.005
751 0.005
752 0.005
753 0.005
754 0.005
755 0.005
756 0.005
757 0.005
758 0.005
759 0.005
760 0.005
763 0.005
764 0.005
765 0.005
766 0.005
767 0.005
768 0.005
769 0.005
770 0.005
771 0.005
772 0.005
773 0.005
774 0.005
775 0.005
776 0.005
777 0.02
778 0.005
779 0.005
780 0.005
781 0.005
782 0.005
783 0.005
784 0.005
785 0.005
786 0.005
787 0.005
788 0.005
789 0.005
790 0.005
791 0.005
792 0.005
793 0.005
794 0.005
795 0.005
796 0.005
797 0.005
798 0.02
799 0.005
800 0.005
801 0.005
802 0.005
803 0.005
804 0.005
805 0.005
806 0.005
807 0.005
810 0.005
811 0.005
812 0.005
813 0.005
814 0.005
815 0.005
816 0.005
817 0.005
818 0.005
819 0.005
820 0.005
821 0.005
822 0.005
823 0.005
824 0.005
825 0.005
826 0.005
827 0.005
828 0.005
829 0.005
830 0.005
831 0.005
832 0.005
833 0.005
834 0.005
835 0.005
836 0.005
837 0.005
838 0.005
839 0.005
840 0.02
841 0.005
842 0.005
843 0.005
844 0.005
845 0.005
846 0.005
847 0.005
848 0.005
853 0.005
854 0.005
855 0.005
856 0.005
857 0.005
858 0.005
859 0.005
860 0.005
861 0.005
862 0.005
863 0.005
864 0.005
865 0.005
866 0.005
867 0.005
868 0.005
869 0.005
870 0.005
871 0.005
872 0.005
873 0.005
874 0.005
875 0.005
876 0.005
877 0.005
878 0.005
879 0.005
880 0.005
881 0.005
882 0.02
883 0.005
884 0.005
885 0.005
886 0.005
887 0.005
888 0.005
889 0.005
896 0.005
897 0.005
898 0.005
899 0.005
900 0.005
901 0.005
902 0.005
903 0.005
904 0.005
905 0.005
906 0.005
907 0.005
908 0.005
909 0.005
910 0.005
911 0.005
912 0.005
913 0.005
914 0.005
915 0.005
916 0.005
917 0.005
918 0.005
919 0.005
920 0.005
921 0.005
922 0.02
923 0.02
924 0.02
925 0.02
926 0.005
927 0.005
928 0.005
929 0.005
930 0.005
931 0.005
932 0.005
933 0.005
947 0.005
948 0.005
949 0.005
950 0.005
951 0.005
952 0.005
953 0.005
954 0.005
955 0.005
956 0.005
957 0.005
958 0.005
959 0.005
960 0.005
961 0.005
962 0.005
963 0.005
964 0.005
965 0.005
966 0.005
967 0.005
968 0.005
969 0.005
970 0.005
971 0.005
972 0.02
973 0.02
974 0.02
975 0.02
976 0.02
977 0.02
978 0.02
979 0.005
980 0.005
981 0.005
982 0.005
983 0.005
984 0.005
985 0.005
986 0.005
987 0.005
1004 0.005
1005 0.005
1006 0.005
1007 0.005
1008 0.005
1009 0.005
1010 0.005
1011 0.005
1012 0.005
1013 0.005
1014 0.005
1015 0.005
1016 0.005
1017 0.005
1018 0.005
1019 0.005
1020 0.005
1021 0.005
1022 0.005
1023 0.005
1024 0.005
1025 0.005
1026 0.005
1027 0.005
1028 0.005
1029 0.005
1030 0.005
1031 0.005
1032 0.005
1033 0.005
1034 0.005
1035 0.005
1036 0.005
1037 0.005
1038 0.005
1039 0.005
1040 0.005
1044 0.005
1059 0.005
1060 0.005
1061 0.005
1062 0.005
1063 0.005
1064 0.005
1065 0.005
1066 0.005
1067 0.005
1068 0.005
1069 0.005
1070 0.005
1071 0.005
1072 0.005
1073 0.005
1074 0.005
1075 0.005
1076 0.005
1077 0.005
1078 0.005
1079 0.005
1080 0.005
1081 0.005
1082 0.005
1083 0.005
1084 0.005
1085 0.02
1086 0.005
1087 0.005
1088 0.005
1089 0.005
1090 0.005
1091 0.005
1093 0.005
1094 0.005
1095 0.005
1114 0.005
1115 0.005
1116 0.005
1117 0.005
1118 0.005
1119 0.005
1120 0.005
1121 0.005
1122 0.005
1123 0.005
1124 0.005
1125 0.005
1126 0.005
1127 0.005
1128 0.005
1129 0.005
1130 0.005
1131 0.005
1132 0.005
1133 0.005
1134 0.005
1135 0.005
1136 0.005
1137 0.005
1138 0.005
1139 0.005
1140 0.005
1141 0.005
1142 0.005
1143 0.005
1145 0.005
1146 0.005
1147 0.005
1151 0.005
1172 0.005
1173 0.005
1174 0.005
1175 0.005
1176 0.005
1177 0.005
1178 0.005
1179 0.005
1180 0.005
1181 0.02
1182 0.005
1183 0.02
1184 0.005
1185 0.005
1186 0.005
1187 0.005
1188 0.005
1189 0.005
1190 0.005
1191 0.005
1192 0.005
1193 0.005
1194 0.005
1195 0.005
1196 0.005
1197 0.005
1198 0.005
1199 0.005
1200 0.005
1201 0.005
1202 0.005
1203 0.005
1204 0.005
1205 0.005
1208 0.005
1244 0.005
1245 0.005
1246 0.005
1247 0.005
1248 0.005
1249 0.005
1250 0.005
1251 0.005
1252 0.02
1253 0.005
1254 0.005
1255 0.005
1256 0.005
1257 0.005
1258 0.005
1259 0.005
1260 0.005
1261 0.005
1262 0.005
1263 0.005
1264 0.005
1265 0.005
1266 0.005
1267 0.005
1268 0.005
1269 0.005
1270 0.005
1271 0.005
1272 0.005
1273 0.005
1281 0.02
1282 0.005
1283 0.005
1284 0.005
1285 0.005
1286 0.005
1321 0.005
1322 0.005
1323 0.005
1324 0.005
1325 0.005
1326 0.005
1327 0.005
1328 0.005
1329 0.02
1330 0.02
1331 0.005
1332 0.005
1333 0.005
1334 0.005
1335 0.005
1336 0.005
1337 0.005
1338 0.005
1339 0.005
1340 0.005
1341 0.005
1342 0.005
1343 0.005
1344 0.005
1345 0.005
1346 0.005
1347 0.005
1348 0.005
1349 0.005
1350 0.005
1351 0.005
1355 0.02
1358 0.005
1359 0.005
1360 0.005
1361 0.005
1362 0.005
1363 0.005
1364 0.005
1365 0.005
1401 0.005
1402 0.005
1403 0.005
1404 0.005
1405 0.005
1406 0.005
1407 0.005
1408 0.005
1409 0.02
1410 0.005
1411 0.005
1412 0.005
1413 0.005
1414 0.005
1415 0.005
1416 0.005
1417 0.005
1418 0.005
1419 0.005
1420 0.005
1421 0.005
1422 0.005
1423 0.005
1424 0.005
1425 0.005
1426 0.005
1427 0.005
1430 0.005
1431 0.005
1432 0.005
1433 0.005
1434 0.005
1435 0.005
1436 0.005
1437 0.005
1438 0.005
1439 0.005
1440 0.005
1444 0.02
1478 0.005
1479 0.005
1480 0.005
1481 0.005
1482 0.005
1483 0.005
1484 0.005
1485 0.02
1486 0.02
1487 0.005
1488 0.005
1489 0.005
1490 0.005
1491 0.005
1492 0.005
1493 0.005
1494 0.005
1495 0.005
1496 0.005
1497 0.005
1498 0.005
1499 0.005
1500 0.005
1501 0.005
1502 0.005
1503 0.005
1504 0.005
1506 0.005
1507 0.005
1508 0.005
1509 0.005
1510 0.005
1511 0.005
1512 0.005
1513 0.005
1514 0.005
1515 0.005
1516 0.005
1517 0.005
1518 0.005
1519 0.005
1520 0.005
1529 0.005
1569 0.005
1570 0.005
1571 0.005
1572 0.005
1573 0.005
1574 0.005
1575 0.005
1576 0.005
1577 0.005
1578 0.005
1579 0.005
1580 0.005
1581 0.005
1582 0.005
1583 0.005
1584 0.005
1585 0.005
1586 0.005
1587 0.005
1588 0.005
1589 0.005
1590 0.005
1591 0.005
1592 0.005
1593 0.005
1594 0.005
1595 0.005
1596 0.005
1597 0.005
1598 0.005
1599 0.005
1600 0.005
1601 0.005
1602 0.005
1603 0.005
1604 0.005
1605 0.005
1606 0.005
1607 0.005
1608 0.005
1609 0.005
1611 0.02
1616 0.02
1622 0.005
1623 0.005
1624 0.005
1625 0.005
1664 0.005
1665 0.005
1666 0.005
1667 0.005
1668 0.005
1669 0.005
1670 0.005
1671 0.005
1672 0.005
1673 0.005
1674 0.005
1675 0.005
1676 0.005
1677 0.005
1678 0.005
1679 0.005
1680 0.005
1681 0.005
1682 0.005
1683 0.005
1684 0.005
1685 0.005
1686 0.005
1687 0.005
1688 0.005
1689 0.005
1690 0.005
1691 0.005
1692 0.005
1693 0.005
1694 0.005
1695 0.005
1696 0.005
1697 0.005
1698 0.005
1699 0.005
1700 0.005
1701 0.005
1702 0.005
1703 0.005
1707 0.005
1713 0.005
1714 0.005
1715 0.005
1716 0.005
1746 0.005
1747 0.005
1748 0.005
1749 0.005
1750 0.005
1751 0.005
1752 0.005
1753 0.005
1754 0.005
1755 0.005
1756 0.005
1757 0.005
1758 0.005
1759 0.005
1760 0.005
1761 0.005
1762 0.005
1763 0.005
1764 0.005
1765 0.005
1766 0.005
1767 0.005
1768 0.005
1769 0.005
1770 0.005
1771 0.005
1772 0.005
1773 0.005
1774 0.005
1775 0.005
1776 0.005
1777 0.005
1778 0.005
1779 0.005
1780 0.005
1781 0.005
1782 0.005
1783 0.005
1784 0.005
1785 0.005
1786 0.005
1790 0.005
1791 0.005
1794 0.005
1795 0.005
1826 0.005
1827 0.005
1828 0.005
1829 0.005
1830 0.005
1831 0.005
1832 0.005
1833 0.005
1834 0.005
1835 0.005
1836 0.005
1837 0.005
1838 0.005
1839 0.005
1840 0.005
1841 0.005
1842 0.005
1843 0.005
1844 0.005
1845 0.005
1846 0.005
1847 0.005
1848 0.005
1849 0.005
1850 0.005
1851 0.005
1852 0.005
1853 0.005
1854 0.005
1855 0.005
1856 0.005
1857 0.005
1858 0.005
1859 0.005
1860 0.005
1861 0.005
1862 0.005
1863 0.005
1864 0.005
1867 0.005
1868 0.005
1871 0.005
1872 0.005
1876 0.005
1877 0.005
1909 0.005
1910 0.005
1911 0.005
1912 0.005
1913 0.005
1914 0.005
1915 0.005
1916 0.005
1917 0.005
1918 0.005
1919 0.005
1920 0.005
1921 0.005
1922 0.005
1923 0.005
1924 0.005
1925 0.005
1926 0.005
1927 0.005
1928 0.005
1929 0.005
1930 0.005
1931 0.005
1932 0.005
1933 0.005
1934 0.005
1935 0.005
1936 0.005
1937 0.005
1938 0.005
1939 0.005
1940 0.005
1941 0.005
1942 0.005
1943 0.005
1944 0.005
1945 0.005
1946 0.005
1947 0.005
1948 0.005
1949 0.005
1950 0.005
1951 0.005
1952 0.005
1953 0.005
1954 0.005
1955 0.005
1956 0.005
1957 0.005
2004 0.005
2005 0.005
2006 0.005
2007 0.005
2008 0.005
2009 0.005
2010 0.005
2011 0.005
2012 0.005
2013 0.005
2014 0.005
2015 0.005
2016 0.005
2017 0.005
2018 0.005
2019 0.005
2020 0.005
2021 0.005
2022 0.005
2023 0.005
2024 0.005
2025 0.005
2026 0.005
2027 0.005
2028 0.005
2029 0.005
2030 0.005
2031 0.005
2032 0.005
2033 0.005
2034 0.005
2035 0.005
2036 0.005
2037 0.005
2038 0.005
2039 0.005
2040 0.005
2041 0.005
2042 0.005
2043 0.005
2044 0.005
2045 0.005
2046 0.005
2047 0.005
2048 0.005
2049 0.005
2050 0.005
2051 0.005
2052 0.005
2053 0.005
2054 0.005
2055 0.005
2056 0.005
2057 0.005
2092 0.02
2113 0.005
2114 0.005
2115 0.005
2116 0.005
2117 0.005
2118 0.005
2119 0.005
2120 0.005
2121 0.005
2122 0.005
2123 0.005
2124 0.005
2125 0.005
2126 0.005
2127 0.02
2128 0.02
2129 0.005
2130 0.005
2131 0.005
2132 0.005
2133 0.005
2134 0.005
2135 0.005
2136 0.005
2137 0.005
2138 0.005
2139 0.005
2140 0.005
2141 0.005
2142 0.005
2143 0.005
2144 0.005
2145 0.005
2146 0.005
2147 0.005
2148 0.005
2149 0.005
2150 0.005
2151 0.005
2152 0.005
2153 0.005
2154 0.005
2155 0.005
2156 0.005
2157 0.005
2158 0.005
2159 0.005
2160 0.005
2161 0.005
2162 0.005
2163 0.005
2164 0.005
2165 0.005
2166 0.005
2201 0.02
2204 0.005
2211 0.005
2212 0.005
2213 0.005
2219 0.005
2221 0.005
2253 0.005
2254 0.005
2255 0.005
2256 0.005
2257 0.005
2258 0.005
2259 0.005
2260 0.005
2261 0.005
2262 0.005
2263 0.005
2264 0.005
2265 0.005
2266 0.005
2267 0.005
2268 0.005
2269 0.005
2270 0.005
2271 0.005
2272 0.005
2273 0.005
2274 0.005
2275 0.005
2276 0.005
2277 0.005
2278 0.005
2279 0.005
2280 0.005
2281 0.005
2282 0.005
2283 0.005
2284 0.005
2285 0.005
2286 0.005
2287 0.005
2288 0.005
2289 0.005
2290 0.005
2291 0.005
2292 0.005
2293 0.005
2294 0.005
2295 0.005
2296 0.005
2297 0.005
2298 0.005
2299 0.005
2300 0.005
2301 0.005
2302 0.005
2303 0.005
2304 0.005
2305 0.005
2306 0.005
2307 0.005
2308 0.005
2310 0.005
2314 0.02
2315 0.02
2358 0.02
2360 0.02
2361 0.02
2365 0.02
2366 0.02
2371 0.005
2372 0.005
2373 0.005
2374 0.005
2375 0.005
2383 0.005
2384 0.005
2392 0.005
2393 0.005
2394 0.005
2396 0.005
2429 0.005
2430 0.005
2431 0.005
2432 0.005
2433 0.005
2434 0.005
2435 0.005
2436 0.005
2437 0.005
2438 0.005
2439 0.005
2440 0.005
2441 0.005
2442 0.005
2443 0.005
2444 0.005
2445 0.005
2446 0.005
2447 0.005
2448 0.005
2449 0.005
2450 0.005
2451 0.005
2452 0.005
2453 0.005
2454 0.005
2455 0.005
2456 0.005
2457 0.005
2458 0.005
2459 0.005
2460 0.005
2461 0.005
2462 0.005
2463 0.005
2464 0.005
2465 0.005
2466 0.005
2467 0.005
2468 0.005
2469 0.005
2470 0.005
2471 0.005
2472 0.005
2473 0.005
2474 0.005
2475 0.005
2476 0.005
2477 0.005
2478 0.005
2479 0.005
2480 0.005
2481 0.005
2482 0.005
2483 0.005
2484 0.005
2485 0.005
2486 0.005
2487 0.02
2488 0.02
2517 0.02
2518 0.005
2519 0.005
2523 0.005
2524 0.005
2525 0.005
2526 0.005
2529 0.005
2532 0.005
2533 0.005
2534 0.005
2535 0.005
2536 0.005
2537 0.005
2538 0.005
2539 0.005
2540 0.005
2541 0.005
2542 0.005
2548 0.005
2553 0.005
2554 0.02
2555 0.02
2556 0.005
2557 0.005
2558 0.005
2559 0.005
2561 0.005
2562 0.005
2563 0.005
2564 0.005
2565 0.005
2566 0.02
2568 0.02
2608 0.005
2609 0.005
2610 0.005
2611 0.005
2612 0.005
2613 0.005
2614 0.005
2615 0.005
2616 0.005
2617 0.005
2618 0.005
2619 0.005
2620 0.005
2621 0.005
2622 0.005
2623 0.005
2624 0.005
2625 0.005
2626 0.005
2627 0.005
2628 0.005
2629 0.005
2630 0.005
2631 0.005
2632 0.005
2633 0.005
2634 0.005
2635 0.005
2636 0.005
2637 0.005
2638 0.005
2639 0.005
2640 0.005
2641 0.005
2642 0.005
2643 0.005
2644 0.005
2645 0.005
2646 0.005
2647 0.005
2648 0.005
2649 0.005
2650 0.005
2651 0.005
2652 0.005
2653 0.005
2654 0.005
2655 0.005
2656 0.005
2657 0.005
2658 0.005
2659 0.005
2660 0.005
2661 0.005
2663 0.005
2680 0.005
2683 0.005
2684 0.005
2685 0.005
2686 0.005
2687 0.005
2688 0.005
2689 0.005
2690 0.005
2691 0.005
2692 0.005
2693 0.005
2694 0.005
2695 0.005
2696 0.005
2697 0.005
2698 0.005
2699 0.005
2700 0.005
2701 0.005
2702 0.005
2706 0.005
2707 0.005
2708 0.005
2712 0.005
2714 0.005
2715 0.005
2716 0.005
2717 0.005
2718 0.005
2719 0.005
2720 0.005
2721 0.005
2722 0.005
2723 0.005
2724 0.005
2725 0.005
2726 0.005
2727 0.005
2728 0.005
2731 0.005
2733 0.005
2738 0.005
2739 0.005
2784 0.005
2785 0.005
2786 0.005
2787 0.005
2788 0.005
2789 0.005
2790 0.005
2791 0.005
2792 0.005
2793 0.005
2794 0.005
2795 0.005
2796 0.005
2797 0.005
2798 0.005
2799 0.005
2800 0.005
2801 0.005
2802 0.005
2803 0.005
2804 0.005
2805 0.005
2806 0.005
2807 0.005
2808 0.02
2809 0.005
2810 0.005
2811 0.005
2812 0.005
2813 0.005
2814 0.005
2815 0.005
2816 0.005
2817 0.005
2818 0.005
2819 0.005
2820 0.005
2821 0.005
2822 0.005
2823 0.005
2824 0.005
2825 0.005
2826 0.005
2827 0.005
2828 0.005
2829 0.005
2830 0.005
2831 0.005
2832 0.005
2833 0.005
2834 0.005
2835 0.005
2836 0.005
2837 0.005
2838 0.005
2844 0.005
2845 0.005
2846 0.005
2847 0.005
2848 0.005
2849 0.005
2850 0.005
2851 0.005
2852 0.005
2853 0.005
2854 0.005
2855 0.005
2856 0.005
2857 0.005
2858 0.005
2859 0.005
2860 0.005
2861 0.005
2862 0.005
2863 0.005
2866 0.005
2867 0.005
2868 0.005
2869 0.005
2870 0.005
2873 0.005
2874 0.005
2875 0.005
2876 0.005
2877 0.005
2878 0.005
2879 0.005
2880 0.005
2881 0.005
2882 0.005
2883 0.005
2884 0.005
2885 0.005
2886 0.005
2887 0.005
2890 0.005
2891 0.005
2892 0.005
2893 0.005
2897 0.005
2898 0.005
2900 0.005
2901 0.005
2902 0.005
2947 0.005
2948 0.005
2949 0.005
2950 0.005
2951 0.005
2952 0.005
2953 0.005
2954 0.005
2955 0.005
2956 0.005
2957 0.005
2958 0.005
2959 0.005
2960 0.005
2961 0.005
2962 0.005
2963 0.005
2964 0.005
2965 0.005
2966 0.005
2967 0.005
2968 0.005
2969 0.005
2970 0.005
2971 0.005
2972 0.005
2973 0.005
2974 0.005
2975 0.005
2976 0.005
2977 0.005
2978 0.005
2979 0.005
2980 0.005
2981 0.005
2982 0.005
2983 0.005
2984 0.005
2985 0.005
2986 0.005
2987 0.005
2988 0.005
2989 0.005
2990 0.005
2991 0.005
2992 0.005
2993 0.005
2994 0.005
2995 0.005
2996 0.005
2997 0.005
2998 0.005
2999 0.005
3000 0.005
3001 0.005
3002 0.005
3003 0.005
3004 0.005
3005 0.005
3006 0.005
3007 0.005
3008 0.005
3009 0.005
3010 0.005
3011 0.005
3012 0.005
3013 0.005
3014 0.005
3015 0.005
3016 0.005
3017 0.005
3018 0.005
3019 0.005
3020 0.005
3021 0.005
3022 0.005
3023 0.005
3024 0.005
3025 0.005
3026 0.005
3027 0.005
3028 0.005
3029 0.005
3030 0.005
3031 0.005
3032 0.005
3033 0.005
3034 0.005
3035 0.005
3036 0.005
3037 0.005
3038 0.005
3039 0.005
3041 0.005
3043 0.005
3044 0.005
3045 0.005
3046 0.005
3047 0.005
3048 0.005
3049 0.005
3081 0.005
3082 0.005
3090 0.005
3091 0.005
3092 0.005
3093 0.005
3094 0.005
3095 0.005
3096 0.005
3097 0.005
3098 0.005
3099 0.005
3100 0.005
3101 0.005
3102 0.005
3103 0.005
3104 0.005
3105 0.005
3106 0.005
3107 0.005
3108 0.005
3109 0.005
3110 0.005
3111 0.005
3112 0.005
3113 0.005
3114 0.005
3115 0.005
3116 0.005
3117 0.005
3118 0.005
3119 0.005
3120 0.005
3121 0.005
3122 0.005
3123 0.005
3124 0.005
3125 0.005
3126 0.005
3127 0.005
3128 0.005
3129 0.005
3130 0.005
3131 0.005
3132 0.005
3133 0.005
3134 0.005
3135 0.005
3136 0.005
3137 0.005
3138 0.005
3139 0.005
3140 0.005
3141 0.005
3142 0.005
3143 0.005
3144 0.005
3145 0.005
3146 0.005
3147 0.005
3148 0.005
3149 0.005
3150 0.005
3151 0.005
3152 0.005
3153 0.005
3154 0.005
3155 0.005
3156 0.005
3157 0.005
3158 0.005
3159 0.005
3160 0.005
3166 0.005
3167 0.005
3168 0.005
3169 0.005
3170 0.005
3171 0.005
3172 0.005
3173 0.005
3174 0.005
3175 0.005
3176 0.005
3178 0.005
3179 0.005
3180 0.005
3181 0.005
3182 0.005
3183 0.005
3184 0.005
3186 0.02
3187 0.02
3188 0.02
3190 0.005
3201 0.005
3204 0.02
3205 0.02
3210 0.02
3211 0.02
3213 0.005
3220 0.005
3221 0.005
3222 0.005
3228 0.005
3229 0.005
3230 0.005
3231 0.005
3232 0.005
3233 0.005
3234 0.005
3235 0.005
3236 0.005
3237 0.005
3238 0.005
3239 0.005
3240 0.005
3241 0.005
3242 0.005
3243 0.005
3244 0.005
3245 0.005
3246 0.005
3247 0.005
3248 0.005
3249 0.005
3250 0.005
3251 0.005
3252 0.005
3253 0.005
3254 0.005
3255 0.005
3256 0.005
3257 0.005
3258 0.005
3259 0.005
3260 0.005
3261 0.005
3262 0.005
3263 0.005
3264 0.005
3265 0.005
3266 0.005
3267 0.005
3268 0.005
3269 0.005
3270 0.005
3271 0.005
3272 0.005
3273 0.005
3274 0.005
3275 0.005
3276 0.005
3277 0.005
3278 0.005
3279 0.005
3280 0.005
3281 0.005
3282 0.005
3283 0.005
3284 0.005
3285 0.005
3286 0.005
3287 0.005
3288 0.005
3289 0.005
3290 0.005
3291 0.005
3292 0.005
3299 0.005
3300 0.005
3301 0.005
3302 0.005
3303 0.005
3304 0.005
3305 0.005
3308 0.005
3309 0.005
3310 0.005
3311 0.005
3312 0.005
3313 0.005
3314 0.005
3315 0.005
3316 0.005
3317 0.005
3318 0.005
3323 0.005
3324 0.005
3326 0.005
3329 0.005
3334 0.02
3338 0.005
3340 0.005
3342 0.005
3343 0.005
3344 0.005
3345 0.005
3346 0.005
3347 0.005
3357 0.005
3358 0.005
3359 0.005
3360 0.005
3361 0.005
3362 0.005
3363 0.005
3364 0.005
3365 0.005
3366 0.005
3367 0.005
3368 0.005
3369 0.005
3370 0.005
3371 0.005
3372 0.005
3373 0.005
3374 0.005
3375 0.005
3376 0.005
3377 0.005
3378 0.005
3379 0.005
3380 0.005
3381 0.005
3382 0.005
3383 0.005
3384 0.005
3385 0.005
3386 0.005
3387 0.005
3388 0.005
3389 0.005
3390 0.005
3391 0.005
3392 0.005
3393 0.005
3394 0.005
3395 0.005
3396 0.005
3397 0.005
3398 0.005
3399 0.005
3400 0.005
3401 0.005
3402 0.005
3403 0.005
3404 0.005
3405 0.005
3406 0.005
3407 0.005
3408 0.005
3409 0.005
3410 0.005
3411 0.005
3412 0.005
3413 0.005
3414 0.005
3415 0.005
3416 0.005
3426 0.005
3427 0.005
3428 0.005
3429 0.005
3430 0.005
3431 0.005
3432 0.005
3434 0.005
3435 0.005
3436 0.005
3437 0.005
3438 0.005
3439 0.005
3440 0.005
3441 0.005
3442 0.005
3443 0.005
3444 0.005
3445 0.005
3446 0.005
3447 0.005
3448 0.005
3449 0.005
3455 0.005
3457 0.005
3458 0.005
3459 0.005
3460 0.005
3461 0.005
3462 0.005
3463 0.005
3464 0.005
3465 0.005
3466 0.005
3467 0.005
3470 0.005
3471 0.005
3477 0.005
3478 0.005
3479 0.005
3480 0.005
3481 0.005
3482 0.005
3483 0.005
3484 0.005
3485 0.005
3486 0.005
3487 0.005
3488 0.005
3489 0.005
3490 0.005
3491 0.005
3492 0.005
3493 0.005
3494 0.005
3495 0.005
3496 0.005
3497 0.005
3498 0.005
3499 0.005
3500 0.005
3501 0.005
3502 0.005
3503 0.005
3504 0.005
3505 0.005
3506 0.005
3507 0.005
3508 0.005
3509 0.005
3510 0.005
3511 0.005
3512 0.005
3513 0.005
3514 0.005
3515 0.005
3516 0.005
3517 0.005
3518 0.005
3519 0.005
3520 0.005
3521 0.005
3522 0.005
3523 0.005
3524 0.005
3525 0.005
3526 0.005
3527 0.005
3528 0.005
3529 0.005
3530 0.005
3531 0.005
3532 0.005
3533 0.005
3540 0.005
3541 0.005
3542 0.005
3543 0.005
3544 0.005
3545 0.005
3546 0.005
3547 0.005
3548 0.005
3549 0.005
3550 0.005
3551 0.005
3552 0.005
3553 0.005
3554 0.005
3555 0.005
3557 0.02
3558 0.005
3561 0.02
3566 0.005
3567 0.005
3568 0.005
3569 0.005
3570 0.005
3571 0.005
3572 0.005
3573 0.005
3574 0.005
3575 0.005
3578 0.005
3579 0.005
3586 0.005
3587 0.005
3588 0.005
3589 0.005
3590 0.005
3591 0.005
3592 0.005
3593 0.005
3594 0.005
3595 0.005
3596 0.005
3597 0.005
3598 0.005
3599 0.005
3600 0.005
3601 0.005
3602 0.005
3603 0.005
3604 0.005
3605 0.005
3606 0.005
3607 0.005
3608 0.005
3609 0.005
3610 0.005
3611 0.005
3612 0.005
3613 0.005
3614 0.005
3615 0.005
3616 0.005
3617 0.005
3618 0.005
3619 0.005
3620 0.005
3621 0.005
3622 0.005
3623 0.005
3624 0.005
3625 0.005
3626 0.005
3627 0.005
3628 0.005
3629 0.005
3630 0.005
3631 0.005
3632 0.005
3633 0.005
3634 0.005
3635 0.005
3636 0.005
3637 0.005
3638 0.005
3639 0.005
3643 0.005
3644 0.005
3645 0.005
3646 0.005
3647 0.005
3648 0.005
3649 0.005
3650 0.005
3651 0.005
3652 0.005
3653 0.005
3654 0.005
3655 0.005
3656 0.005
3657 0.005
3658 0.005
3659 0.005
3660 0.005
3661 0.005
3662 0.005
3663 0.005
3664 0.005
3665 0.005
3666 0.005
3667 0.005
3668 0.005
3669 0.005
3670 0.005
3671 0.005
3677 0.005
3678 0.005
3679 0.005
3680 0.005
3681 0.005
3682 0.005
3683 0.005
3684 0.005
3685 0.005
3686 0.005
3687 0.005
3688 0.005
3689 0.005
3690 0.005
3691 0.005
3692 0.005
3693 0.005
3694 0.005
3695 0.005
3696 0.005
3697 0.005
3698 0.005
3699 0.005
3700 0.005
3705 0.005
3706 0.005
3707 0.005
3708 0.005
3709 0.005
3710 0.005
3711 0.005
3712 0.005
3713 0.005
3714 0.005
3715 0.005
3716 0.005
3717 0.005
3718 0.005
3719 0.005
3720 0.005
3721 0.005
3722 0.005
3723 0.005
3724 0.005
3725 0.005
3726 0.005
3727 0.005
3728 0.005
3729 0.005
3730 0.005
3734 0.005
3736 0.005
3737 0.005
3738 0.005
3739 0.005
3740 0.005
3741 0.005
3742 0.005
3743 0.005
3744 0.005
3745 0.005
3746 0.005
3747 0.005
3748 0.005
3749 0.005
3750 0.005
3751 0.005
3752 0.005
3753 0.005
3754 0.005
3755 0.005
3756 0.005
3757 0.005
3758 0.005
3759 0.005
3760 0.005
3763 0.005
3764 0.005
3765 0.005
3766 0.005
3767 0.005
3768 0.005
3769 0.005
3770 0.005
3771 0.005
3772 0.005
3773 0.005
3774 0.005
3775 0.005
3776 0.005
3777 0.005
3778 0.005
3779 0.005
3780 0.005
3781 0.005
3782 0.005
3783 0.005
3785 0.005
3786 0.005
3787 0.005
3792 0.005
3793 0.005
3794 0.005
3795 0.005
3796 0.005
3797 0.005
3798 0.005
3799 0.005
3800 0.005
3801 0.005
3802 0.005
3803 0.005
3804 0.005
3805 0.005
3806 0.005
3807 0.005
3808 0.005
3809 0.005
3810 0.005
3811 0.005
3812 0.005
3813 0.005
3814 0.005
3815 0.005
3823 0.005
3824 0.005
3825 0.005
3826 0.005
3827 0.005
3828 0.005
3829 0.005
3830 0.005
3831 0.005
3832 0.005
3833 0.005
3834 0.005
3835 0.005
3836 0.005
3837 0.005
3838 0.005
3839 0.005
3840 0.005
3841 0.005
3842 0.005
3843 0.005
3844 0.005
3850 0.02
3859 0.005
3860 0.005
3861 0.005
3862 0.005
3863 0.005
3864 0.005
3865 0.005
3866 0.005
3867 0.005
3868 0.005
3869 0.005
3870 0.005
3871 0.005
3872 0.005
3873 0.005
3874 0.005
3875 0.005
3876 0.005
3877 0.005
3878 0.005
3883 0.005
3884 0.005
3885 0.005
3891 0.005
3892 0.005
3893 0.005
3894 0.005
3895 0.005
3896 0.005
3897 0.005
3898 0.005
3899 0.005
3900 0.005
3901 0.005
3902 0.005
3903 0.005
3904 0.005
3905 0.005
3906 0.005
3907 0.005
3908 0.005
3910 0.005
3918 0.005
3919 0.005
3920 0.005
3921 0.005
3922 0.005
3923 0.005
3924 0.005
3925 0.005
3926 0.005
3927 0.005
3928 0.005
3929 0.005
3930 0.005
3931 0.005
3932 0.005
3933 0.005
3934 0.005
3939 0.005
3940 0.005
3941 0.005
3948 0.005
3949 0.005
3950 0.005
3951 0.005
3952 0.005
3953 0.005
3954 0.005
3955 0.005
3956 0.005
3957 0.005
3958 0.005
3959 0.005
3960 0.005
3961 0.005
3962 0.005
3963 0.005
3964 0.005
3965 0.005
3967 0.005
3968 0.005
3969 0.005
3970 0.005
3971 0.005
3972 0.005
3973 0.005
3974 0.005
3982 0.005
3983 0.005
3984 0.005
3985 0.005
3986 0.005
3987 0.005
3988 0.005
3989 0.005
3990 0.005
3991 0.005
3992 0.005
3993 0.005
3994 0.005
3995 0.005
3996 0.005
3997 0.005
3998 0.005
3999 0.005
4007 0.005
4008 0.005
4009 0.005
4010 0.005
4011 0.005
4012 0.005
4013 0.005
4014 0.005
4015 0.005
4016 0.005
4017 0.005
4018 0.005
4019 0.005
4023 0.005
4024 0.005
4025 0.005
4031 0.005
4032 0.005
4033 0.005
4034 0.005
4035 0.005
4036 0.005
4037 0.005
4038 0.005
4039 0.005
4040 0.005
4041 0.005
4042 0.005
4043 0.005
4044 0.005
4045 0.005
4046 0.005
4050 0.005
4051 0.005
4052 0.005
4053 0.005
4054 0.005
4055 0.005
4056 0.005
4057 0.005
4058 0.005
4059 0.005
4069 0.005
4070 0.005
4071 0.005
4072 0.005
4073 0.005
4074 0.005
4075 0.005
4076 0.005
4077 0.005
4078 0.005
4079 0.005
4080 0.005
4081 0.005
4082 0.005
4083 0.005
4089 0.02
4090 0.02
4091 0.005
4092 0.005
4093 0.005
4094 0.005
4095 0.005
4096 0.005
4097 0.005
4098 0.005
4101 0.005
4102 0.005
4103 0.005
4110 0.005
4111 0.005
4112 0.005
4113 0.005
4114 0.005
4115 0.005
4116 0.005
4117 0.005
4118 0.005
4119 0.005
4120 0.005
4121 0.005
4122 0.005
4123 0.005
4126 0.005
4127 0.005
4128 0.005
4129 0.005
4130 0.005
4131 0.005
4132 0.005
4133 0.005
4134 0.005
4146 0.005
4147 0.005
4148 0.005
4149 0.005
4150 0.005
4151 0.005
4152 0.005
4153 0.005
4154 0.005
4155 0.005
4156 0.005
4157 0.005
4158 0.005
4163 0.005
4164 0.005
4165 0.005
4166 0.005
4167 0.005
4168 0.005
4169 0.005
4172 0.005
4173 0.005
4180 0.005
4181 0.005
4182 0.005
4183 0.005
4184 0.005
4185 0.005
4186 0.005
4187 0.005
4188 0.005
4189 0.005
4190 0.005
4191 0.005
4192 0.005
4193 0.005
4194 0.005
4195 0.005
4196 0.005
4197 0.005
4198 0.005
4199 0.005
4200 0.005
4201 0.005
4202 0.005
4214 0.005
4215 0.005
4216 0.005
4217 0.005
4218 0.005
4219 0.005
4220 0.005
4221 0.005
4222 0.005
4223 0.005
4230 0.005
4231 0.005
4232 0.005
4234 0.005
4235 0.005
4236 0.005
4237 0.005
4238 0.005
4239 0.005
4240 0.005
4241 0.005
4242 0.005
4243 0.005
4244 0.005
4245 0.02
4246 0.02
4247 0.005
4248 0.005
4249 0.005
4250 0.005
4251 0.005
4252 0.005
4253 0.005
4254 0.005
4255 0.005
4256 0.005
4257 0.005
4258 0.005
4259 0.005
4260 0.005
4261 0.005
4262 0.005
4263 0.005
4264 0.005
4265 0.005
4266 0.005
4267 0.005
4268 0.005
4269 0.005
4270 0.005
4273 0.005
4274 0.005
4290 0.005
4291 0.005
4292 0.005
4293 0.005
4294 0.005
4295 0.005
4296 0.005
4297 0.005
4298 0.005
4302 0.005
4303 0.005
4304 0.005
4305 0.005
4306 0.02
4307 0.005
4308 0.005
4309 0.005
4310 0.005
4311 0.005
4312 0.005
4313 0.005
4314 0.005
4315 0.005
4316 0.005
4319 0.005
4320 0.005
4321 0.005
4322 0.005
4323 0.005
4324 0.005
4325 0.005
4326 0.005
4327 0.005
4328 0.005
4329 0.005
4330 0.005
4331 0.005
4332 0.005
4333 0.005
4334 0.005
4335 0.005
4336 0.005
4337 0.005
4338 0.005
4339 0.005
4340 0.005
4341 0.005
4342 0.005
4345 0.005
4346 0.005
4347 0.005
4348 0.005
4356 0.005
4357 0.005
4358 0.005
4359 0.005
4360 0.005
4361 0.005
4362 0.005
4363 0.005
4364 0.005
4365 0.005
4366 0.005
4367 0.005
4368 0.005
4369 0.005
4370 0.005
4371 0.005
4372 0.02
4373 0.005
4374 0.005
4375 0.005
4376 0.005
4377 0.005
4378 0.005
4380 0.005
4381 0.005
4382 0.005
4384 0.005
4385 0.005
4386 0.005
4387 0.005
4388 0.005
4389 0.005
4390 0.005
4391 0.005
4392 0.005
4393 0.005
4394 0.005
4395 0.005
4396 0.005
4397 0.005
4398 0.005
4399 0.005
4400 0.005
4401 0.005
4402 0.005
4403 0.005
4404 0.005
4405 0.005
4407 0.005
4408 0.005
4409 0.005
4410 0.005
4417 0.005
4419 0.005
4420 0.005
4421 0.005
4422 0.005
4423 0.005
4424 0.005
4425 0.005
4426 0.005
4427 0.005
4428 0.005
4429 0.005
4430 0.005
4431 0.005
4432 0.005
4433 0.005
4434 0.005
4435 0.005
4436 0.005
4437 0.005
4438 0.005
4439 0.005
4442 0.005
4443 0.005
4444 0.005
4445 0.005
4446 0.005
4447 0.005
4448 0.005
4449 0.005
4450 0.005
4451 0.005
4452 0.005
4453 0.005
4454 0.005
4455 0.005
4456 0.005
4457 0.005
4458 0.005
4459 0.005
4460 0.005
4461 0.005
4462 0.005
4463 0.005
4464 0.005
4465 0.005
4466 0.005
4467 0.005
4468 0.005
4471 0.005
4474 0.005
4479 0.005
4480 0.005
4481 0.005
4482 0.005
4483 0.005
4484 0.005
4485 0.005
4487 0.005
4488 0.005
4489 0.005
4490 0.005
4491 0.005
4492 0.005
4493 0.005
4494 0.005
4495 0.005
4496 0.005
4497 0.005
4498 0.005
4499 0.005
4500 0.005
4501 0.005
4502 0.005
4503 0.005
4504 0.005
4505 0.005
4506 0.005
4507 0.005
4508 0.005
4509 0.005
4510 0.005
4511 0.005
4512 0.005
4513 0.005
4514 0.005
4515 0.005
4516 0.005
4517 0.005
4518 0.005
4519 0.005
4520 0.005
4521 0.005
4522 0.005
4523 0.005
4524 0.005
4525 0.005
4528 0.005
4530 0.005
4531 0.005
4532 0.005
4533 0.005
4538 0.005
4539 0.005
4540 0.005
4541 0.005
4542 0.005
4548 0.005
4549 0.005
4554 0.005
4555 0.005
4556 0.005
4557 0.005
4558 0.005
4560 0.005
4561 0.005
4562 0.005
4563 0.005
4564 0.005
4565 0.005
4566 0.005
4567 0.005
4569 0.005
4572 0.005
4573 0.005
4574 0.005
4575 0.005
4576 0.005
4577 0.005
4578 0.005
4579 0.005
4580 0.005
4581 0.005
4582 0.005
4583 0.005
4584 0.005
4585 0.005
4586 0.005
4587 0.005
4588 0.005
4589 0.005
4590 0.005
4591 0.005
4592 0.005
4593 0.005
4594 0.005
4595 0.005
4596 0.005
4599 0.005
4600 0.005
4601 0.005
4602 0.005
4603 0.005
4605 0.005
4606 0.005
4607 0.005
4608 0.005
4613 0.005
4614 0.005
4615 0.005
4616 0.005
4619 0.005
4620 0.005
4621 0.005
4622 0.005
4623 0.005
4624 0.005
4625 0.005
4626 0.005
4627 0.005
4628 0.005
4629 0.005
4630 0.005
4631 0.005
4632 0.005
4633 0.005
4634 0.005
4635 0.005
4636 0.005
4637 0.005
4638 0.005
4639 0.005
4640 0.005
4641 0.005
4642 0.005
4643 0.005
4644 0.005
4645 0.005
4646 0.005
4647 0.005
4648 0.005
4649 0.005
4650 0.005
4651 0.005
4652 0.005
4653 0.005
4654 0.005
4655 0.005
4658 0.005
4659 0.005
4663 0.005
4664 0.005
4665 0.005
4666 0.005
4667 0.005
4668 0.005
4671 0.005
4672 0.005
4673 0.005
4674 0.005
4675 0.005
4676 0.005
4677 0.005
4678 0.005
4679 0.005
4680 0.005
4681 0.005
4682 0.005
4683 0.005
4684 0.005
4685 0.005
4686 0.005
4687 0.005
4688 0.005
4689 0.005
4690 0.005
4691 0.005
4692 0.005
4693 0.005
4694 0.005
4695 0.005
4696 0.005
4697 0.005
4698 0.005
4699 0.005
4700 0.005
4701 0.005
4702 0.005
4703 0.005
4704 0.005
4705 0.005
4706 0.005
4709 0.005
4710 0.005
4711 0.005
4712 0.005
4713 0.005
4714 0.005
4715 0.005
4720 0.005
4721 0.005
4722 0.005
4723 0.005
4724 0.005
4725 0.005
4726 0.005
4727 0.005
4728 0.005
4729 0.005
4730 0.005
4731 0.005
4732 0.005
4733 0.005
4734 0.005
4735 0.005
4736 0.005
4737 0.005
4738 0.005
4739 0.005
4740 0.005
4741 0.005
4742 0.005
4743 0.005
4744 0.005
4745 0.005
4746 0.005
4747 0.005
4748 0.005
4749 0.005
4750 0.005
4751 0.005
4752 0.005
4753 0.005
4754 0.005
4755 0.005
4756 0.005
4757 0.005
4758 0.005
4759 0.005
4760 0.005
4764 0.005
4765 0.005
4766 0.005
4767 0.005
4768 0.005
4769 0.005
4770 0.005
4771 0.005
4777 0.005
4778 0.005
4779 0.005
4780 0.005
4781 0.005
4782 0.005
4783 0.005
4784 0.005
4785 0.005
4786 0.005
4787 0.005
4788 0.005
4789 0.005
4790 0.005
4791 0.005
4792 0.005
4793 0.005
4794 0.005
4795 0.005
4796 0.005
4797 0.005
4798 0.005
4799 0.005
4800 0.005
4801 0.005
4802 0.005
4803 0.005
4804 0.005
4805 0.005
4806 0.005
4807 0.005
4808 0.005
4809 0.005
4810 0.005
4814 0.005
4815 0.005
4816 0.005
4817 0.005
4818 0.005
4819 0.005
4820 0.005
4821 0.005
4822 0.005
4823 0.02
4830 0.005
4831 0.005
4832 0.005
4833 0.005
4834 0.005
4835 0.005
4836 0.005
4837 0.005
4838 0.005
4839 0.005
4840 0.005
4841 0.005
4842 0.005
4843 0.005
4844 0.005
4845 0.005
4846 0.005
4847 0.005
4848 0.005
4849 0.005
4850 0.005
4851 0.005
4852 0.005
4853 0.005
4854 0.005
4855 0.005
4856 0.005
4860 0.005
4861 0.005
4862 0.005
4863 0.005
4864 0.005
4865 0.005
4866 0.005
4867 0.005
4868 0.005
4869 0.005
4870 0.005
4871 0.005
4872 0.02
4873 0.02
4878 0.005
4879 0.005
4880 0.005
4881 0.005
4882 0.005
4883 0.005
4884 0.005
4885 0.005
4886 0.005
4887 0.005
4888 0.005
4889 0.005
4890 0.005
4891 0.005
4892 0.005
4893 0.005
4894 0.005
4895 0.005
4896 0.005
4897 0.005
4898 0.005
4899 0.005
4900 0.005
4902 0.005
4903 0.005
4912 0.005
4913 0.005
4915 0.005
4919 0.005
4920 0.005
4921 0.005
4922 0.005
4923 0.005
4924 0.005
4925 0.005
4926 0.005
4927 0.02
4934 0.005
4935 0.005
4936 0.005
4937 0.005
4938 0.005
4939 0.005
4940 0.005
4941 0.005
4942 0.005
4943 0.005
4944 0.005
4945 0.005
4946 0.005
4947 0.005
4948 0.005
4949 0.005
4950 0.005
4951 0.005
4952 0.005
4953 0.005
4958 0.005
4959 0.005
4962 0.005
4977 0.005
4987 0.005
4988 0.005
4989 0.005
4990 0.005
4991 0.005
4994 0.005
4995 0.005
4996 0.005
4998 0.005
4999 0.005
5000 0.005
5001 0.005
5002 0.005
5003 0.005
5004 0.005
5005 0.005
5006 0.005
5007 0.005
5008 0.005
5009 0.005
5010 0.005
5011 0.005
5012 0.005
5013 0.005
5014 0.005
5015 0.005
5016 0.005
5024 0.005
5027 0.005
5062 0.005
5064 0.005
5065 0.005
5069 0.005
5070 0.005
5071 0.005
5072 0.005
5073 0.005
5074 0.005
5075 0.005
5076 0.005
5077 0.005
5078 0.005
5079 0.005
5080 0.005
5081 0.005
5082 0.005
5083 0.005
5084 0.005
5085 0.005
5086 0.005
5097 0.005
5098 0.005
5139 0.005
5142 0.005
5143 0.005
5148 0.005
5149 0.005
5150 0.005
5151 0.005
5152 0.005
5153 0.005
5154 0.005
5155 0.005
5156 0.005
5157 0.005
5158 0.005
5159 0.005
5160 0.005
5177 0.005
5178 0.005
5243 0.005
5244 0.005
5245 0.005
5246 0.005
5247 0.005
5248 0.005
5249 0.005
5250 0.005
5268 0.005
5269 0.005
5339 0.005
5340 0.005
5341 0.005
5342 0.005
5343 0.005
5344 0.005
5362 0.005
5363 0.005
5430 0.005
5431 0.005
5432 0.005
5433 0.005
5449 0.005
5521 0.005
5522 0.005
5523 0.005
mannings_n_at_sea_floor
3883
5484 0.2
5485 0.2
5545 0.2
5546 0.2
5547 0.2
5560 0.2
5561 0.2
5562 0.2
5569 0.2
5588 0.2
5589 0.2
5590 0.2
5591 0.2
5652 0.2
5653 0.2
5654 0.2
5655 0.2
5656 0.2
5657 0.2
5658 0.2
5659 0.2
5669 0.2
5670 0.2
5671 0.2
5672 0.2
5673 0.2
5674 0.2
5681 0.2
5682 0.2
5699 0.2
5700 0.2
5701 0.2
5702 0.2
5703 0.2
5704 0.2
5714 0.2
5715 0.2
5716 0.2
5776 0.2
5778 0.2
5779 0.2
5782 0.2
5784 0.2
5785 0.2
5797 0.2
5798 0.2
5799 0.2
5800 0.2
5801 0.2
5810 0.2
5811 0.2
5812 0.2
5813 0.2
5814 0.2
5831 0.2
5832 0.2
5833 0.2
5834 0.2
5835 0.2
5836 0.2
5848 0.2
5850 0.2
5913 0.2
5914 0.2
5916 0.2
5917 0.2
5919 0.2
5920 0.2
5935 0.2
5936 0.2
5937 0.2
5938 0.2
5939 0.2
5950 0.2
5951 0.2
5952 0.2
5953 0.2
5954 0.2
5955 0.2
5956 0.2
5974 0.2
5975 0.2
5976 0.2
5977 0.2
5978 0.2
5979 0.2
5990 0.2
5991 0.2
6063 0.2
6064 0.2
6065 0.2
6066 0.2
6067 0.2
6068 0.2
6070 0.2
6082 0.2
6083 0.2
6084 0.2
6085 0.2
6097 0.2
6098 0.2
6099 0.2
6100 0.2
6101 0.2
6102 0.2
6104 0.2
6105 0.2
6106 0.2
6107 0.2
6108 0.2
6125 0.2
6126 0.2
6127 0.2
6128 0.2
6129 0.2
6130 0.2
6209 0.2
6210 0.2
6211 0.2
6212 0.2
6213 0.2
6214 0.2
6225 0.2
6226 0.2
6227 0.2
6228 0.2
6239 0.2
6240 0.2
6241 0.2
6243 0.2
6244 0.2
6245 0.2
6246 0.2
6247 0.2
6248 0.2
6249 0.2
6351 0.2
6352 0.2
6353 0.2
6354 0.2
6355 0.2
6356 0.2
6365 0.2
6366 0.2
6367 0.2
6368 0.2
6369 0.2
6380 0.2
6382 0.2
6384 0.2
6385 0.2
6387 0.2
6388 0.2
6389 0.2
6390 0.2
6392 0.2
6477 0.015
6499 0.2
6500 0.2
6501 0.2
6502 0.2
6503 0.2
6504 0.2
6505 0.2
6514 0.2
6515 0.2
6516 0.2
6518 0.2
6519 0.2
6520 0.2
6530 0.2
6531 0.2
6532 0.2
6533 0.2
6534 0.2
6535 0.2
6536 0.2
6538 0.2
6539 0.2
6540 0.2
6541 0.2
6542 0.2
6543 0.2
6544 0.2
6547 0.2
6615 0.015
6630 0.015
6631 0.015
6632 0.015
6649 0.2
6650 0.2
6651 0.2
6652 0.2
6653 0.2
6654 0.2
6655 0.2
6660 0.2
6661 0.2
6663 0.2
6665 0.2
6666 0.2
6667 0.2
6668 0.2
6678 0.2
6679 0.2
6680 0.2
6681 0.2
6682 0.2
6684 0.2
6685 0.2
6686 0.2
6687 0.2
6688 0.2
6689 0.2
6690 0.2
6691 0.2
6692 0.2
6696 0.2
6757 0.2
6761 0.2
6762 0.2
6763 0.2
6766 0.015
6775 0.2
6778 0.2
6779 0.2
6789 0.015
6791 0.2
6794 0.2
6795 0.2
6796 0.2
6797 0.2
6798 0.2
6799 0.2
6800 0.2
6804 0.2
6805 0.2
6807 0.2
6808 0.2
6809 0.2
6810 0.2
6811 0.2
6822 0.2
6823 0.2
6824 0.2
6825 0.2
6827 0.2
6828 0.2
6829 0.2
6831 0.2
6832 0.2
6833 0.2
6834 0.2
6835 0.2
6836 0.2
6837 0.2
6842 0.2
6843 0.2
6900 0.2
6901 0.2
6904 0.2
6921 0.2
6922 0.2
6924 0.015
6936 0.015
6937 0.2
6938 0.2
6941 0.2
6942 0.2
6943 0.2
6944 0.2
6945 0.2
6946 0.2
6947 0.2
6950 0.2
6951 0.2
6953 0.2
6954 0.2
6955 0.2
6956 0.2
6957 0.2
6967 0.2
6968 0.2
6969 0.2
6970 0.2
6971 0.2
6972 0.2
6973 0.2
6974 0.2
6977 0.2
6978 0.2
6979 0.2
6980 0.2
6981 0.2
6982 0.2
6983 0.2
6984 0.2
6985 0.2
6986 0.2
6987 0.2
6988 0.2
6992 0.2
6993 0.2
6994 0.2
6995 0.2
7011 0.2
7049 0.2
7050 0.2
7063 0.2
7065 0.2
7069 0.2
7073 0.015
7074 0.2
7075 0.2
7076 0.2
7084 0.015
7085 0.015
7086 0.015
7087 0.015
7089 0.2
7090 0.2
7091 0.2
7096 0.2
7097 0.2
7098 0.2
7099 0.2
7100 0.2
7101 0.2
7102 0.2
7104 0.2
7105 0.2
7106 0.2
7107 0.2
7108 0.2
7109 0.2
7110 0.2
7111 0.2
7120 0.2
7121 0.2
7122 0.2
7123 0.2
7124 0.2
7125 0.2
7128 0.2
7131 0.2
7132 0.2
7133 0.2
7136 0.2
7137 0.2
7138 0.2
7139 0.2
7140 0.2
7143 0.2
7144 0.2
7145 0.2
7146 0.2
7147 0.2
7148 0.2
7151 0.2
7152 0.2
7153 0.2
7154 0.2
7155 0.2
7170 0.2
7171 0.2
7207 0.2
7208 0.2
7209 0.2
7211 0.2
7218 0.2
7219 0.2
7220 0.2
7221 0.2
7222 0.2
7224 0.2
7225 0.2
7226 0.2
7227 0.2
7230 0.2
7232 0.2
7233 0.2
7237 0.015
7238 0.015
7239 0.015
7240 0.015
7241 0.015
7242 0.015
7243 0.2
7244 0.2
7250 0.2
7251 0.2
7252 0.2
7253 0.2
7254 0.2
7255 0.2
7257 0.2
7258 0.2
7260 0.2
7261 0.2
7262 0.2
7263 0.2
7264 0.2
7265 0.2
7266 0.2
7274 0.2
7275 0.2
7276 0.2
7277 0.2
7278 0.2
7279 0.2
7285 0.2
7286 0.2
7287 0.2
7288 0.2
7289 0.2
7290 0.2
7291 0.2
7292 0.2
7293 0.2
7294 0.2
7295 0.2
7296 0.2
7297 0.2
7298 0.2
7299 0.2
7300 0.2
7301 0.2
7306 0.2
7308 0.2
7309 0.2
7310 0.2
7321 0.2
7322 0.2
7323 0.2
7325 0.2
7357 0.2
7358 0.2
7359 0.2
7360 0.2
7361 0.2
7365 0.2
7367 0.2
7368 0.2
7369 0.2
7370 0.2
7371 0.2
7372 0.2
7373 0.2
7374 0.2
7375 0.2
7376 0.2
7378 0.2
7379 0.2
7380 0.2
7381 0.2
7382 0.2
7383 0.015
7384 0.015
7385 0.015
7386 0.015
7387 0.2
7394 0.2
7395 0.2
7396 0.2
7397 0.2
7398 0.2
7399 0.2
7401 0.2
7404 0.2
7405 0.2
7406 0.2
7407 0.2
7408 0.2
7409 0.2
7410 0.2
7411 0.2
7417 0.2
7418 0.2
7419 0.2
7420 0.2
7421 0.2
7422 0.2
7423 0.2
7428 0.2
7429 0.2
7430 0.2
7431 0.2
7432 0.2
7433 0.2
7434 0.2
7435 0.2
7436 0.2
7437 0.2
7438 0.2
7439 0.2
7440 0.2
7441 0.2
7447 0.2
7449 0.2
7450 0.2
7462 0.2
7463 0.2
7494 0.2
7495 0.2
7496 0.2
7497 0.2
7498 0.2
7499 0.2
7500 0.2
7501 0.2
7502 0.2
7503 0.2
7504 0.2
7505 0.2
7506 0.2
7507 0.2
7508 0.015
7509 0.015
7510 0.015
7511 0.015
7512 0.2
7513 0.2
7514 0.2
7515 0.2
7516 0.015
7517 0.015
7518 0.015
7519 0.015
7527 0.2
7528 0.2
7529 0.2
7530 0.2
7531 0.2
7532 0.2
7533 0.2
7538 0.2
7539 0.2
7540 0.2
7541 0.2
7542 0.2
7543 0.2
7544 0.2
7545 0.2
7546 0.2
7552 0.2
7553 0.2
7554 0.2
7555 0.2
7556 0.2
7557 0.2
7558 0.2
7559 0.2
7560 0.2
7561 0.2
7562 0.2
7563 0.2
7567 0.2
7568 0.2
7569 0.2
7570 0.2
7571 0.2
7572 0.2
7573 0.2
7574 0.2
7575 0.2
7576 0.2
7577 0.2
7578 0.2
7585 0.2
7586 0.2
7587 0.2
7598 0.2
7600 0.2
7632 0.2
7633 0.2
7634 0.2
7635 0.2
7636 0.2
7637 0.2
7638 0.015
7639 0.015
7640 0.2
7641 0.015
7642 0.015
7643 0.015
7644 0.015
7645 0.015
7646 0.2
7647 0.015
7648 0.015
7649 0.015
7650 0.015
7651 0.015
7662 0.2
7663 0.2
7664 0.2
7665 0.2
7666 0.2
7667 0.2
7668 0.2
7669 0.2
7675 0.2
7676 0.2
7677 0.2
7678 0.2
7679 0.2
7680 0.2
7681 0.2
7682 0.2
7683 0.2
7684 0.2
7685 0.2
7686 0.2
7691 0.2
7692 0.2
7693 0.2
7694 0.2
7697 0.2
7698 0.2
7699 0.2
7700 0.2
7701 0.2
7702 0.2
7703 0.2
7707 0.2
7708 0.2
7709 0.2
7710 0.2
7711 0.2
7712 0.2
7713 0.2
7714 0.2
7715 0.2
7724 0.2
7725 0.2
7726 0.2
7739 0.2
7740 0.2
7741 0.2
7773 0.2
7774 0.2
7775 0.2
7776 0.2
7777 0.2
7778 0.015
7779 0.015
7780 0.015
7781 0.015
7782 0.015
7783 0.015
7784 0.015
7785 0.015
7786 0.015
7787 0.015
7802 0.2
7803 0.2
7804 0.2
7805 0.2
7806 0.2
7807 0.2
7808 0.2
7809 0.2
7810 0.2
7811 0.2
7818 0.2
7819 0.2
7820 0.2
7821 0.2
7822 0.2
7823 0.2
7824 0.2
7825 0.2
7826 0.2
7827 0.2
7828 0.2
7829 0.2
7834 0.2
7835 0.2
7841 0.2
7842 0.2
7843 0.2
7844 0.2
7845 0.2
7851 0.2
7852 0.2
7853 0.2
7854 0.2
7855 0.2
7856 0.2
7857 0.2
7858 0.2
7859 0.2
7860 0.2
7869 0.2
7870 0.2
7871 0.2
7872 0.2
7884 0.2
7885 0.2
7890 0.2
7918 0.2
7919 0.2
7920 0.2
7921 0.2
7922 0.2
7923 0.2
7924 0.015
7925 0.015
7926 0.015
7927 0.015
7929 0.015
7930 0.015
7939 0.2
7949 0.2
7950 0.2
7951 0.2
7952 0.2
7953 0.2
7954 0.2
7955 0.2
7956 0.2
7957 0.2
7958 0.2
7963 0.2
7965 0.2
7966 0.2
7967 0.2
7968 0.2
7969 0.2
7970 0.2
7971 0.2
7972 0.2
7974 0.2
7976 0.2
7985 0.2
7994 0.2
7995 0.2
7996 0.2
7997 0.2
7998 0.2
7999 0.2
8000 0.2
8001 0.2
8002 0.2
8003 0.2
8004 0.2
8005 0.2
8008 0.2
8010 0.2
8011 0.2
8012 0.2
8015 0.2
8016 0.2
8017 0.2
8018 0.2
8019 0.2
8020 0.2
8036 0.2
8039 0.2
8040 0.2
8072 0.2
8073 0.2
8074 0.2
8075 0.2
8076 0.015
8077 0.015
8078 0.015
8081 0.015
8082 0.015
8095 0.2
8096 0.2
8109 0.2
8110 0.2
8111 0.2
8114 0.2
8116 0.2
8117 0.2
8118 0.2
8119 0.2
8120 0.2
8121 0.2
8122 0.2
8123 0.2
8124 0.2
8129 0.2
8130 0.2
8132 0.2
8133 0.2
8141 0.2
8145 0.2
8150 0.2
8151 0.2
8152 0.2
8153 0.2
8154 0.2
8155 0.2
8156 0.2
8157 0.2
8158 0.2
8159 0.2
8160 0.2
8161 0.2
8162 0.2
8163 0.2
8164 0.2
8165 0.2
8166 0.2
8167 0.2
8168 0.2
8169 0.2
8170 0.2
8171 0.2
8172 0.2
8173 0.2
8174 0.2
8175 0.2
8176 0.2
8177 0.2
8178 0.2
8196 0.2
8197 0.2
8233 0.2
8234 0.2
8235 0.2
8236 0.015
8239 0.015
8240 0.015
8245 0.2
8251 0.2
8252 0.2
8253 0.2
8254 0.2
8262 0.2
8263 0.2
8269 0.2
8270 0.2
8271 0.2
8272 0.2
8273 0.2
8274 0.2
8275 0.2
8276 0.2
8277 0.2
8278 0.2
8279 0.2
8280 0.2
8281 0.2
8282 0.2
8283 0.2
8284 0.2
8285 0.2
8286 0.2
8287 0.2
8295 0.2
8299 0.2
8300 0.2
8304 0.2
8305 0.2
8306 0.2
8307 0.2
8308 0.2
8309 0.2
8310 0.2
8311 0.2
8312 0.2
8313 0.2
8314 0.2
8315 0.2
8316 0.2
8317 0.2
8318 0.2
8319 0.2
8320 0.2
8321 0.2
8322 0.2
8323 0.2
8324 0.2
8325 0.2
8326 0.2
8327 0.2
8328 0.2
8329 0.2
8330 0.2
8331 0.2
8332 0.2
8333 0.2
8349 0.2
8351 0.2
8387 0.2
8388 0.015
8389 0.015
8391 0.015
8392 0.015
8396 0.2
8397 0.2
8398 0.2
8403 0.2
8404 0.2
8405 0.2
8406 0.2
8413 0.2
8417 0.2
8418 0.2
8423 0.2
8424 0.2
8425 0.2
8426 0.2
8428 0.2
8429 0.2
8430 0.2
8431 0.2
8432 0.2
8433 0.2
8434 0.2
8435 0.2
8436 0.2
8437 0.2
8438 0.2
8450 0.2
8451 0.2
8452 0.2
8453 0.2
8456 0.2
8457 0.2
8458 0.2
8459 0.2
8460 0.2
8461 0.2
8462 0.2
8463 0.2
8464 0.2
8465 0.2
8466 0.2
8467 0.2
8468 0.2
8469 0.2
8470 0.2
8471 0.2
8472 0.2
8473 0.2
8474 0.2
8475 0.2
8476 0.2
8477 0.2
8478 0.2
8479 0.2
8539 0.015
8540 0.015
8543 0.015
8546 0.2
8547 0.2
8548 0.2
8549 0.2
8550 0.2
8552 0.2
8553 0.2
8554 0.2
8555 0.2
8556 0.2
8563 0.2
8564 0.2
8567 0.2
8568 0.2
8571 0.2
8572 0.2
8574 0.2
8578 0.2
8579 0.2
8580 0.2
8581 0.2
8582 0.2
8583 0.2
8584 0.2
8585 0.2
8586 0.2
8587 0.2
8588 0.2
8598 0.2
8599 0.2
8600 0.2
8601 0.2
8604 0.2
8605 0.2
8606 0.2
8607 0.2
8608 0.2
8609 0.2
8610 0.2
8611 0.2
8612 0.2
8613 0.2
8614 0.2
8615 0.2
8616 0.2
8617 0.2
8618 0.2
8619 0.2
8620 0.2
8621 0.2
8622 0.2
8623 0.2
8624 0.2
8625 0.2
8639 0.2
8662 0.2
8683 0.015
8685 0.015
8689 0.2
8690 0.2
8691 0.2
8692 0.2
8693 0.2
8694 0.2
8695 0.2
8696 0.2
8697 0.015
8698 0.2
8704 0.2
8705 0.2
8706 0.2
8709 0.2
8710 0.2
8711 0.2
8714 0.2
8720 0.2
8722 0.2
8724 0.2
8725 0.2
8726 0.2
8727 0.2
8728 0.2
8729 0.2
8730 0.2
8731 0.2
8732 0.2
8742 0.2
8744 0.2
8745 0.2
8747 0.2
8753 0.2
8754 0.2
8755 0.2
8756 0.2
8757 0.2
8758 0.2
8759 0.2
8760 0.2
8761 0.2
8762 0.2
8763 0.2
8764 0.2
8765 0.2
8766 0.2
8767 0.2
8768 0.2
8769 0.2
8770 0.2
8772 0.2
8784 0.2
8785 0.2
8786 0.2
8789 0.2
8805 0.2
8820 0.015
8824 0.2
8825 0.2
8826 0.2
8827 0.2
8828 0.2
8829 0.2
8830 0.015
8831 0.015
8832 0.015
8833 0.015
8841 0.2
8842 0.2
8843 0.2
8848 0.2
8849 0.2
8850 0.2
8851 0.2
8853 0.2
8864 0.2
8865 0.2
8866 0.2
8867 0.2
8868 0.2
8869 0.2
8870 0.2
8871 0.2
8872 0.2
8880 0.2
8884 0.2
8885 0.2
8886 0.2
8887 0.2
8893 0.2
8894 0.2
8895 0.2
8896 0.2
8897 0.2
8898 0.2
8899 0.2
8900 0.2
8901 0.2
8902 0.2
8903 0.2
8904 0.2
8905 0.2
8906 0.2
8907 0.2
8908 0.2
8909 0.2
8910 0.2
8911 0.2
8921 0.2
8922 0.2
8923 0.2
8924 0.2
8925 0.2
8930 0.2
8940 0.2
8943 0.2
8956 0.2
8961 0.2
8962 0.2
8963 0.2
8964 0.2
8965 0.2
8966 0.015
8967 0.015
8968 0.015
8973 0.2
8974 0.2
8975 0.2
8976 0.2
8977 0.2
8978 0.2
8979 0.2
8980 0.2
8981 0.2
8982 0.2
8983 0.2
8984 0.2
8985 0.2
8999 0.2
9000 0.2
9001 0.2
9002 0.2
9003 0.2
9004 0.2
9005 0.2
9006 0.2
9014 0.2
9019 0.2
9020 0.2
9021 0.2
9022 0.2
9023 0.2
9027 0.2
9028 0.2
9029 0.2
9030 0.2
9031 0.2
9032 0.2
9033 0.2
9034 0.2
9035 0.2
9036 0.2
9037 0.2
9038 0.2
9039 0.2
9040 0.2
9041 0.2
9042 0.2
9043 0.2
9044 0.2
9045 0.2
9053 0.2
9054 0.2
9055 0.2
9056 0.2
9057 0.2
9058 0.2
9059 0.2
9062 0.2
9073 0.2
9074 0.2
9075 0.2
9081 0.2
9082 0.2
9095 0.2
9096 0.2
9100 0.2
9101 0.2
9102 0.2
9103 0.015
9104 0.015
9110 0.2
9111 0.2
9112 0.2
9113 0.2
9114 0.2
9115 0.2
9116 0.2
9117 0.2
9118 0.2
9119 0.2
9120 0.2
9121 0.2
9122 0.2
9123 0.2
9124 0.2
9137 0.2
9138 0.2
9139 0.2
9140 0.2
9141 0.2
9142 0.2
9143 0.2
9144 0.2
9151 0.2
9157 0.2
9158 0.2
9159 0.2
9160 0.2
9163 0.2
9164 0.2
9165 0.2
9166 0.2
9167 0.2
9168 0.2
9169 0.2
9170 0.2
9171 0.2
9172 0.2
9173 0.2
9174 0.2
9175 0.2
9176 0.2
9177 0.2
9178 0.2
9179 0.2
9182 0.2
9188 0.2
9189 0.2
9190 0.2
9191 0.2
9192 0.2
9193 0.2
9194 0.2
9196 0.2
9204 0.2
9205 0.2
9206 0.2
9207 0.2
9208 0.2
9220 0.2
9221 0.2
9233 0.2
9234 0.2
9237 0.2
9238 0.2
9239 0.015
9240 0.015
9246 0.2
9247 0.2
9248 0.2
9249 0.2
9250 0.2
9251 0.2
9252 0.2
9253 0.2
9254 0.2
9255 0.2
9256 0.2
9258 0.2
9259 0.2
9260 0.2
9271 0.2
9272 0.2
9273 0.2
9274 0.2
9275 0.2
9276 0.2
9277 0.2
9278 0.2
9286 0.2
9290 0.2
9291 0.2
9292 0.2
9293 0.2
9295 0.2
9299 0.2
9300 0.2
9301 0.2
9302 0.2
9303 0.2
9304 0.2
9305 0.2
9306 0.2
9307 0.2
9308 0.2
9309 0.2
9310 0.2
9311 0.2
9312 0.2
9313 0.2
9314 0.2
9318 0.2
9326 0.2
9327 0.2
9328 0.2
9329 0.2
9330 0.2
9331 0.2
9332 0.2
9333 0.2
9334 0.2
9335 0.2
9336 0.2
9339 0.2
9340 0.2
9341 0.2
9342 0.2
9343 0.2
9352 0.2
9353 0.2
9368 0.2
9371 0.015
9372 0.2
9373 0.015
9383 0.2
9384 0.2
9385 0.2
9386 0.2
9387 0.2
9388 0.2
9389 0.2
9390 0.2
9391 0.2
9392 0.2
9393 0.2
9394 0.2
9395 0.2
9398 0.2
9399 0.2
9410 0.2
9411 0.2
9412 0.2
9413 0.2
9414 0.2
9415 0.2
9416 0.2
9417 0.2
9418 0.2
9427 0.2
9432 0.2
9433 0.2
9434 0.2
9435 0.2
9436 0.2
9437 0.2
9438 0.2
9439 0.2
9440 0.2
9441 0.2
9443 0.2
9446 0.2
9447 0.2
9448 0.2
9449 0.2
9450 0.2
9451 0.2
9452 0.2
9453 0.2
9454 0.2
9455 0.2
9456 0.2
9457 0.2
9458 0.2
9462 0.2
9465 0.2
9474 0.2
9475 0.2
9476 0.2
9477 0.2
9478 0.2
9479 0.2
9481 0.2
9483 0.2
9484 0.2
9485 0.2
9486 0.2
9487 0.2
9488 0.2
9489 0.2
9512 0.2
9513 0.2
9516 0.015
9517 0.015
9518 0.015
9519 0.015
9528 0.2
9529 0.2
9530 0.2
9531 0.2
9532 0.2
9533 0.2
9534 0.2
9535 0.2
9536 0.2
9537 0.2
9538 0.2
9539 0.2
9541 0.2
9550 0.2
9551 0.2
9552 0.2
9553 0.2
9554 0.2
9555 0.2
9556 0.2
9557 0.2
9558 0.2
9559 0.2
9568 0.2
9572 0.2
9573 0.2
9574 0.2
9575 0.2
9576 0.2
9577 0.2
9578 0.2
9579 0.2
9580 0.2
9581 0.2
9582 0.2
9583 0.2
9585 0.2
9586 0.2
9589 0.2
9590 0.2
9591 0.2
9592 0.2
9593 0.2
9594 0.2
9595 0.2
9596 0.2
9597 0.2
9598 0.2
9599 0.2
9600 0.2
9601 0.2
9608 0.2
9609 0.2
9610 0.2
9611 0.2
9612 0.2
9613 0.2
9614 0.2
9627 0.2
9628 0.2
9629 0.2
9630 0.2
9633 0.2
9634 0.2
9635 0.2
9636 0.2
9667 0.2
9668 0.2
9671 0.015
9672 0.015
9673 0.015
9686 0.2
9687 0.2
9688 0.2
9689 0.2
9690 0.2
9691 0.2
9692 0.2
9693 0.2
9694 0.2
9695 0.2
9696 0.2
9698 0.2
9705 0.2
9706 0.2
9707 0.2
9708 0.2
9709 0.2
9710 0.2
9711 0.2
9712 0.2
9713 0.2
9714 0.2
9715 0.2
9716 0.2
9721 0.2
9723 0.2
9724 0.2
9725 0.2
9726 0.2
9727 0.2
9728 0.2
9729 0.2
9730 0.2
9731 0.2
9732 0.2
9733 0.2
9734 0.2
9736 0.2
9737 0.2
9740 0.2
9741 0.2
9742 0.2
9743 0.2
9744 0.2
9745 0.2
9746 0.2
9747 0.2
9748 0.2
9749 0.2
9750 0.2
9756 0.2
9757 0.2
9758 0.2
9759 0.2
9760 0.2
9761 0.2
9762 0.2
9763 0.2
9764 0.2
9765 0.2
9780 0.2
9781 0.2
9785 0.2
9787 0.2
9788 0.2
9789 0.2
9790 0.2
9791 0.2
9792 0.2
9818 0.15
9819 0.15
9820 0.15
9821 0.2
9822 0.2
9823 0.015
9827 0.015
9828 0.015
9837 0.2
9838 0.2
9839 0.2
9840 0.2
9841 0.2
9842 0.2
9843 0.2
9844 0.2
9845 0.2
9846 0.2
9847 0.2
9848 0.2
9849 0.2
9850 0.2
9854 0.2
9857 0.2
9860 0.2
9861 0.2
9862 0.2
9863 0.2
9864 0.2
9865 0.2
9866 0.2
9867 0.2
9868 0.2
9869 0.2
9870 0.2
9871 0.2
9872 0.2
9875 0.2
9876 0.2
9877 0.2
9878 0.2
9879 0.2
9880 0.2
9881 0.2
9882 0.2
9883 0.2
9884 0.2
9885 0.2
9886 0.2
9887 0.2
9888 0.2
9889 0.2
9891 0.2
9892 0.2
9893 0.2
9896 0.2
9897 0.2
9898 0.2
9899 0.2
9900 0.2
9901 0.2
9902 0.2
9903 0.2
9904 0.2
9905 0.2
9906 0.2
9908 0.2
9909 0.2
9910 0.2
9911 0.2
9912 0.2
9913 0.2
9914 0.2
9915 0.2
9916 0.2
9917 0.2
9918 0.2
9919 0.2
9920 0.2
9921 0.2
9926 0.2
9931 0.2
9935 0.2
9936 0.2
9937 0.2
9941 0.2
9942 0.2
9943 0.2
9944 0.2
9945 0.2
9946 0.2
9947 0.2
9948 0.2
9949 0.2
9955 0.15
9956 0.15
9957 0.15
9967 0.15
9969 0.15
9973 0.15
9974 0.15
9975 0.15
9976 0.15
9978 0.2
9979 0.015
9981 0.015
9984 0.015
9987 0.2
9990 0.2
9991 0.2
9992 0.015
9993 0.2
9994 0.2
9995 0.2
9996 0.2
9997 0.2
9998 0.2
9999 0.2
10000 0.2
10001 0.2
10002 0.2
10003 0.2
10004 0.2
10005 0.2
10006 0.2
10007 0.2
10008 0.2
10009 0.2
10010 0.2
10011 0.2
10014 0.2
10015 0.2
10016 0.2
10017 0.2
10018 0.2
10019 0.2
10020 0.2
10021 0.2
10022 0.2
10023 0.2
10024 0.2
10025 0.2
10026 0.2
10027 0.2
10028 0.2
10029 0.2
10030 0.2
10031 0.2
10032 0.2
10033 0.2
10034 0.2
10035 0.2
10036 0.2
10040 0.2
10041 0.2
10042 0.2
10043 0.2
10044 0.2
10045 0.2
10046 0.2
10047 0.2
10048 0.2
10049 0.2
10050 0.2
10051 0.2
10052 0.2
10053 0.2
10054 0.2
10055 0.2
10056 0.2
10057 0.2
10058 0.2
10059 0.2
10060 0.2
10061 0.2
10062 0.2
10063 0.2
10064 0.2
10065 0.2
10066 0.2
10067 0.2
10068 0.2
10069 0.2
10070 0.2
10071 0.2
10072 0.2
10073 0.2
10074 0.2
10075 0.2
10076 0.2
10077 0.2
10078 0.2
10079 0.2
10080 0.2
10081 0.2
10082 0.2
10083 0.2
10084 0.2
10085 0.2
10086 0.2
10088 0.2
10089 0.2
10093 0.2
10094 0.2
10095 0.2
10096 0.2
10099 0.2
10100 0.2
10101 0.2
10102 0.2
10103 0.2
10104 0.2
10114 0.15
10115 0.15
10122 0.15
10123 0.15
10124 0.15
10125 0.15
10126 0.15
10127 0.15
10128 0.15
10129 0.15
10130 0.15
10131 0.15
10137 0.015
10138 0.015
10139 0.015
10144 0.015
10149 0.2
10150 0.2
10151 0.2
10152 0.2
10153 0.015
10154 0.015
10155 0.2
10156 0.2
10157 0.2
10158 0.2
10159 0.2
10160 0.2
10161 0.2
10162 0.2
10163 0.016
10164 0.2
10165 0.2
10166 0.2
10167 0.2
10168 0.2
10169 0.2
10170 0.2
10171 0.2
10172 0.2
10173 0.2
10174 0.2
10175 0.2
10176 0.2
10177 0.2
10178 0.015
10179 0.2
10180 0.2
10181 0.2
10182 0.2
10183 0.2
10184 0.2
10185 0.2
10186 0.2
10187 0.2
10188 0.2
10189 0.2
10190 0.2
10191 0.2
10192 0.2
10193 0.2
10194 0.2
10195 0.2
10196 0.2
10197 0.2
10198 0.2
10199 0.2
10201 0.2
10202 0.2
10203 0.2
10204 0.2
10205 0.2
10206 0.2
10207 0.2
10208 0.2
10209 0.2
10210 0.2
10211 0.2
10212 0.2
10213 0.2
10214 0.2
10215 0.2
10216 0.2
10217 0.2
10218 0.2
10219 0.2
10220 0.2
10221 0.2
10222 0.2
10223 0.2
10224 0.2
10225 0.2
10226 0.2
10227 0.2
10228 0.2
10229 0.2
10230 0.2
10231 0.2
10232 0.2
10233 0.2
10234 0.2
10235 0.2
10236 0.2
10237 0.2
10238 0.2
10239 0.2
10240 0.2
10241 0.2
10242 0.2
10243 0.2
10244 0.2
10245 0.2
10246 0.2
10247 0.2
10248 0.2
10249 0.2
10250 0.2
10251 0.2
10252 0.2
10253 0.2
10254 0.2
10255 0.2
10256 0.2
10257 0.2
10258 0.2
10269 0.15
10270 0.15
10271 0.2
10274 0.15
10275 0.15
10276 0.15
10277 0.15
10278 0.15
10279 0.15
10280 0.15
10281 0.15
10282 0.15
10289 0.015
10290 0.015
10291 0.015
10301 0.2
10302 0.2
10303 0.2
10304 0.2
10305 0.2
10306 0.015
10307 0.2
10308 0.2
10309 0.2
10310 0.2
10311 0.2
10312 0.016
10313 0.2
10314 0.2
10315 0.2
10316 0.016
10317 0.016
10318 0.016
10319 0.2
10320 0.2
10321 0.2
10322 0.2
10323 0.2
10324 0.2
10325 0.2
10326 0.2
10327 0.2
10328 0.2
10329 0.2
10330 0.2
10331 0.2
10332 0.2
10333 0.2
10334 0.2
10335 0.2
10336 0.2
10337 0.2
10338 0.2
10339 0.2
10340 0.2
10341 0.2
10342 0.2
10343 0.2
10344 0.2
10345 0.2
10346 0.2
10347 0.2
10348 0.2
10349 0.2
10350 0.2
10351 0.2
10352 0.2
10353 0.2
10354 0.2
10355 0.2
10356 0.2
10357 0.2
10358 0.2
10359 0.2
10360 0.2
10361 0.2
10362 0.2
10363 0.2
10364 0.2
10365 0.2
10366 0.2
10367 0.2
10368 0.2
10369 0.2
10370 0.2
10371 0.2
10372 0.2
10373 0.2
10374 0.2
10375 0.2
10376 0.2
10377 0.2
10378 0.2
10379 0.2
10380 0.2
10381 0.2
10382 0.2
10383 0.2
10384 0.2
10385 0.2
10386 0.2
10387 0.2
10388 0.2
10389 0.2
10390 0.2
10391 0.2
10392 0.2
10393 0.2
10394 0.2
10395 0.2
10396 0.2
10397 0.2
10398 0.2
10399 0.2
10400 0.2
10401 0.2
10403 0.2
10404 0.2
10416 0.15
10417 0.15
10418 0.2
10419 0.2
10420 0.15
10421 0.15
10422 0.15
10423 0.15
10424 0.15
10425 0.15
10426 0.15
10427 0.15
10428 0.15
10429 0.15
10441 0.015
10443 0.015
10452 0.2
10453 0.2
10454 0.2
10455 0.2
10456 0.015
10457 0.2
10458 0.016
10459 0.016
10460 0.016
10461 0.016
10462 0.016
10463 0.2
10464 0.2
10465 0.2
10466 0.2
10467 0.2
10468 0.016
10469 0.016
10471 0.2
10472 0.2
10473 0.2
10474 0.2
10475 0.2
10476 0.2
10477 0.2
10478 0.2
10479 0.2
10480 0.2
10481 0.2
10482 0.2
10483 0.2
10484 0.2
10485 0.2
10486 0.2
10487 0.2
10488 0.2
10489 0.2
10490 0.2
10491 0.2
10492 0.2
10493 0.2
10494 0.2
10495 0.2
10496 0.2
10497 0.2
10498 0.2
10499 0.2
10500 0.2
10501 0.2
10502 0.2
10503 0.2
10504 0.2
10505 0.2
10506 0.2
10507 0.2
10508 0.2
10509 0.2
10510 0.2
10511 0.2
10512 0.2
10513 0.2
10514 0.2
10515 0.2
10516 0.2
10517 0.2
10518 0.2
10519 0.2
10520 0.2
10521 0.2
10522 0.2
10523 0.2
10524 0.2
10525 0.2
10526 0.2
10527 0.2
10528 0.2
10529 0.2
10530 0.2
10531 0.2
10532 0.2
10533 0.2
10534 0.2
10535 0.2
10536 0.2
10537 0.2
10538 0.2
10539 0.2
10540 0.2
10543 0.2
10544 0.2
10554 0.2
10559 0.015
10560 0.15
10561 0.015
10562 0.15
10563 0.15
10564 0.15
10565 0.15
10566 0.15
10567 0.15
10568 0.15
10569 0.15
10570 0.15
10571 0.15
10572 0.15
10584 0.015
10597 0.2
10598 0.2
10599 0.2
10600 0.2
10601 0.2
10602 0.016
10603 0.016
10604 0.016
10605 0.016
10606 0.016
10607 0.2
10608 0.016
10609 0.2
10610 0.2
10611 0.2
10612 0.016
10613 0.016
10615 0.2
10616 0.2
10617 0.2
10618 0.2
10619 0.2
10620 0.2
10621 0.2
10622 0.2
10623 0.2
10624 0.2
10625 0.2
10626 0.2
10627 0.2
10628 0.2
10629 0.2
10630 0.2
10631 0.2
10632 0.2
10633 0.2
10634 0.2
10635 0.2
10636 0.2
10637 0.2
10638 0.2
10639 0.2
10640 0.2
10641 0.2
10642 0.2
10643 0.2
10644 0.2
10645 0.2
10646 0.2
10647 0.2
10648 0.2
10649 0.2
10650 0.2
10651 0.2
10652 0.2
10653 0.2
10654 0.2
10655 0.2
10656 0.2
10657 0.2
10658 0.2
10659 0.2
10660 0.2
10661 0.2
10662 0.2
10663 0.2
10664 0.2
10665 0.2
10666 0.2
10667 0.2
10668 0.2
10669 0.2
10670 0.2
10671 0.2
10672 0.2
10673 0.2
10674 0.2
10675 0.2
10676 0.2
10677 0.2
10690 0.2
10691 0.015
10693 0.2
10695 0.2
10696 0.2
10697 0.15
10698 0.15
10699 0.15
10700 0.15
10701 0.15
10702 0.15
10703 0.15
10704 0.15
10705 0.15
10706 0.15
10717 0.015
10718 0.015
10723 0.015
10728 0.2
10729 0.2
10730 0.2
10731 0.015
10732 0.2
10733 0.016
10734 0.016
10735 0.016
10736 0.016
10737 0.016
10738 0.016
10739 0.016
10740 0.016
10741 0.016
10742 0.016
10744 0.2
10745 0.2
10746 0.2
10747 0.2
10748 0.2
10749 0.2
10750 0.2
10751 0.2
10752 0.2
10753 0.2
10754 0.2
10755 0.2
10756 0.2
10757 0.2
10758 0.2
10759 0.2
10760 0.2
10761 0.2
10762 0.2
10763 0.2
10764 0.2
10765 0.2
10766 0.2
10767 0.2
10768 0.2
10769 0.2
10770 0.2
10771 0.2
10772 0.2
10773 0.2
10774 0.2
10775 0.2
10776 0.016
10777 0.2
10778 0.2
10779 0.2
10780 0.2
10781 0.2
10782 0.2
10783 0.2
10784 0.2
10785 0.2
10786 0.2
10787 0.2
10788 0.2
10789 0.2
10790 0.2
10791 0.2
10792 0.2
10793 0.2
10794 0.2
10795 0.2
10796 0.2
10797 0.2
10798 0.2
10799 0.2
10800 0.2
10801 0.2
10802 0.2
10803 0.2
10804 0.2
10805 0.2
10806 0.2
10807 0.2
10808 0.2
10809 0.2
10822 0.2
10824 0.2
10825 0.015
10826 0.2
10827 0.2
10828 0.2
10829 0.15
10830 0.15
10831 0.15
10832 0.15
10833 0.15
10834 0.15
10835 0.15
10836 0.15
10837 0.15
10851 0.015
10852 0.015
10855 0.015
10856 0.015
10861 0.2
10862 0.2
10864 0.016
10865 0.016
10866 0.016
10867 0.016
10868 0.016
10869 0.016
10870 0.016
10871 0.016
10872 0.016
10873 0.016
10874 0.2
10875 0.2
10876 0.016
10877 0.2
10878 0.2
10879 0.016
10880 0.2
10881 0.2
10882 0.2
10883 0.2
10884 0.2
10885 0.2
10886 0.2
10887 0.2
10888 0.2
10889 0.2
10890 0.2
10891 0.2
10892 0.2
10893 0.2
10894 0.2
10895 0.2
10896 0.2
10897 0.2
10898 0.016
10899 0.2
10900 0.2
10901 0.2
10902 0.016
10903 0.016
10904 0.016
10905 0.2
10906 0.2
10907 0.2
10908 0.2
10909 0.2
10910 0.2
10911 0.2
10912 0.2
10913 0.016
10914 0.2
10915 0.2
10916 0.2
10917 0.2
10918 0.2
10919 0.2
10920 0.2
10921 0.2
10922 0.2
10923 0.2
10924 0.2
10925 0.2
10926 0.2
10927 0.2
10928 0.2
10929 0.2
10930 0.2
10931 0.2
10932 0.2
10933 0.2
10934 0.2
10935 0.2
10936 0.2
10937 0.2
10943 0.2
10954 0.2
10955 0.2
10957 0.2
10958 0.15
10959 0.2
10960 0.2
10961 0.15
10962 0.15
10963 0.15
10964 0.15
10965 0.15
10966 0.15
10967 0.15
10968 0.15
10981 0.015
10982 0.015
10989 0.2
10990 0.2
10991 0.016
10992 0.016
10993 0.016
10994 0.016
10995 0.016
10996 0.016
10997 0.016
10998 0.016
10999 0.016
11000 0.2
11001 0.2
11002 0.016
11003 0.016
11004 0.016
11005 0.2
11006 0.2
11007 0.016
11008 0.2
11009 0.2
11010 0.2
11011 0.016
11012 0.2
11013 0.2
11014 0.2
11015 0.2
11016 0.2
11017 0.2
11018 0.2
11019 0.2
11020 0.2
11021 0.2
11022 0.016
11023 0.2
11024 0.2
11025 0.2
11026 0.016
11027 0.016
11028 0.016
11029 0.016
11030 0.016
11031 0.016
11032 0.016
11033 0.2
11034 0.016
11035 0.2
11036 0.016
11037 0.2
11038 0.2
11039 0.2
11040 0.016
11041 0.2
11042 0.2
11043 0.2
11044 0.2
11045 0.2
11046 0.2
11047 0.016
11048 0.2
11049 0.2
11050 0.2
11051 0.2
11052 0.2
11053 0.2
11054 0.2
11055 0.2
11056 0.2
11057 0.2
11058 0.2
11059 0.2
11060 0.2
11061 0.2
11062 0.2
11063 0.2
11064 0.2
11065 0.2
11066 0.2
11067 0.2
11068 0.2
11075 0.2
11088 0.2
11089 0.2
11090 0.2
11091 0.2
11092 0.015
11093 0.015
11094 0.015
11095 0.08
11096 0.15
11097 0.15
11098 0.08
11099 0.08
11100 0.08
11112 0.015
11119 0.2
11120 0.2
11121 0.016
11122 0.015
11123 0.016
11124 0.016
11125 0.016
11126 0.016
11127 0.016
11128 0.2
11129 0.2
11130 0.016
11131 0.016
11132 0.016
11133 0.2
11134 0.016
11135 0.2
11136 0.2
11137 0.016
11138 0.016
11139 0.2
11140 0.2
11141 0.2
11142 0.2
11143 0.2
11144 0.2
11145 0.2
11146 0.2
11147 0.2
11148 0.016
11149 0.016
11150 0.016
11151 0.016
11152 0.016
11153 0.016
11154 0.016
11155 0.016
11156 0.016
11157 0.016
11158 0.016
11159 0.016
11160 0.016
11161 0.2
11162 0.016
11163 0.2
11164 0.016
11165 0.016
11166 0.016
11167 0.2
11168 0.016
11169 0.2
11170 0.2
11171 0.2
11172 0.2
11173 0.2
11174 0.2
11175 0.2
11176 0.2
11177 0.2
11178 0.2
11180 0.2
11181 0.2
11182 0.2
11183 0.2
11184 0.2
11185 0.2
11186 0.2
11187 0.2
11188 0.2
11189 0.2
11190 0.2
11191 0.2
11192 0.2
11195 0.2
11196 0.2
11197 0.2
11212 0.2
11213 0.2
11214 0.2
11215 0.08
11216 0.015
11217 0.015
11218 0.08
11219 0.08
11220 0.08
11221 0.08
11222 0.08
11223 0.2
11225 0.2
11241 0.2
11243 0.015
11244 0.016
11245 0.015
11246 0.016
11247 0.2
11248 0.2
11249 0.2
11250 0.016
11251 0.2
11252 0.016
11253 0.016
11254 0.016
11256 0.016
11257 0.016
11258 0.016
11259 0.2
11260 0.2
11261 0.2
11262 0.2
11263 0.2
11264 0.2
11265 0.2
11266 0.2
11267 0.016
11268 0.016
11269 0.016
11270 0.016
11271 0.016
11272 0.016
11273 0.016
11274 0.016
11275 0.016
11276 0.016
11277 0.016
11278 0.016
11279 0.016
11280 0.016
11281 0.016
11282 0.016
11283 0.016
11284 0.016
11285 0.2
11286 0.2
11287 0.2
11288 0.2
11289 0.2
11290 0.2
11291 0.2
11292 0.2
11294 0.2
11295 0.2
11296 0.2
11297 0.2
11298 0.2
11299 0.2
11300 0.2
11301 0.2
11302 0.2
11303 0.2
11304 0.2
11305 0.2
11306 0.2
11307 0.2
11308 0.2
11309 0.2
11310 0.2
11311 0.2
11315 0.2
11321 0.2
11322 0.2
11323 0.2
11324 0.2
11325 0.08
11326 0.015
11327 0.08
11328 0.08
11329 0.08
11330 0.015
11331 0.08
11332 0.08
11333 0.08
11334 0.08
11335 0.08
11336 0.08
11337 0.08
11338 0.2
11352 0.2
11354 0.015
11355 0.016
11356 0.016
11357 0.2
11358 0.2
11359 0.2
11360 0.2
11361 0.016
11362 0.2
11363 0.016
11364 0.2
11365 0.016
11366 0.016
11367 0.016
11368 0.016
11369 0.2
11370 0.2
11371 0.2
11372 0.2
11373 0.2
11374 0.2
11375 0.2
11376 0.016
11377 0.016
11378 0.016
11379 0.016
11380 0.016
11381 0.016
11382 0.016
11383 0.016
11384 0.016
11385 0.016
11386 0.016
11387 0.016
11388 0.016
11389 0.2
11390 0.2
11391 0.2
11392 0.2
11393 0.2
11394 0.2
11395 0.2
11396 0.2
11397 0.2
11398 0.2
11399 0.2
11401 0.2
11402 0.2
11403 0.2
11404 0.2
11405 0.2
11406 0.2
11407 0.2
11408 0.2
11409 0.2
11410 0.2
11411 0.2
11412 0.2
11413 0.2
11414 0.2
11415 0.2
11416 0.2
11417 0.2
11422 0.2
11423 0.2
11424 0.2
11425 0.2
11426 0.2
11427 0.2
11428 0.2
11429 0.2
11430 0.2
11431 0.2
11432 0.08
11433 0.08
11434 0.08
11435 0.015
11436 0.08
11437 0.015
11439 0.08
11440 0.08
11441 0.08
11442 0.08
11443 0.08
11444 0.08
11445 0.2
11460 0.2
11461 0.2
11462 0.015
11463 0.016
11464 0.015
11465 0.016
11466 0.016
11467 0.016
11468 0.016
11469 0.2
11470 0.2
11471 0.016
11472 0.016
11473 0.2
11474 0.016
11475 0.2
11476 0.2
11477 0.016
11478 0.016
11479 0.016
11480 0.2
11481 0.2
11482 0.2
11483 0.016
11484 0.2
11485 0.016
11486 0.016
11487 0.016
11488 0.016
11489 0.016
11490 0.016
11491 0.016
11492 0.016
11493 0.016
11494 0.016
11495 0.016
11496 0.016
11497 0.2
11498 0.2
11499 0.2
11500 0.2
11501 0.2
11502 0.2
11503 0.2
11504 0.2
11505 0.2
11508 0.2
11509 0.2
11510 0.2
11511 0.2
11512 0.2
11513 0.2
11514 0.2
11515 0.2
11516 0.2
11517 0.2
11518 0.2
11519 0.2
11520 0.2
11521 0.2
11522 0.2
11523 0.2
11524 0.2
11525 0.2
11526 0.2
11527 0.2
11528 0.2
11529 0.2
11530 0.2
11531 0.2
11532 0.2
11533 0.2
11534 0.2
11535 0.2
11536 0.2
11538 0.08
11539 0.08
11540 0.08
11541 0.08
11544 0.08
11545 0.08
11546 0.08
11547 0.08
11548 0.08
11549 0.08
11550 0.08
11551 0.2
11566 0.2
11567 0.2
11568 0.2
11569 0.016
11570 0.015
11571 0.016
11572 0.016
11573 0.016
11574 0.016
11575 0.2
11576 0.016
11577 0.2
11578 0.016
11579 0.016
11580 0.2
11581 0.2
11582 0.2
11583 0.2
11584 0.016
11585 0.016
11586 0.016
11587 0.2
11588 0.2
11589 0.2
11590 0.016
11591 0.2
11592 0.2
11593 0.016
11594 0.016
11595 0.016
11596 0.016
11597 0.016
11598 0.016
11599 0.016
11600 0.016
11601 0.2
11602 0.2
11603 0.2
11604 0.2
11605 0.2
11606 0.2
11607 0.2
11609 0.2
11610 0.2
11611 0.2
11612 0.2
11613 0.2
11614 0.2
11615 0.2
11616 0.2
11617 0.2
11618 0.2
11619 0.2
11620 0.2
11621 0.2
11622 0.2
11623 0.2
11624 0.2
11626 0.2
11627 0.2
11628 0.2
11629 0.2
11630 0.2
11631 0.2
11632 0.2
11633 0.2
11634 0.2
11635 0.2
11638 0.08
11639 0.08
11640 0.08
11642 0.08
11643 0.2
11644 0.2
11645 0.08
11646 0.08
11647 0.08
11648 0.08
11649 0.2
11650 0.2
11666 0.015
11667 0.2
11668 0.2
11669 0.2
11670 0.2
11671 0.2
11674 0.016
11675 0.016
11676 0.015
11677 0.2
11678 0.2
11679 0.016
11680 0.016
11681 0.016
11682 0.016
11683 0.016
11684 0.2
11685 0.2
11686 0.016
11687 0.016
11688 0.016
11689 0.2
11690 0.2
11691 0.016
11692 0.016
11693 0.016
11694 0.016
11695 0.016
11696 0.016
11697 0.016
11698 0.016
11699 0.016
11700 0.016
11701 0.016
11702 0.2
11703 0.2
11704 0.2
11705 0.2
11706 0.2
11707 0.2
11708 0.2
11709 0.2
11710 0.2
11712 0.2
11713 0.2
11714 0.2
11715 0.2
11716 0.2
11717 0.2
11718 0.2
11719 0.2
11720 0.2
11721 0.2
11722 0.2
11723 0.2
11724 0.2
11725 0.2
11726 0.2
11727 0.2
11728 0.2
11729 0.2
11730 0.2
11731 0.2
11734 0.2
11735 0.2
11736 0.2
11737 0.2
11738 0.2
11739 0.2
11740 0.2
11741 0.2
11743 0.08
11744 0.08
11745 0.08
11746 0.08
11747 0.2
11748 0.2
11749 0.2
11750 0.2
11751 0.2
11752 0.2
11758 0.015
11759 0.015
11766 0.015
11767 0.015
11768 0.015
11769 0.2
11770 0.2
11771 0.2
11772 0.2
11775 0.016
11776 0.015
11777 0.016
11778 0.2
11779 0.016
11780 0.016
11781 0.016
11782 0.016
11783 0.016
11784 0.016
11785 0.016
11786 0.016
11787 0.016
11788 0.016
11789 0.016
11790 0.016
11791 0.016
11792 0.016
11793 0.016
11794 0.016
11795 0.016
11796 0.015
11797 0.016
11798 0.016
11799 0.016
11800 0.2
11801 0.2
11802 0.2
11803 0.2
11804 0.2
11805 0.2
11806 0.2
11807 0.2
11808 0.2
11809 0.2
11810 0.2
11811 0.2
11812 0.2
11813 0.2
11814 0.2
11818 0.2
11820 0.2
11821 0.2
11822 0.2
11823 0.2
11824 0.2
11825 0.2
11826 0.2
11827 0.2
11828 0.2
11829 0.2
11830 0.2
11831 0.2
11832 0.2
11833 0.2
11834 0.2
11835 0.2
11836 0.2
11841 0.08
11842 0.2
11843 0.2
11844 0.2
11845 0.2
11846 0.2
11847 0.2
11848 0.2
11849 0.2
11850 0.08
11851 0.08
11852 0.08
11853 0.08
11854 0.2
11855 0.2
11856 0.2
11857 0.2
11858 0.2
11859 0.2
11861 0.015
11862 0.015
11863 0.015
11864 0.015
11865 0.015
11866 0.015
11867 0.015
11868 0.015
11873 0.015
11874 0.015
11875 0.015
11876 0.2
11877 0.2
11878 0.2
11881 0.015
11883 0.016
11884 0.016
11885 0.016
11886 0.016
11887 0.016
11888 0.016
11889 0.016
11890 0.016
11891 0.016
11892 0.016
11893 0.016
11894 0.016
11895 0.015
11896 0.016
11897 0.016
11898 0.016
11899 0.016
11900 0.016
11901 0.2
11902 0.2
11903 0.2
11904 0.2
11905 0.2
11906 0.2
11907 0.2
11908 0.2
11909 0.2
11910 0.2
11911 0.2
11912 0.2
11913 0.2
11914 0.2
11915 0.2
11916 0.2
11920 0.2
11921 0.2
11922 0.2
11923 0.2
11924 0.2
11925 0.2
11926 0.2
11927 0.2
11928 0.2
11929 0.2
11930 0.2
11931 0.2
11932 0.2
11933 0.2
11934 0.2
11935 0.2
11936 0.2
11937 0.2
11938 0.015
11939 0.015
11942 0.08
11943 0.08
11944 0.2
11945 0.2
11946 0.2
11947 0.2
11948 0.2
11949 0.2
11950 0.2
11951 0.2
11952 0.2
11953 0.2
11954 0.2
11955 0.2
11956 0.2
11957 0.2
11958 0.2
11959 0.2
11960 0.015
11961 0.015
11962 0.015
11963 0.015
11964 0.015
11965 0.015
11966 0.015
11967 0.015
11971 0.016
11972 0.016
11973 0.015
11974 0.015
11975 0.2
11976 0.2
11977 0.2
11980 0.015
11981 0.016
11982 0.016
11983 0.016
11984 0.016
11985 0.016
11986 0.016
11987 0.016
11988 0.016
11989 0.016
11990 0.016
11991 0.016
11992 0.016
11993 0.016
11994 0.2
11995 0.2
11996 0.2
11997 0.2
11998 0.016
11999 0.2
12001 0.2
12002 0.2
12003 0.2
12005 0.2
12006 0.2
12008 0.2
12010 0.2
12011 0.2
12013 0.2
12014 0.2
12015 0.2
12016 0.2
12017 0.2
12018 0.2
12019 0.2
12020 0.2
12021 0.2
12022 0.2
12023 0.2
12024 0.2
12025 0.2
12026 0.2
12027 0.2
12028 0.2
12029 0.015
12030 0.015
12031 0.015
12032 0.015
12033 0.015
12034 0.015
12035 0.015
12036 0.2
12037 0.2
12038 0.2
12039 0.2
12040 0.2
12041 0.2
12042 0.2
12043 0.2
12044 0.2
12045 0.2
12046 0.2
12047 0.2
12048 0.2
12049 0.2
12050 0.2
12051 0.015
12052 0.015
12053 0.015
12054 0.015
12055 0.015
12056 0.015
12057 0.015
12058 0.016
12061 0.016
12062 0.015
12063 0.015
12064 0.015
12065 0.2
12066 0.2
12067 0.2
12068 0.2
12071 0.016
12072 0.016
12073 0.016
12074 0.016
12075 0.016
12076 0.016
12077 0.016
12078 0.016
12079 0.016
12080 0.016
12081 0.016
12082 0.2
12083 0.2
12084 0.2
12085 0.016
12086 0.016
12087 0.2
12090 0.2
12091 0.2
12092 0.2
12093 0.2
12095 0.2
12098 0.2
12099 0.2
12101 0.2
12102 0.2
12104 0.2
12105 0.2
12106 0.2
12107 0.2
12108 0.2
12109 0.2
12110 0.2
12111 0.2
12112 0.2
12113 0.2
12114 0.2
12115 0.015
12116 0.015
12117 0.015
12118 0.015
12119 0.016
12120 0.016
12121 0.015
12122 0.2
12123 0.2
12124 0.2
12125 0.2
12126 0.2
12127 0.2
12128 0.2
12129 0.2
12130 0.2
12131 0.2
12132 0.2
12133 0.2
12134 0.2
12135 0.2
12136 0.2
12137 0.015
12138 0.015
12139 0.015
12140 0.015
12141 0.016
12142 0.016
12143 0.015
12144 0.015
12145 0.016
12146 0.015
12147 0.015
12148 0.015
12149 0.2
12150 0.2
12151 0.2
12152 0.2
12154 0.016
12155 0.016
12156 0.016
12157 0.016
12158 0.016
12159 0.016
12160 0.016
12161 0.016
12162 0.016
12163 0.016
12164 0.2
12165 0.016
12166 0.016
12167 0.2
12168 0.015
12169 0.015
12170 0.015
12171 0.2
12172 0.2
12178 0.2
12179 0.2
12181 0.2
12182 0.2
12183 0.2
12184 0.2
12185 0.2
12186 0.2
12187 0.2
12188 0.2
12191 0.2
12192 0.2
12193 0.2
12194 0.2
12195 0.2
12196 0.015
12197 0.015
12198 0.015
12199 0.016
12200 0.2
12201 0.2
12202 0.2
12203 0.2
12204 0.2
12205 0.2
12206 0.2
12207 0.2
12208 0.2
12209 0.2
12210 0.2
12211 0.2
12212 0.2
12213 0.2
12214 0.2
12215 0.2
12216 0.015
12217 0.015
12218 0.015
12219 0.015
12220 0.016
12221 0.016
12222 0.016
12223 0.016
12224 0.015
12225 0.016
12226 0.016
12227 0.2
12228 0.2
12229 0.2
12230 0.2
12231 0.2
12232 0.015
12233 0.015
12234 0.016
12235 0.016
12236 0.016
12237 0.016
12238 0.016
12239 0.016
12240 0.016
12241 0.2
12242 0.015
12243 0.016
12244 0.016
12245 0.015
12251 0.2
12252 0.2
12253 0.2
12254 0.2
12255 0.2
12256 0.2
12257 0.2
12258 0.2
12260 0.2
12262 0.2
12264 0.2
12265 0.2
12266 0.2
12267 0.2
12268 0.2
12269 0.015
12270 0.015
12271 0.015
12272 0.016
12273 0.016
12274 0.2
12275 0.2
12276 0.2
12277 0.2
12278 0.2
12279 0.2
12280 0.2
12281 0.2
12282 0.2
12283 0.2
12284 0.2
12285 0.2
12286 0.2
12287 0.2
12288 0.2
12289 0.2
12290 0.016
12291 0.016
12292 0.016
12293 0.015
12294 0.015
12295 0.016
12296 0.016
12297 0.016
12298 0.016
12299 0.016
12300 0.016
12301 0.016
12302 0.016
12303 0.2
12304 0.2
12305 0.2
12306 0.2
12307 0.2
12308 0.2
12309 0.2
12310 0.2
12311 0.015
12312 0.015
12313 0.016
12314 0.016
12315 0.016
12316 0.016
12317 0.016
12318 0.2
12319 0.016
12320 0.016
12321 0.016
12322 0.015
12323 0.016
12324 0.016
12328 0.2
12329 0.2
12330 0.2
12332 0.2
12333 0.2
12334 0.2
12339 0.2
12340 0.2
12341 0.2
12342 0.2
12343 0.016
12344 0.016
12345 0.015
12346 0.016
12347 0.016
12348 0.016
12349 0.2
12350 0.2
12351 0.2
12352 0.2
12353 0.2
12354 0.2
12355 0.2
12356 0.2
12357 0.2
12358 0.2
12359 0.2
12360 0.2
12361 0.2
12362 0.2
12363 0.016
12364 0.016
12365 0.016
12366 0.016
12367 0.016
12368 0.016
12369 0.016
12370 0.016
12371 0.016
12372 0.016
12373 0.2
12374 0.2
12375 0.2
12376 0.2
12377 0.2
12378 0.2
12379 0.2
12380 0.2
12381 0.2
12382 0.015
12383 0.016
12384 0.016
12385 0.016
12386 0.016
12387 0.016
12388 0.2
12389 0.016
12390 0.016
12391 0.016
12392 0.016
12393 0.016
12394 0.016
12395 0.016
12399 0.2
12401 0.2
12402 0.2
12403 0.2
12404 0.2
12405 0.2
12409 0.2
12410 0.2
12411 0.2
12412 0.2
12413 0.2
12414 0.016
12415 0.016
12416 0.016
12417 0.016
12418 0.2
12419 0.2
12420 0.2
12421 0.2
12422 0.2
12423 0.2
12424 0.2
12425 0.2
12426 0.2
12427 0.2
12428 0.2
12429 0.016
12430 0.016
12431 0.016
12432 0.016
12433 0.016
12434 0.016
12435 0.016
12436 0.016
12437 0.016
12438 0.016
12439 0.016
12440 0.016
12441 0.016
12444 0.2
12445 0.2
12446 0.2
12447 0.2
12448 0.2
12449 0.2
12450 0.2
12451 0.016
12452 0.2
12453 0.016
12454 0.016
12455 0.016
12456 0.016
12457 0.2
12458 0.016
12459 0.016
12460 0.016
12461 0.016
12462 0.016
12463 0.016
12464 0.016
12465 0.016
12466 0.016
12472 0.2
12479 0.2
12482 0.016
12483 0.016
12484 0.016
12485 0.2
12486 0.2
12487 0.2
12490 0.2
12491 0.2
12492 0.2
12493 0.2
12494 0.2
12495 0.2
12496 0.016
12497 0.016
12498 0.016
12499 0.016
12500 0.016
12501 0.016
12502 0.016
12503 0.016
12504 0.016
12505 0.016
12506 0.016
12507 0.016
12508 0.016
12509 0.2
12510 0.2
12511 0.2
12512 0.2
12513 0.2
12514 0.2
12515 0.2
12517 0.016
12518 0.2
12519 0.016
12520 0.016
12521 0.2
12522 0.016
12523 0.016
12524 0.016
12525 0.016
12526 0.016
12527 0.016
12528 0.016
12529 0.016
12530 0.016
12531 0.016
12544 0.016
12545 0.016
12546 0.2
12547 0.2
12550 0.2
12551 0.2
12552 0.2
12554 0.2
12555 0.2
12556 0.2
12557 0.2
12558 0.016
12559 0.016
12560 0.016
12561 0.016
12562 0.016
12563 0.016
12564 0.016
12565 0.016
12566 0.2
12567 0.2
12568 0.2
12569 0.2
12570 0.2
12571 0.2
12572 0.2
12576 0.016
12577 0.2
12578 0.2
12579 0.016
12580 0.2
12581 0.2
12582 0.016
12583 0.016
12584 0.016
12585 0.016
12586 0.016
12587 0.016
12588 0.016
12589 0.016
12590 0.016
12600 0.2
12601 0.2
12602 0.2
12605 0.2
12607 0.2
12608 0.2
12609 0.2
12610 0.2
12611 0.016
12612 0.016
12613 0.016
12614 0.016
12615 0.016
12616 0.016
12617 0.2
12618 0.2
12619 0.2
12620 0.2
12621 0.2
12622 0.2
12623 0.2
12624 0.2
12627 0.2
12628 0.2
12629 0.2
12630 0.2
12631 0.2
12632 0.2
12633 0.016
12634 0.2
12635 0.016
12636 0.016
12637 0.016
12638 0.016
12647 0.2
12648 0.2
12650 0.2
12651 0.2
12652 0.2
12653 0.2
12654 0.2
12655 0.2
12656 0.2
12657 0.2
12658 0.016
12659 0.016
12660 0.2
12661 0.2
12662 0.2
12663 0.2
12664 0.2
12665 0.2
12666 0.2
12667 0.2
12668 0.2
12669 0.2
12670 0.2
12673 0.2
12674 0.2
12675 0.2
12676 0.2
12677 0.2
12678 0.2
12679 0.2
12680 0.016
12681 0.016
12682 0.2
12683 0.2
12684 0.2
12685 0.2
12695 0.2
12696 0.2
12697 0.2
12698 0.2
12699 0.2
12700 0.2
12701 0.016
12702 0.016
12703 0.016
12704 0.2
12705 0.2
12708 0.2
12710 0.2
12711 0.2
12712 0.2
12713 0.2
12716 0.2
12717 0.2
12718 0.2
12719 0.2
12720 0.2
12721 0.2
12722 0.2
12723 0.2
12724 0.016
12725 0.2
12726 0.2
12727 0.2
12736 0.2
12737 0.2
12738 0.2
12739 0.2
12740 0.2
12741 0.016
12742 0.016
12743 0.016
12744 0.2
12745 0.016
12746 0.016
12747 0.2
12758 0.2
12759 0.2
12760 0.2
12761 0.2
12762 0.2
12763 0.2
12764 0.2
12765 0.2
12766 0.2
12774 0.2
12775 0.2
12776 0.2
12777 0.016
12778 0.016
12779 0.016
12780 0.2
12781 0.016
12793 0.2
12794 0.2
12796 0.2
12797 0.2
12798 0.2
12803 0.2
12804 0.2
12805 0.2
12806 0.016
12807 0.2
12808 0.2
12810 0.2
12818 0.2
12819 0.2
12820 0.2
12821 0.2
12822 0.2
12826 0.2
12827 0.2
12828 0.2
12834 0.2
12835 0.2
12836 0.2
12839 0.2