eastcoast_95d_ll_select.grd nodal attributes                                    
        1406
           2
primitive_weighting_in_continuity_equation                                      
unitless                                                                        
           1
  0.500000000E-02
mannings_n_at_sea_floor                                                         
unitless                                                                        
           1
  0.250000000E-01
primitive_weighting_in_continuity_equation                                      
         248
     25828    0.20000000E-01
     25829    0.20000000E-01
     26373    0.20000000E-01
     26438    0.20000000E-01
     26645    0.20000000E-01
     26713    0.20000000E-01
     26714    0.20000000E-01
     26715    0.20000000E-01
     26920    0.20000000E-01
     26921    0.20000000E-01
     26922    0.20000000E-01
     26954    0.20000000E-01
     26958    0.20000000E-01
     26959    0.20000000E-01
     26960    0.20000000E-01
     26961    0.20000000E-01
     26962    0.20000000E-01
     26978    0.20000000E-01
     26979    0.20000000E-01
     26980    0.20000000E-01
     26981    0.20000000E-01
     26982    0.20000000E-01
     26985    0.20000000E-01
     26986    0.20000000E-01
     26987    0.20000000E-01
     26988    0.20000000E-01
     26989    0.20000000E-01
     27205    0.20000000E-01
     27206    0.20000000E-01
     27207    0.20000000E-01
     27208    0.20000000E-01
     27215    0.20000000E-01
     27216    0.20000000E-01
     27217    0.20000000E-01
     27218    0.20000000E-01
     27219    0.20000000E-01
     27220    0.20000000E-01
     27221    0.20000000E-01
     27224    0.20000000E-01
     27225    0.20000000E-01
     27226    0.20000000E-01
     27227    0.20000000E-01
     27228    0.20000000E-01
     27229    0.20000000E-01
     27230    0.20000000E-01
     27242    0.20000000E-01
     27243    0.20000000E-01
     27244    0.20000000E-01
     27245    0.20000000E-01
     27246    0.20000000E-01
     27247    0.20000000E-01
     27442    0.20000000E-01
     27443    0.20000000E-01
     27451    0.20000000E-01
     27452    0.20000000E-01
     27453    0.20000000E-01
     27454    0.20000000E-01
     27455    0.20000000E-01
     27456    0.20000000E-01
     27459    0.20000000E-01
     27460    0.20000000E-01
     27461    0.20000000E-01
     27462    0.20000000E-01
     27463    0.20000000E-01
     27464    0.20000000E-01
     27477    0.20000000E-01
     27478    0.20000000E-01
     27479    0.20000000E-01
     27480    0.20000000E-01
     27481    0.20000000E-01
     27686    0.20000000E-01
     27687    0.20000000E-01
     27688    0.20000000E-01
     27689    0.20000000E-01
     27690    0.20000000E-01
     27691    0.20000000E-01
     27692    0.20000000E-01
     27693    0.20000000E-01
     27696    0.20000000E-01
     27697    0.20000000E-01
     27698    0.20000000E-01
     27711    0.20000000E-01
     27712    0.20000000E-01
     27713    0.20000000E-01
     27714    0.20000000E-01
     27715    0.20000000E-01
     27908    0.20000000E-01
     27910    0.20000000E-01
     27911    0.20000000E-01
     27912    0.20000000E-01
     27913    0.20000000E-01
     27914    0.20000000E-01
     27915    0.20000000E-01
     27916    0.20000000E-01
     27917    0.20000000E-01
     27918    0.20000000E-01
     27920    0.20000000E-01
     27921    0.20000000E-01
     27923    0.20000000E-01
     27924    0.20000000E-01
     27925    0.20000000E-01
     27926    0.20000000E-01
     27939    0.20000000E-01
     27940    0.20000000E-01
     27941    0.20000000E-01
     28122    0.20000000E-01
     28123    0.20000000E-01
     28124    0.20000000E-01
     28125    0.20000000E-01
     28126    0.20000000E-01
     28127    0.20000000E-01
     28128    0.20000000E-01
     28129    0.20000000E-01
     28132    0.20000000E-01
     28133    0.20000000E-01
     28134    0.20000000E-01
     28135    0.20000000E-01
     28136    0.20000000E-01
     28311    0.20000000E-01
     28312    0.20000000E-01
     28313    0.20000000E-01
     28314    0.20000000E-01
     28315    0.20000000E-01
     28316    0.20000000E-01
     28317    0.20000000E-01
     28318    0.20000000E-01
     28319    0.20000000E-01
     28321    0.20000000E-01
     28322    0.20000000E-01
     28323    0.20000000E-01
     28324    0.20000000E-01
     28325    0.20000000E-01
     28326    0.20000000E-01
     28327    0.20000000E-01
     28499    0.20000000E-01
     28500    0.20000000E-01
     28501    0.20000000E-01
     28502    0.20000000E-01
     28503    0.20000000E-01
     28504    0.20000000E-01
     28505    0.20000000E-01
     28506    0.20000000E-01
     28507    0.20000000E-01
     28508    0.20000000E-01
     28509    0.20000000E-01
     28510    0.20000000E-01
     28511    0.20000000E-01
     28512    0.20000000E-01
     28513    0.20000000E-01
     28514    0.20000000E-01
     28515    0.20000000E-01
     28516    0.20000000E-01
     28688    0.20000000E-01
     28689    0.20000000E-01
     28691    0.20000000E-01
     28692    0.20000000E-01
     28693    0.20000000E-01
     28694    0.20000000E-01
     28695    0.20000000E-01
     28696    0.20000000E-01
     28697    0.20000000E-01
     28698    0.20000000E-01
     28699    0.20000000E-01
     28700    0.20000000E-01
     28701    0.20000000E-01
     28702    0.20000000E-01
     28885    0.20000000E-01
     28886    0.20000000E-01
     28887    0.20000000E-01
     28888    0.20000000E-01
     28889    0.20000000E-01
     28890    0.20000000E-01
     28891    0.20000000E-01
     28892    0.20000000E-01
     28894    0.20000000E-01
     28895    0.20000000E-01
     28896    0.20000000E-01
     28897    0.20000000E-01
     28898    0.20000000E-01
     28899    0.20000000E-01
     29089    0.20000000E-01
     29090    0.20000000E-01
     29091    0.20000000E-01
     29093    0.20000000E-01
     29094    0.20000000E-01
     29095    0.20000000E-01
     29096    0.20000000E-01
     29099    0.20000000E-01
     29100    0.20000000E-01
     29101    0.20000000E-01
     29102    0.20000000E-01
     29103    0.20000000E-01
     29286    0.20000000E-01
     29287    0.20000000E-01
     29288    0.20000000E-01
     29289    0.20000000E-01
     29290    0.20000000E-01
     29291    0.20000000E-01
     29292    0.20000000E-01
     29293    0.20000000E-01
     29296    0.20000000E-01
     29297    0.20000000E-01
     29298    0.20000000E-01
     29299    0.20000000E-01
     29476    0.20000000E-01
     29477    0.20000000E-01
     29478    0.20000000E-01
     29479    0.20000000E-01
     29480    0.20000000E-01
     29481    0.20000000E-01
     29482    0.20000000E-01
     29483    0.20000000E-01
     29486    0.20000000E-01
     29488    0.20000000E-01
     29489    0.20000000E-01
     29490    0.20000000E-01
     29667    0.20000000E-01
     29668    0.20000000E-01
     29669    0.20000000E-01
     29670    0.20000000E-01
     29671    0.20000000E-01
     29672    0.20000000E-01
     29673    0.20000000E-01
     29681    0.20000000E-01
     29682    0.20000000E-01
     29683    0.20000000E-01
     29851    0.20000000E-01
     29852    0.20000000E-01
     29853    0.20000000E-01
     29855    0.20000000E-01
     29856    0.20000000E-01
     29857    0.20000000E-01
     29865    0.20000000E-01
     29866    0.20000000E-01
     29998    0.20000000E-01
     29999    0.20000000E-01
     30000    0.20000000E-01
     30003    0.20000000E-01
     30004    0.20000000E-01
     30005    0.20000000E-01
     30011    0.20000000E-01
     30118    0.20000000E-01
     30119    0.20000000E-01
     30120    0.20000000E-01
     30234    0.20000000E-01
     30235    0.20000000E-01
     30236    0.20000000E-01
     30336    0.20000000E-01
mannings_n_at_sea_floor                                                         
           0
