FileFmt      1050624           0           0
NELG           58369        2590        2535
       47805
       47904
       48022
       48090
       48103
       48127
       48172
       48179
       48216
       48222
       48246
       48273
       48274
       48285
       48295
       48302
       48323
       48333
      -48347
       48364
       48378
       48379
       48400
       48409
       48425
       48426
       48436
       48465
       48467
       48479
       48483
       48535
      -48537
       48545
       48560
       48587
       48589
       48597
       48603
       48627
       48646
       48655
       48687
       48691
       48699
       48728
       48731
       48734
      -48737
       48740
       48796
       48836
       48840
       48842
       48843
       48860
       48865
       48876
       48888
       48905
       48928
       48936
       48967
       48983
       48990
       49013
       49037
      -49039
       49062
       49097
       49100
       49142
       49150
       49158
       49179
      -49197
       49202
       49208
       49218
       49234
       49270
       49314
       49320
       49325
       49353
       49395
       49440
       49454
       49468
       49526
       49538
       49548
       49549
       49564
       49598
      -49607
       49616
       49620
       49629
       49651
       49678
       49694
       49699
       49700
       49739
       49758
       49770
       49781
       49794
       49808
       49820
       49823
       49831
      -49834
       49848
       49860
       49870
       49886
       49898
       49918
       49926
       49936
       49944
       49953
       49975
       49987
       50016
       50044
       50078
       50082
       50103
       50114
       50144
       50189
       50190
      -50194
       50204
       50224
       50271
       50301
       50326
       50338
       50393
       50410
       50411
       50412
       50419
       50431
       50466
       50525
       50533
       50542
       50558
       50569
       50601
       50621
       50635
       50646
       50671
       50728
       50745
       50758
       50790
       50803
       50824
       50839
       50868
       50870
       50871
       50877
       50926
       50958
       50960
       50969
       50990
       51046
       51101
       51109
       51113
       51139
       51179
       51185
       51210
       51217
       51227
       51232
       51242
       51261
       51276
       51278
       51299
       51304
       51329
       51345
       51353
       51362
       51366
       51380
       51401
       51408
       51413
       51415
       51432
       51441
       51464
       51467
       51479
       51496
       51505
       51506
       51508
       51530
       51553
       51565
       51574
       51614
       51618
       51624
       51633
       51640
       51648
       51656
       51660
       51661
       51690
       51694
       51716
       51727
       51760
       51786
       51794
       51808
       51843
       51846
       51848
       51854
       51867
       51881
       51913
       51916
       51930
       51931
       51934
       51966
       51975
       51981
       52013
       52014
       52096
       52114
       52115
       52126
       52127
       52137
       52149
       52166
       52195
       52205
       52212
       52218
       52239
       52255
       52262
       52272
       52291
       52302
       52309
       52312
       52316
       52354
       52369
       52382
       52387
       52400
       52408
       52423
       52446
       52471
       52481
       52490
       52500
       52516
       52519
       52527
       52533
       52557
       52563
       52568
       52580
       52584
       52590
       52597
       52613
       52619
       52626
       52627
       52637
       52651
       52667
       52675
       52683
       52688
       52694
       52695
       52711
       52713
       52715
       52718
       52723
       52732
       52735
       52741
       52746
       52754
       52764
       52797
       52802
       52810
       52825
       52833
       52836
       52838
       52843
       52844
       52848
       52858
       52861
       52873
       52885
       52888
       52890
       52902
       52927
       52928
       52934
       52939
       52943
       52946
       52949
       52955
       52957
       52968
       52975
       52991
       52999
       53003
       53004
       53007
       53025
       53030
       53040
       53053
       53056
       53058
       53065
       53077
       53086
       53088
       53092
       53100
       53105
       53107
       53110
       53114
       53131
       53133
       53140
       53142
       53159
       53163
       53172
       53182
       53185
       53188
       53195
       53205
       53210
       53211
       53212
       53221
       53225
       53227
       53234
       53235
       53243
       53244
       53252
       53288
       53292
       53302
       53303
       53304
       53307
       53311
       53315
       53319
       53320
       53323
       53334
       53338
       53342
       53358
       53366
       53367
       53372
       53374
       53377
       53392
       53396
       53400
       53409
       53412
       53413
       53415
       53416
       53418
       53427
       53433
       53436
       53437
       53446
       53448
       53452
       53457
       53460
       53461
       53469
       53473
       53477
       53478
       53485
       53487
       53490
       53505
       53508
       53515
       53522
       53527
       53537
       53538
       53539
       53541
       53543
       53552
       53559
       53561
       53564
       53580
       53583
       53585
       53587
       53590
       53593
       53601
       53611
       53615
       53621
       53631
       53636
       53639
       53642
       53643
       53644
       53654
       53658
       53659
       53661
       53662
       53665
       53668
       53687
       53688
       53690
       53691
       53698
       53706
       53707
       53712
       53721
       53724
       53726
       53736
       53740
       53743
       53744
       53745
       53751
       53754
       53757
       53760
       53761
       53763
       53765
       53770
       53775
       53780
       53781
       53784
       53790
       53795
       53797
       53798
       53805
       53806
       53810
       53814
       53820
       53821
       53837
       53849
       53853
       53858
       53861
       53862
       53863
       53873
       53874
       53877
       53882
       53887
       53890
       53892
       53895
       53896
       53898
       53899
       53909
       53912
       53916
       53917
       53919
       53920
       53923
       53924
       53925
       53930
       53931
       53936
       53939
       53944
       53947
       53949
       53953
       53959
       53961
       53962
       53965
       53967
       53970
       53973
       53981
       53982
       53983
       53986
       53989
       53991
       53994
       54002
       54003
       54011
       54014
       54016
       54017
       54026
       54028
       54031
       54032
       54036
       54043
       54044
       54048
       54057
       54063
       54064
       54065
       54069
       54075
       54076
       54079
       54080
       54082
       54085
       54086
       54088
       54091
       54098
       54104
       54105
       54107
       54122
       54123
       54134
       54136
       54138
       54139
       54143
       54144
       54146
       54152
       54156
       54157
       54158
       54159
       54160
       54162
       54164
       54167
       54170
       54175
       54177
       54178
       54180
       54183
       54191
       54193
       54196
       54197
       54203
       54205
       54206
       54209
       54215
       54221
       54232
       54233
       54236
       54239
       54241
       54242
       54243
       54246
       54248
       54255
       54256
       54261
       54264
       54265
       54273
       54275
       54278
       54279
       54285
       54288
       54289
       54290
       54291
       54293
       54296
       54299
       54301
       54309
       54312
       54313
       54315
       54319
       54327
       54330
       54333
       54334
       54336
       54341
       54343
       54349
       54350
       54354
       54357
       54359
       54361
       54367
       54369
       54370
       54371
       54374
       54383
       54385
       54386
       54392
       54394
       54396
       54397
       54403
       54406
       54407
       54412
       54413
       54416
       54417
       54421
       54422
       54424
       54425
       54427
       54428
       54429
       54432
       54436
       54439
       54441
       54444
       54446
       54448
       54454
       54456
       54459
       54462
       54463
       54465
       54467
       54468
       54471
       54475
       54479
       54483
       54486
       54487
       54493
       54495
       54496
       54497
       54498
       54500
       54501
       54503
       54505
       54506
       54507
       54511
       54513
       54517
       54519
       54521
       54524
       54528
       54532
       54536
       54541
       54543
       54546
       54548
       54551
       54552
       54553
       54554
       54560
       54562
       54563
       54565
       54572
       54573
       54574
       54575
       54580
       54581
       54584
       54585
       54588
       54589
       54591
       54592
       54593
       54594
       54596
       54598
       54599
       54602
       54604
       54610
       54611
       54613
       54614
       54618
       54620
       54623
       54625
       54628
       54631
       54638
       54640
       54643
       54644
       54645
       54648
       54652
       54653
       54655
       54656
       54657
       54660
       54661
       54663
       54664
       54666
       54670
       54671
       54672
       54673
       54674
       54686
       54687
       54690
       54691
       54692
       54693
       54694
       54695
       54697
       54698
       54699
       54700
       54701
       54703
       54704
       54705
       54709
       54711
       54713
       54719
       54720
       54721
       54724
       54725
       54729
       54732
       54733
       54736
       54739
       54744
       54749
       54751
       54752
       54753
       54754
       54755
       54756
       54757
       54760
       54764
       54765
       54768
       54769
       54770
       54772
       54773
       54774
       54775
       54776
       54778
       54780
       54783
       54788
       54789
       54791
       54792
       54795
       54797
       54800
       54802
       54808
       54809
       54811
       54814
       54816
       54818
       54820
       54821
       54822
       54823
       54826
       54827
       54829
       54831
       54832
       54833
       54837
       54839
       54840
       54841
       54843
       54845
       54846
       54847
       54848
       54850
       54851
       54853
       54854
       54855
       54856
       54857
       54858
       54859
       54860
       54861
       54867
       54868
       54870
       54871
       54873
       54876
       54878
       54879
       54880
       54881
       54887
       54888
       54889
       54890
       54892
       54893
       54894
       54895
       54897
       54900
       54901
       54903
       54905
       54912
       54913
       54914
       54916
       54917
       54918
       54919
       54921
       54922
       54924
       54925
       54926
       54927
       54929
       54930
       54933
       54934
       54938
       54939
       54940
       54941
       54943
       54944
       54945
       54946
       54948
       54949
       54950
       54951
       54952
       54953
       54954
       54955
       54957
       54960
       54961
       54963
       54965
       54969
       54970
       54971
       54976
       54979
       54980
       54984
       54985
       54990
       54992
       54995
       54996
       54997
       54999
       55000
       55001
       55003
       55005
       55007
       55008
       55009
       55010
       55013
       55014
       55017
       55019
       55021
       55022
       55025
       55026
       55028
       55029
       55030
       55031
       55033
       55034
       55035
       55036
       55037
       55042
       55044
       55045
       55046
       55047
       55051
       55052
       55054
       55056
       55057
       55058
       55061
       55063
       55065
       55066
       55068
       55069
       55070
       55076
       55078
       55081
       55082
       55084
       55085
       55086
       55091
       55093
       55094
       55097
       55098
       55101
       55102
       55103
       55105
       55106
       55107
       55108
       55109
       55111
       55114
       55118
       55119
       55121
       55122
       55123
       55124
       55127
       55130
       55131
       55133
       55134
       55135
       55138
       55142
       55143
       55144
       55145
       55148
       55151
       55152
       55154
       55157
       55159
       55161
       55162
       55163
       55164
       55166
       55170
       55171
       55172
       55174
       55180
       55181
       55182
       55185
       55186
       55187
       55188
       55190
       55191
       55194
       55196
       55203
       55204
       55208
       55209
       55212
       55213
       55214
       55216
       55217
       55218
       55219
       55222
       55223
       55226
       55228
       55229
       55230
       55234
       55235
       55236
       55239
       55242
       55243
       55245
       55246
       55247
       55248
       55253
       55254
       55259
       55261
       55262
       55263
       55264
       55266
       55268
       55269
       55270
       55273
       55275
       55277
       55282
       55286
       55287
       55289
       55290
       55291
       55292
       55295
       55297
       55301
       55302
       55305
       55307
       55313
       55315
       55317
       55319
       55320
       55321
       55322
       55323
       55325
       55326
       55327
       55328
       55332
       55333
       55336
       55339
       55341
       55345
       55346
       55347
       55350
       55353
       55357
       55359
       55362
       55363
       55364
       55365
       55366
       55367
       55368
       55370
       55372
       55376
       55381
       55383
       55386
       55387
       55389
       55390
       55391
       55393
       55396
       55397
       55398
       55399
       55401
       55402
       55405
       55406
       55409
       55411
       55413
       55419
       55421
       55422
       55425
       55426
       55428
       55431
       55432
       55435
       55436
       55438
       55440
       55441
       55443
       55447
       55448
       55450
       55456
       55460
       55463
       55464
       55465
       55466
       55467
       55468
       55469
       55470
       55471
       55472
       55473
       55474
       55478
       55480
       55481
       55482
       55483
       55484
       55485
       55486
       55487
       55488
       55489
       55492
       55493
       55494
       55497
       55500
       55503
       55507
       55513
       55514
       55517
       55518
       55521
       55522
       55523
       55527
       55528
       55531
       55532
       55533
       55534
       55535
       55536
       55537
       55539
       55541
       55542
       55543
       55544
       55546
       55547
       55548
       55550
       55551
       55552
       55554
       55556
       55558
       55560
       55562
       55563
       55564
       55567
       55568
       55569
       55570
       55573
       55574
       55575
       55576
       55578
       55580
       55583
       55587
       55590
       55592
       55595
       55597
       55598
       55600
       55602
       55603
       55604
       55605
       55609
       55610
       55611
       55612
       55613
       55614
       55616
       55618
       55621
       55622
       55624
       55625
       55628
       55629
       55632
       55634
       55636
       55637
       55638
       55640
       55641
       55644
       55645
       55646
       55648
       55649
       55650
       55651
       55652
       55653
       55654
       55656
       55658
       55659
       55660
       55661
       55662
       55666
       55668
       55670
       55672
       55673
       55674
       55676
       55677
       55679
       55680
       55682
       55683
       55687
       55688
       55691
       55692
       55693
       55694
       55696
       55697
       55698
       55701
       55702
       55703
       55704
       55705
       55707
       55709
       55710
       55711
       55713
       55716
       55717
       55718
       55719
       55720
       55721
       55725
       55727
       55728
       55729
       55731
       55736
       55738
       55740
       55741
       55742
       55744
       55745
       55748
       55750
       55751
       55752
       55753
       55754
       55756
       55757
       55758
       55759
       55761
       55763
       55764
       55765
       55766
       55767
       55768
       55769
       55770
       55771
       55773
       55776
       55777
       55779
       55781
       55782
       55783
       55785
       55786
       55787
       55789
       55791
       55794
       55796
       55797
       55801
       55802
       55804
       55805
       55807
       55809
       55810
       55811
       55813
       55814
       55816
       55817
       55820
       55822
       55823
       55825
       55827
       55828
       55829
       55831
       55832
       55835
       55836
       55839
       55840
       55841
       55843
       55844
       55846
       55848
       55849
       55850
       55856
       55857
       55858
       55859
       55860
       55861
       55862
       55863
       55865
       55868
       55869
       55872
       55873
       55875
       55876
       55880
       55883
       55885
       55886
       55888
       55891
       55892
       55893
       55894
       55895
       55896
       55898
       55901
       55902
       55904
       55906
       55907
       55908
       55909
       55910
       55911
       55912
       55916
       55917
       55918
       55920
       55921
       55923
       55925
       55926
       55927
       55928
       55929
       55932
       55933
       55934
       55936
       55938
       55939
       55941
       55942
       55944
       55945
       55946
       55947
       55950
       55952
       55953
       55955
       55957
       55964
       55965
       55968
       55971
       55972
       55973
       55974
       55975
       55976
       55977
       55978
       55979
       55980
       55981
       55983
       55986
       55987
       55989
       55990
       55991
       55992
       55994
       55995
       55997
       55998
       56000
       56001
       56003
       56004
       56005
       56006
       56007
       56009
       56010
       56012
       56015
       56016
       56018
       56023
       56024
       56026
       56028
       56029
       56030
       56031
       56033
       56034
       56035
       56039
       56040
       56041
       56042
       56043
       56044
       56046
       56047
       56048
       56049
       56050
       56051
       56052
       56055
       56056
       56057
       56058
       56059
       56061
       56064
       56066
       56067
       56068
       56069
       56070
       56071
       56073
       56074
       56075
       56076
       56078
       56080
       56082
       56083
       56085
       56086
       56088
       56093
       56094
       56095
       56099
       56100
       56101
       56102
       56104
       56107
       56108
       56109
       56111
       56112
       56113
       56114
       56115
       56116
       56119
       56120
       56123
       56124
       56125
       56126
       56127
       56128
       56129
       56130
       56131
       56132
       56136
       56137
       56139
       56140
       56146
       56147
       56149
       56150
       56151
       56152
       56154
       56157
       56160
       56161
       56162
       56163
       56164
       56167
       56170
       56171
       56173
       56175
       56176
       56178
       56179
       56181
       56182
       56183
       56184
       56185
       56186
       56188
       56190
       56192
       56193
       56194
       56196
       56197
       56198
       56201
       56202
       56203
       56204
       56207
       56210
       56212
       56213
       56217
       56218
       56220
       56222
       56224
       56227
       56228
       56229
       56231
       56232
       56233
       56237
       56240
       56241
       56242
       56243
       56244
       56245
       56246
       56249
       56250
       56251
       56252
       56254
       56257
       56259
       56261
       56262
       56263
       56266
       56267
       56268
       56270
       56271
       56272
       56273
       56275
       56279
       56281
       56282
       56283
       56284
       56291
       56293
       56294
       56296
       56297
       56299
       56300
       56301
       56302
       56303
       56305
       56308
       56309
       56312
       56313
       56314
       56317
       56319
       56320
       56321
       56322
       56324
       56325
       56326
       56328
       56330
       56331
       56335
       56337
       56341
       56345
       56347
       56348
       56349
       56350
       56351
       56355
       56356
       56357
       56360
       56361
       56363
       56365
       56366
       56369
       56371
       56372
       56376
       56377
       56378
       56379
       56380
       56382
       56383
       56385
       56387
       56390
       56392
       56394
       56395
       56396
       56398
       56402
       56403
       56404
       56407
       56409
       56411
       56412
       56415
       56416
       56419
       56420
       56421
       56422
       56423
       56424
       56425
       56431
       56433
       56435
       56438
       56439
       56440
       56443
       56445
       56446
       56450
       56452
       56453
       56454
       56457
       56458
       56460
       56463
       56464
       56465
       56466
       56467
       56471
       56473
       56474
       56475
       56479
       56480
       56483
       56484
       56486
       56487
       56491
       56493
       56497
       56498
       56505
       56506
       56507
       56511
       56512
       56515
       56516
       56517
       56518
       56519
       56521
       56522
       56523
       56524
       56525
       56526
       56528
       56530
       56531
       56534
       56535
       56537
       56538
       56539
       56540
       56543
       56550
       56551
       56553
       56560
       56562
       56564
       56567
       56568
       56571
       56572
       56573
       56574
       56575
       56576
       56577
       56578
       56579
       56582
       56583
       56587
       56588
       56589
       56590
       56591
       56596
       56601
       56605
       56616
       56617
       56618
       56621
       56622
       56623
       56625
       56626
       56627
       56628
       56629
       56630
       56631
       56632
       56634
       56635
       56638
       56639
       56640
       56642
       56643
       56644
       56645
       56649
       56650
       56652
       56655
       56656
       56658
       56661
       56668
       56671
       56672
       56674
       56678
       56681
       56683
       56684
       56688
       56689
       56690
       56691
       56693
       56695
       56696
       56699
       56701
       56702
       56703
       56704
       56705
       56709
       56711
       56714
       56715
       56716
       56717
       56719
       56726
       56728
       56730
       56731
       56732
       56736
       56742
       56744
       56745
       56747
       56748
       56750
       56751
       56752
       56754
       56755
       56756
       56757
       56760
       56761
       56764
       56768
       56770
       56771
       56773
       56776
       56781
       56782
       56783
       56785
       56786
       56787
       56792
       56793
       56796
       56800
       56805
       56810
       56812
       56813
       56815
       56816
       56818
       56820
       56823
       56824
       56828
       56829
       56832
       56833
       56835
       56836
       56839
       56840
       56844
       56845
       56850
       56852
       56859
       56862
       56865
       56867
       56871
       56874
       56878
       56880
       56884
       56885
       56889
       56890
       56892
       56896
       56899
       56900
       56901
       56904
       56906
       56907
       56908
       56910
       56911
       56916
       56918
       56923
       56926
       56928
       56931
       56932
       56937
       56939
       56941
       56944
       56948
       56949
       56950
       56951
       56956
       56958
       56963
       56964
       56965
       56967
       56973
       56975
       56978
       56980
       56986
       56988
       56989
       56993
       56995
       56996
       56997
       56998
       57010
       57011
       57017
       57025
       57027
       57029
       57031
       57033
       57034
       57037
       57038
       57039
       57041
       57042
       57046
       57048
       57051
       57053
       57055
       57056
       57057
       57060
       57061
       57068
       57074
       57077
       57085
       57087
       57089
       57090
       57095
       57097
       57100
       57102
       57103
       57105
       57108
       57113
       57115
       57116
       57121
       57125
       57135
       57136
       57138
       57140
       57141
       57142
       57147
       57148
       57152
       57157
       57161
       57163
       57164
       57169
       57170
       57173
       57177
       57181
       57182
       57190
       57192
       57196
       57199
       57203
       57206
       57208
       57212
       57218
       57219
       57222
       57229
       57230
       57231
       57232
       57234
       57237
       57238
       57239
       57240
       57242
       57243
       57247
       57253
       57256
       57271
       57276
       57278
       57281
       57284
       57285
       57286
       57287
       57291
       57292
       57294
       57295
       57299
       57301
       57306
       57312
       57313
       57315
       57323
       57325
       57326
       57327
       57329
       57331
       57334
       57335
       57340
       57341
       57345
       57348
       57351
       57357
       57362
       57366
       57371
       57372
       57373
       57375
       57376
       57380
       57381
       57383
       57384
       57388
       57389
       57390
       57397
       57400
       57404
       57405
       57406
       57408
       57416
       57417
       57419
       57422
       57423
       57429
       57437
       57438
       57439
       57441
       57443
       57444
       57446
       57447
       57449
       57450
       57456
       57463
       57464
       57465
       57470
       57471
       57474
       57479
       57480
       57483
       57486
       57489
       57490
       57497
       57500
       57501
       57505
       57506
       57513
       57517
       57518
       57525
       57530
       57531
       57532
       57533
       57536
       57542
       57548
       57550
       57560
       57562
       57564
       57572
       57573
       57574
       57582
       57588
       57596
       57601
       57602
       57609
       57610
       57618
       57621
       57624
       57628
       57629
       57631
       57632
       57642
       57646
       57659
       57671
       57673
       57676
       57677
       57679
       57680
       57681
       57683
       57684
       57690
       57691
       57697
       57704
       57705
       57706
       57709
       57715
       57716
       57717
       57718
       57719
       57723
       57728
       57730
       57732
       57733
       57735
       57737
       57741
       57742
       57743
       57750
       57754
       57758
       57760
       57761
       57763
       57766
       57767
       57768
       57769
       57771
       57772
       57773
       57779
       57781
       57783
       57784
       57785
       57786
       57790
       57791
       57792
       57794
       57795
       57797
       57801
       57803
       57804
       57805
       57809
       57810
       57812
       57813
       57814
       57815
       57817
       57819
       57820
       57821
       57822
       57823
       57824
       57825
       57826
       57827
       57828
       57834
       57835
       57836
       57837
       57839
       57840
       57842
       57843
       57844
       57846
       57847
       57848
       57849
       57850
       57851
       57852
       57853
       57854
       57855
       57857
       57858
       57861
       57865
       57867
       57868
       57869
       57870
       57872
       57873
       57874
       57875
       57876
       57877
       57878
       57879
       57880
       57883
       57884
       57885
       57886
       57887
       57889
       57891
       57893
       57895
       57896
       57897
       57898
       57899
       57900
       57901
       57902
       57903
       57904
       57905
       57906
       57907
       57909
       57910
       57911
       57915
       57918
       57919
       57920
       57921
       57922
       57923
       57924
       57925
       57926
       57927
       57930
       57932
       57933
       57934
       57935
       57937
       57938
       57939
       57940
       57941
       57943
       57944
       57946
       57947
       57948
       57950
       57951
       57952
       57953
       57954
       57955
       57956
       57957
       57959
       57960
       57962
       57963
       57965
       57966
       57967
       57968
       57969
       57970
       57971
       57972
       57973
       57976
       57977
       57978
       57979
       57980
       57981
       57982
       57983
       57984
       57985
       57986
       57987
       57988
       57989
       57990
       57993
       57995
       57996
       57997
       57998
       57999
       58000
       58001
       58002
       58003
       58004
       58008
       58009
       58010
       58011
       58012
       58013
       58014
       58015
       58016
       58017
       58018
       58019
       58021
       58022
       58024
       58025
       58026
       58027
       58028
       58029
       58030
       58031
       58033
       58034
       58035
       58036
       58039
       58040
       58041
       58042
       58043
       58044
       58048
       58049
       58050
       58051
       58053
       58054
       58056
       58058
       58059
       58060
       58061
       58062
       58064
       58065
       58066
       58068
       58069
       58071
       58073
       58074
       58075
       58078
       58081
       58082
       58083
       58084
       58086
       58087
       58088
       58092
       58093
       58094
       58098
       58099
       58101
       58102
       58105
       58106
       58109
NNODG          31435        1437        1383
      -20378
      -20776
      -20777
      -20778
       20779
      -20781
      -21172
       21173
       21174
       21175
       21176
       21179
      -21180
      -21570
      -21571
       21572
       21573
       21574
       21575
       21576
       21579
      -21580
      -21978
      -21979
       21980
       21981
       21982
       21983
       21984
       21985
       21986
       21987
      -21992
       21993
      -22376
       22377
       22378
       22379
       22380
       22381
       22382
       22383
       22384
       22385
       22386
       22387
       22388
       22389
       22390
      -22396
      -22397
      -22777
       22778
       22779
       22780
       22781
       22782
       22783
       22784
       22785
       22786
       22787
       22788
       22789
       22790
       22791
      -22792
      -23188
       23189
       23190
       23191
       23192
       23193
       23194
       23195
       23196
       23197
       23198
       23199
       23200
       23201
       23202
       23203
       23204
      -23205
       23613
       23614
       23615
       23616
       23617
       23618
       23619
       23620
       23621
       23622
       23623
       23624
       23625
       23626
       23627
       23628
       23629
       23630
      -23631
       24047
       24048
       24049
       24050
       24051
       24052
       24053
       24054
       24055
       24056
       24057
       24058
       24059
       24060
      -24061
       24062
       24063
       24444
       24445
       24446
       24447
       24448
       24449
       24450
       24451
       24452
       24453
       24454
       24455
      -24456
       24457
       24460
       24461
       24801
       24802
       24803
       24804
       24805
       24806
       24807
       24808
       24809
       24810
       24811
       24812
       24813
       24814
      -24815
      -24816
       24819
       24820
       24821
       25146
       25147
       25148
       25149
       25150
       25151
       25152
       25153
       25154
       25155
       25156
       25157
       25158
       25159
      -25161
       25164
       25165
       25166
       25447
       25448
       25449
       25450
       25451
       25452
       25453
       25454
       25455
       25456
       25457
       25458
       25459
       25460
       25461
       25462
       25463
       25464
       25465
      -25467
       25471
       25472
       25473
       25712
       25713
       25714
       25715
       25716
       25717
       25718
       25719
       25720
       25721
       25722
       25723
       25724
       25725
       25726
       25727
       25728
       25729
      -25731
       25737
       25738
       25739
       25973
       25974
       25975
       25976
       25977
       25978
       25979
       25980
       25981
       25982
       25983
       25984
       25985
       25986
       25987
       25988
       25989
       25990
       25991
       25992
       25993
       25994
      -25996
       26003
       26004
       26005
       26006
       26007
       26235
       26236
       26237
       26238
       26239
       26240
       26241
       26242
       26243
       26244
       26245
       26246
       26247
       26248
       26249
       26250
       26251
       26252
       26253
       26254
       26255
       26256
       26257
       26258
       26259
       26260
      -26262
       26272
       26273
       26274
       26275
       26276
      -26277
       26278
       26495
       26496
       26497
       26498
       26499
       26500
       26501
       26502
       26503
       26504
       26505
       26506
       26507
       26508
       26509
       26510
       26511
       26512
       26513
       26514
       26515
       26516
       26517
       26518
       26519
       26520
       26521
       26522
       26535
       26536
       26537
       26538
       26539
       26540
      -26541
       26542
       26751
       26752
       26753
       26754
       26755
       26756
       26757
       26758
       26759
       26760
       26761
       26762
       26763
       26764
       26765
       26766
       26767
       26768
       26769
       26770
       26771
       26772
       26773
       26774
       26775
       26776
       26777
       26778
       26779
       26780
       26793
       26794
       26795
       26796
       26797
       26798
       26799
      -26800
       26801
       27017
       27018
       27019
       27020
       27021
       27022
       27023
       27024
       27025
       27026
       27027
       27028
       27029
       27030
       27031
       27032
       27033
       27034
       27035
       27036
       27037
       27038
       27039
       27040
       27041
       27042
       27043
       27044
       27045
       27046
       27047
       27048
       27049
       27050
       27051
       27052
       27065
       27066
       27067
       27068
       27069
       27070
      -27071
       27072
       27073
       27268
       27269
       27270
       27271
       27272
       27273
       27274
       27275
       27276
       27277
       27278
       27279
       27280
       27281
       27282
       27283
       27284
       27285
       27286
       27287
       27288
       27289
       27290
       27291
       27292
       27293
       27294
       27295
       27296
       27297
       27298
       27299
       27300
       27301
       27302
       27303
       27304
       27305
       27306
       27307
      -27318
       27319
       27320
       27321
       27322
       27323
      -27324
       27325
       27326
       27496
       27497
       27498
       27499
       27500
       27501
       27502
       27503
       27504
       27505
       27506
       27507
       27508
       27509
       27510
       27511
       27512
       27513
       27514
       27515
       27516
       27517
       27518
       27519
       27520
       27521
       27522
       27523
       27524
       27525
       27526
       27527
       27528
       27529
       27530
       27531
       27532
       27533
       27534
       27535
       27536
       27537
       27538
       27552
       27553
       27554
       27555
       27556
       27557
      -27558
       27559
       27560
       27725
       27726
       27727
       27728
       27729
       27730
       27731
       27732
       27733
       27734
       27735
       27736
       27737
       27738
       27739
       27740
       27741
       27742
       27743
       27744
       27745
       27746
       27747
       27748
       27749
       27750
       27751
       27752
       27753
       27754
       27755
       27756
       27757
       27758
       27759
       27760
       27761
       27762
       27763
       27764
       27765
       27766
       27767
       27768
       27769
       27780
       27781
       27782
       27783
       27784
       27785
      -27786
       27787
       27788
       27949
       27950
       27951
       27952
       27953
       27954
       27955
       27956
       27957
       27958
       27959
       27960
       27961
       27962
       27963
       27964
       27965
       27966
       27967
       27968
       27969
       27970
       27971
       27972
       27973
       27974
       27975
       27976
       27977
       27978
       27979
       27980
       27981
       27982
       27983
       27984
       27985
       27986
       27987
       27988
       27989
       27990
       27991
       27992
       27993
       27994
       27995
       27996
       27997
       28002
       28003
       28004
       28005
       28006
       28007
       28150
       28151
       28152
       28153
       28154
       28155
       28156
       28157
       28158
       28159
       28160
       28161
       28162
       28163
       28164
       28165
       28166
       28167
       28168
       28169
       28170
       28171
       28172
       28173
       28174
       28175
       28176
       28177
       28178
       28179
       28180
       28181
       28182
       28183
       28184
       28185
       28186
       28187
       28188
       28189
       28190
       28191
       28192
       28193
       28194
       28195
       28196
       28197
       28198
       28199
       28200
       28203
       28204
       28205
       28206
       28207
       28336
       28337
       28338
       28339
       28340
       28341
       28342
       28343
       28344
       28345
       28346
       28347
       28348
       28349
       28350
       28351
       28352
       28353
       28354
       28355
       28356
       28357
       28358
       28359
       28360
       28361
       28362
       28363
       28364
       28365
       28366
       28367
       28368
       28369
       28370
       28371
       28372
       28373
       28374
       28375
       28376
       28377
       28378
       28379
       28380
       28381
       28382
       28383
       28384
       28385
       28386
       28387
       28388
       28389
       28390
       28391
       28392
       28393
       28394
       28395
       28396
       28397
       28526
       28527
       28528
       28529
       28530
       28531
       28532
       28533
       28534
       28535
       28536
       28537
       28538
       28539
       28540
       28541
       28542
       28543
       28544
       28545
       28546
       28547
       28548
       28549
       28550
       28551
       28552
       28553
       28554
       28555
       28556
       28557
       28558
       28559
       28560
       28561
       28562
       28563
       28564
       28565
       28566
       28567
       28568
       28569
       28570
       28571
       28572
       28573
       28574
       28575
       28576
       28577
       28578
       28579
       28580
       28581
       28582
       28583
       28584
       28585
       28586
       28587
       28588
       28589
       28590
       28591
       28592
       28593
       28594
       28595
       28596
       28597
       28712
       28713
       28714
       28715
       28716
       28717
       28718
       28719
       28720
       28721
       28722
       28723
       28724
       28725
       28726
       28727
       28728
       28729
       28730
       28731
       28732
       28733
       28734
       28735
       28736
       28737
       28738
       28739
       28740
       28741
       28742
       28743
       28744
       28745
       28746
       28747
       28748
       28749
       28750
       28751
       28752
       28753
       28754
       28755
       28756
       28757
       28758
       28759
       28760
       28761
       28762
       28763
       28764
       28765
       28766
       28767
       28768
       28769
       28770
       28771
       28772
       28773
       28774
       28775
       28776
       28777
       28778
       28779
       28780
       28781
       28782
       28783
       28784
       28785
       28786
       28787
       28788
       28789
       28790
       28791
       28792
       28793
       28794
       28909
       28910
       28911
       28912
       28913
       28914
       28915
       28916
       28917
       28918
       28919
       28920
       28921
       28922
       28923
       28924
       28925
       28926
       28927
       28928
       28929
       28930
       28931
       28932
       28933
       28934
       28935
       28936
       28937
       28938
       28939
       28940
       28941
       28942
       28943
       28944
       28945
       28946
       28947
       28948
       28949
       28950
       28951
       28952
       28953
       28954
       28955
       28956
       28957
       28958
       28959
       28960
       28961
       28962
       28963
       28964
       28965
       28966
       28967
       28968
       28969
       28970
       28971
       28972
       28973
       28974
       28975
       28976
       28977
       28978
       28979
       28980
       28981
       28982
       28983
       28984
       28985
       28986
       28987
       28988
       28989
       28990
       28991
       29112
       29113
       29114
       29115
       29116
       29117
       29118
       29119
       29120
       29121
       29122
       29123
       29124
       29125
       29126
       29127
       29128
       29129
       29130
       29131
       29132
       29133
       29134
       29135
       29136
       29137
       29138
       29139
       29140
       29141
       29142
       29143
       29144
       29145
       29146
       29147
       29148
       29149
       29150
       29151
       29152
       29153
       29154
       29155
       29156
       29157
       29158
       29159
       29160
       29161
       29162
       29163
       29164
       29165
       29166
       29167
       29168
       29169
       29170
       29171
       29172
       29173
       29174
       29175
       29176
       29177
       29178
       29179
       29180
       29181
       29182
       29183
       29184
       29185
       29306
       29307
       29308
       29309
       29310
       29311
       29312
       29313
       29314
       29315
       29316
       29317
       29318
       29319
       29320
       29321
       29322
       29323
       29324
       29325
       29326
       29327
       29328
       29329
       29330
       29331
       29332
       29333
       29334
       29335
       29336
       29337
       29338
       29339
       29340
       29341
       29342
       29343
       29344
       29345
       29346
       29347
       29348
       29349
       29350
       29351
       29352
       29353
       29354
       29355
       29356
       29357
       29358
       29359
       29360
       29361
       29362
       29363
       29364
       29365
       29498
       29499
       29500
       29501
       29502
       29503
       29504
       29505
       29506
       29507
       29508
       29509
       29510
       29511
       29512
       29513
       29514
       29515
       29516
       29517
       29518
       29519
       29520
       29521
       29522
       29523
       29524
       29525
       29526
       29527
       29528
       29529
       29530
       29531
       29532
       29533
       29534
       29535
       29536
       29537
       29538
       29539
       29540
       29541
       29542
       29543
       29544
       29545
       29546
       29687
       29688
       29689
       29690
       29691
       29692
       29693
       29694
       29695
       29696
       29697
       29698
       29699
       29700
       29701
       29702
       29703
       29704
       29705
       29706
       29707
       29708
       29709
       29710
       29711
       29712
       29713
       29714
       29715
       29716
       29717
       29718
       29719
       29720
       29721
       29722
       29723
       29724
       29725
       29869
       29870
       29871
       29872
       29873
       29874
       29875
       29876
       29877
       29878
       29879
       29880
       29881
       29882
       29883
       29884
       29885
       29886
       29887
       29888
       29889
       29890
       29891
       29892
       29893
       29894
       29895
       29896
       29897
       29898
       29899
       29900
       30014
       30015
       30016
       30017
       30018
       30019
       30020
       30021
       30022
       30023
       30024
       30025
       30026
       30027
       30028
       30029
       30030
       30130
       30131
       30132
       30133
       30134
       30135
       30136
       30137
       30138
       30139
       30140
       30141
       30142
       30143
       30144
       30145
       30146
       30247
       30248
       30249
       30250
       30251
       30252
       30253
       30254
       30255
       30256
       30257
       30258
       30259
       30260
       30261
       30262
       30263
       30264
       30265
       30266
       30267
       30268
       30348
       30349
       30350
       30351
       30352
       30353
       30354
       30355
       30356
       30357
       30358
       30359
       30360
       30361
       30362
       30363
       30364
       30365
       30366
       30367
       30368
       30369
       30370
       30371
       30372
       30441
       30442
       30443
       30444
       30445
       30446
       30447
       30448
       30449
       30450
       30451
       30452
       30453
       30454
       30455
       30456
       30457
       30458
       30459
       30460
       30522
       30523
       30524
       30525
       30526
       30527
       30528
       30529
       30530
       30531
       30532
       30533
       30534
       30535
       30536
       30537
       30538
       30539
       30540
       30600
       30601
       30602
       30603
       30604
       30605
       30606
       30607
       30608
       30609
       30610
       30611
       30612
       30613
       30614
       30615
       30616
       30678
       30679
       30680
       30681
       30682
       30683
       30684
       30685
       30686
       30687
       30688
       30689
       30690
       30691
       30692
       30761
       30762
       30763
       30764
       30765
       30766
       30830
       30831
       30832
       30833
NFLUXF             0
NETA             103          37          37
          67
          68
          69
          70
          71
          72
          73
          74
          75
          76
          77
          78
          79
          80
          81
          82
          83
          84
          85
          86
          87
          88
          89
          90
          91
          92
          93
          94
          95
          96
          97
          98
          99
         100
         101
         102
         103
NSTAE              0           0           0
NSTAV              0           0           0
NSTAM              0           0           0
NSTAC              0           0           0
RES NODE          15        1345
                   5           8           9          10          11          12
                  16          17          18          19          20          21
                  25          26          27          28          29          30
                  31          32          34          36          37          38
                  39          40          41          42          43          44
                  45          46          47          48          49          53
                  54          55          56          57          58          59
                  60          61          62          63          64          65
                  66          69          70          71          72          73
                  74          75          76          77          78          79
                  80          81          82          83          84          86
                  87          88          89          90          91          92
                  93          94          95          96          97          98
                  99         100         101         102         103         105
                 106         107         108         109         110         111
                 112         113         114         115         116         117
                 118         120         121         122         123         124
                 125         126         127         128         129         130
                 131         132         133         135         136         137
                 138         139         140         141         142         143
                 144         145         146         147         148         149
                 150         151         154         155         156         157
                 158         159         160         161         162         163
                 164         165         166         167         168         169
                 170         172         173         174         175         176
                 177         178         179         180         181         182
                 183         184         185         186         187         188
                 189         190         191         192         193         195
                 196         197         198         199         200         201
                 202         203         204         205         206         207
                 208         209         210         211         212         213
                 214         215         217         218         219         220
                 221         222         223         224         225         226
                 227         228         229         230         231         232
                 233         234         235         236         237         238
                 239         240         241         243         244         245
                 246         247         248         249         250         251
                 252         253         254         255         256         257
                 258         259         260         261         262         263
                 264         265         266         267         268         269
                 270         271         272         273         275         276
                 277         278         279         281         282         283
                 284         285         286         287         288         289
                 290         291         292         293         294         295
                 296         297         298         299         300         301
                 302         303         304         305         306         307
                 308         309         310         311         312         313
                 314         315         317         318         319         320
                 321         322         323         324         325         326
                 327         328         329         330         331         332
                 333         334         335         336         337         338
                 339         340         341         342         343         344
                 345         346         347         348         349         350
                 351         352         353         354         356         357
                 358         359         360         361         362         363
                 364         365         366         367         368         369
                 370         371         372         373         374         375
                 376         377         378         379         380         381
                 382         383         384         385         386         387
                 388         389         390         391         392         393
                 394         395         396         397         398         400
                 401         402         403         404         405         406
                 407         408         409         410         411         412
                 413         414         415         416         417         418
                 419         420         421         422         423         424
                 425         426         427         428         429         430
                 431         432         433         434         435         436
                 437         438         439         440         441         443
                 444         445         446         447         449         450
                 451         452         453         454         455         456
                 457         458         459         460         461         462
                 463         464         465         466         467         468
                 469         470         471         472         473         474
                 475         476         477         478         479         480
                 481         482         483         484         485         486
                 487         488         489         490         491         492
                 493         494         495         496         497         498
                 499         501         502         503         504         505
                 506         507         508         509         510         511
                 512         513         514         515         516         517
                 518         519         520         521         522         523
                 524         525         526         527         528         529
                 530         531         532         533         534         535
                 536         537         538         539         540         541
                 542         543         544         545         546         547
                 548         549         550         551         552         553
                 555         556         557         558         559         560
                 561         562         563         564         565         566
                 567         568         569         570         571         572
                 573         574         575         576         577         578
                 579         580         581         582         583         584
                 585         586         587         588         589         590
                 591         592         593         594         595         596
                 597         598         599         600         601         602
                 603         604         605         606         607         608
                 609         610         611         612         613         614
                 615         616         617         618         619         620
                 621         622         623         624         625         626
                 627         628         629         630         631         632
                 633         634         635         636         637         638
                 639         640         641         642         643         644
                 645         646         647         648         649         650
                 651         652         653         654         655         656
                 657         658         659         660         661         662
                 663         664         665         666         667         668
                 669         670         671         672         673         674
                 675         676         677         678         679         680
                 681         682         683         684         685         686
                 687         688         689         690         691         692
                 693         694         695         696         697         698
                 699         700         701         702         703         704
                 705         706         707         708         709         710
                 711         712         713         714         715         716
                 717         718         719         720         721         722
                 723         724         725         726         727         728
                 729         730         731         732         733         734
                 735         736         737         738         739         740
                 741         742         743         744         745         746
                 747         748         749         750         751         752
                 753         754         755         756         757         758
                 759         760         761         762         763         764
                 765         766         767         768         769         770
                 771         772         773         774         775         776
                 777         778         779         780         781         782
                 783         784         785         786         787         788
                 789         790         791         792         793         794
                 795         796         797         798         799         800
                 801         802         803         804         805         806
                 807         808         809         810         811         812
                 813         814         815         816         817         818
                 819         820         821         822         823         824
                 825         826         827         828         829         830
                 831         832         833         834         835         836
                 837         838         839         840         841         842
                 843         844         845         846         847         848
                 849         850         851         852         853         854
                 855         856         857         858         859         860
                 861         862         863         864         865         866
                 867         868         869         870         871         872
                 873         874         875         876         877         878
                 879         880         881         882         883         884
                 885         886         887         888         889         890
                 891         892         893         894         895         896
                 897         898         899         900         901         902
                 903         904         905         906         907         908
                 909         910         911         912         913         914
                 915         916         917         918         919         920
                 921         922         923         924         925         926
                 927         928         929         930         931         932
                 933         934         935         936         937         938
                 939         940         941         942         943         944
                 945         946         947         948         949         950
                 951         952         953         954         955         956
                 957         958         959         960         961         962
                 963         964         965         966         967         968
                 969         970         971         972         973         974
                 975         976         977         978         979         980
                 981         982         983         984         985         986
                 987         988         989         990         991         992
                 993         994         995         996         997         998
                 999        1000        1001        1002        1003        1004
                1005        1006        1007        1008        1009        1010
                1011        1012        1013        1014        1015        1016
                1017        1018        1019        1020        1021        1022
                1023        1024        1025        1026        1027        1028
                1029        1030        1031        1032        1033        1034
                1035        1036        1037        1038        1039        1040
                1041        1042        1043        1044        1045        1046
                1047        1048        1049        1050        1051        1052
                1053        1054        1055        1056        1057        1058
                1059        1060        1061        1062        1063        1064
                1065        1066        1067        1068        1069        1070
                1071        1072        1073        1074        1075        1076
                1077        1078        1079        1080        1081        1082
                1083        1084        1085        1086        1087        1088
                1089        1090        1091        1092        1093        1094
                1095        1096        1097        1098        1099        1100
                1101        1102        1103        1104        1105        1106
                1107        1108        1109        1110        1111        1112
                1113        1114        1115        1116        1117        1118
                1119        1120        1121        1122        1123        1124
                1125        1126        1127        1128        1129        1130
                1131        1132        1133        1134        1135        1136
                1137        1138        1139        1140        1141        1142
                1143        1144        1145        1146        1147        1148
                1149        1150        1151        1152        1153        1154
                1155        1156        1157        1158        1159        1160
                1161        1162        1163        1164        1165        1166
                1167        1168        1169        1170        1171        1172
                1173        1174        1175        1176        1177        1178
                1179        1180        1181        1182        1183        1184
                1185        1186        1187        1188        1189        1190
                1191        1192        1193        1194        1195        1196
                1197        1198        1199        1200        1201        1202
                1203        1204        1205        1206        1207        1208
                1209        1210        1211        1212        1213        1214
                1215        1216        1217        1218        1219        1220
                1221        1222        1223        1224        1225        1226
                1227        1228        1229        1230        1231        1232
                1233        1234        1235        1236        1237        1238
                1239        1240        1241        1242        1243        1244
                1245        1246        1247        1248        1249        1250
                1251        1252        1253        1254        1255        1256
                1257        1258        1259        1260        1261        1262
                1263        1264        1265        1266        1267        1268
                1269        1270        1271        1272        1273        1274
                1275        1276        1277        1278        1279        1280
                1281        1282        1283        1284        1285        1286
                1287        1288        1289        1290        1291        1292
                1293        1294        1295        1296        1297        1298
                1299        1300        1301        1302        1303        1304
                1305        1306        1307        1308        1309        1310
                1311        1312        1313        1314        1315        1316
                1317        1318        1319        1320        1321        1322
                1323        1324        1325        1326        1327        1328
                1329        1330        1331        1332        1333        1334
                1335        1336        1337        1338        1339        1340
                1341        1342        1343        1344        1345        1346
                1347        1348        1349        1350        1351        1352
                1353        1354        1355        1356        1357        1358
                1359        1360        1361        1362        1363        1364
                1365        1366        1367        1368        1369        1370
                1371        1372        1373        1374        1375        1376
                1377        1378        1379        1380        1381        1382
                1383
COMM PE            3
RECV PE           13           4
                   6          13          22          33
RECV PE           16          22
                  50          51          67          85         104         119
                 134         152         153         171         194         216
                 242         274         280         316         355         399
                 442         448         500         554
RECV PE           19          12
                   1           2           3           4           7          14
                  15          23          24          35          52          68
SEND PE           13           4
                   9          12          21          34
SEND PE           16          20
                  34          49          66          84         102         118
                 135         137         156         174         197         219
                 247         281         317         356         400         449
                 501         555
SEND PE           19          13
                   5           8           9          16          17          25
                  26          36          37          38          53          69
                  86
