eastcoast_95d_ll_select.grd nodal attributes                                    
        1326
           2
primitive_weighting_in_continuity_equation                                      
unitless                                                                        
           1
  0.500000000E-02
mannings_n_at_sea_floor                                                         
unitless                                                                        
           1
  0.250000000E-01
primitive_weighting_in_continuity_equation                                      
         131
     12118    0.20000000E-01
     12119    0.20000000E-01
     12324    0.20000000E-01
     12325    0.20000000E-01
     12326    0.20000000E-01
     12512    0.20000000E-01
     12530    0.20000000E-01
     12531    0.20000000E-01
     12532    0.20000000E-01
     12533    0.20000000E-01
     12534    0.20000000E-01
     12738    0.20000000E-01
     12740    0.20000000E-01
     12741    0.20000000E-01
     12758    0.20000000E-01
     12759    0.20000000E-01
     12760    0.20000000E-01
     12761    0.20000000E-01
     12762    0.20000000E-01
     12763    0.20000000E-01
     12764    0.20000000E-01
     12978    0.20000000E-01
     12981    0.20000000E-01
     12982    0.20000000E-01
     12983    0.20000000E-01
     13003    0.20000000E-01
     13004    0.20000000E-01
     13005    0.20000000E-01
     13006    0.20000000E-01
     13007    0.20000000E-01
     13008    0.20000000E-01
     13009    0.20000000E-01
     13226    0.20000000E-01
     13227    0.20000000E-01
     13228    0.20000000E-01
     13229    0.20000000E-01
     13230    0.20000000E-01
     13250    0.20000000E-01
     13251    0.20000000E-01
     13252    0.20000000E-01
     13253    0.20000000E-01
     13254    0.20000000E-01
     13497    0.20000000E-01
     13498    0.20000000E-01
     13499    0.20000000E-01
     13523    0.20000000E-01
     13524    0.20000000E-01
     13525    0.20000000E-01
     13526    0.20000000E-01
     13795    0.20000000E-01
     13798    0.20000000E-01
     13821    0.20000000E-01
     13822    0.20000000E-01
     16954    0.20000000E-01
     17182    0.20000000E-01
     17394    0.20000000E-01
     23926    0.20000000E-01
     23927    0.20000000E-01
     23939    0.20000000E-01
     24327    0.20000000E-01
     24328    0.20000000E-01
     24329    0.20000000E-01
     24340    0.20000000E-01
     24341    0.20000000E-01
     24342    0.20000000E-01
     24343    0.20000000E-01
     24345    0.20000000E-01
     24368    0.20000000E-01
     24369    0.20000000E-01
     24370    0.20000000E-01
     24371    0.20000000E-01
     24714    0.20000000E-01
     24715    0.20000000E-01
     24716    0.20000000E-01
     24717    0.20000000E-01
     24718    0.20000000E-01
     24726    0.20000000E-01
     24730    0.20000000E-01
     24731    0.20000000E-01
     24732    0.20000000E-01
     24733    0.20000000E-01
     24734    0.20000000E-01
     24735    0.20000000E-01
     24754    0.20000000E-01
     24755    0.20000000E-01
     24757    0.20000000E-01
     24758    0.20000000E-01
     24759    0.20000000E-01
     25068    0.20000000E-01
     25069    0.20000000E-01
     25070    0.20000000E-01
     25071    0.20000000E-01
     25072    0.20000000E-01
     25073    0.20000000E-01
     25074    0.20000000E-01
     25075    0.20000000E-01
     25077    0.20000000E-01
     25078    0.20000000E-01
     25079    0.20000000E-01
     25080    0.20000000E-01
     25081    0.20000000E-01
     25082    0.20000000E-01
     25083    0.20000000E-01
     25084    0.20000000E-01
     25088    0.20000000E-01
     25089    0.20000000E-01
     25090    0.20000000E-01
     25091    0.20000000E-01
     25092    0.20000000E-01
     25093    0.20000000E-01
     25112    0.20000000E-01
     25113    0.20000000E-01
     25114    0.20000000E-01
     25115    0.20000000E-01
     25378    0.20000000E-01
     25379    0.20000000E-01
     25380    0.20000000E-01
     25381    0.20000000E-01
     25382    0.20000000E-01
     25383    0.20000000E-01
     25384    0.20000000E-01
     25385    0.20000000E-01
     25386    0.20000000E-01
     25387    0.20000000E-01
     25388    0.20000000E-01
     25393    0.20000000E-01
     25394    0.20000000E-01
     25395    0.20000000E-01
     25396    0.20000000E-01
     25658    0.20000000E-01
     25659    0.20000000E-01
mannings_n_at_sea_floor                                                         
           0
