FileFmt      1050624           0           0
NELG           58369        2590        2584
      -12030
      -12058
      -12161
      -12166
      -12173
      -12174
      -12194
      -12250
      -12252
      -12282
      -12283
      -12291
       12299
       12353
      -12358
       12373
       12380
       12383
      -12399
       12438
      -12443
       12450
       12453
       12457
       12475
       12522
       12525
      -12528
       12565
       12567
       12571
      -12572
      -12620
       12627
      -12628
       12636
       12638
       12644
       12645
      -12664
      -12671
      -12676
       12680
       12683
       12716
      -12736
       12743
      -12744
       12747
       12765
      -12778
       12781
       12782
       12787
       12791
      -12804
       12829
       12838
      -12842
       12843
       12848
       12859
       12860
       12874
       12876
       12904
      -12910
       12911
       12920
       12923
       12926
       12933
       12949
       12969
       12973
       12991
       13007
       13008
       13013
       13014
       13015
       13017
       13026
       13054
       13058
       13066
       13082
       13098
       13101
       13106
       13108
       13110
       13115
       13116
       13118
       13120
       13139
       13140
       13149
       13152
       13176
       13181
       13184
       13185
       13186
       13202
       13207
       13216
       13226
       13236
       13242
       13246
       13249
       13259
       13278
       13285
       13292
       13303
       13308
       13314
       13320
       13336
       13337
       13342
       13345
       13347
       13349
       13353
       13356
       13362
       13370
       13375
       13388
       13390
       13393
       13394
       13400
       13405
       13418
       13423
       13431
       13441
       13442
       13447
       13452
       13459
       13466
       13470
       13475
       13476
       13485
       13486
       13487
       13488
       13492
       13495
       13497
       13501
       13508
       13524
       13530
       13531
       13543
       13545
       13546
       13553
       13565
       13569
       13572
       13592
       13593
       13598
       13610
       13614
       13620
       13623
       13634
       13636
       13639
       13644
       13662
       13663
       13664
       13671
       13673
       13677
       13681
       13689
       13694
       13699
       13712
       13720
       13722
       13731
       13734
       13738
       13740
       13745
       13752
       13753
       13760
       13768
       13782
       13784
       13785
       13786
       13793
       13800
       13805
       13806
       13808
       13818
       13826
       13832
       13838
       13842
       13843
       13856
       13858
       13859
       13860
       13877
       13881
       13887
       13897
       13903
       13904
       13911
       13914
       13925
       13927
       13936
       13950
       13971
       13976
       13978
       13980
       13983
       13986
       13995
       13997
       13998
       14011
       14016
       14021
       14024
       14033
       14040
       14047
       14050
       14053
       14056
       14065
       14066
       14069
       14072
       14074
       14078
       14090
       14099
       14110
       14119
       14123
       14131
       14136
       14139
       14152
       14159
       14160
       14165
       14166
       14169
       14173
       14178
       14200
       14202
       14203
       14209
       14213
       14218
       14222
       14227
       14241
       14245
       14247
       14248
       14250
       14259
       14260
       14270
       14275
       14293
       14297
       14301
       14302
       14307
       14311
       14312
       14315
       14320
       14324
       14331
       14339
       14341
       14344
       14374
       14379
       14382
       14384
       14390
       14395
       14406
       14409
       14415
       14418
       14422
       14424
       14425
       14429
       14443
       14444
       14450
       14452
       14463
       14468
       14472
       14480
       14489
       14490
       14495
       14496
       14498
       14500
       14501
       14504
       14508
       14512
       14517
       14528
       14531
       14533
       14554
       14564
       14567
       14584
       14586
       14592
       14593
       14595
       14598
       14603
       14604
       14606
       14609
       14610
       14623
       14624
       14628
       14629
       14631
       14632
       14640
       14641
       14643
       14646
       14648
       14649
       14654
       14666
       14667
       14674
       14676
       14683
       14685
       14686
       14691
       14704
       14706
       14707
       14709
       14712
       14716
       14717
       14721
       14724
       14729
       14730
       14752
       14756
       14763
       14765
       14769
       14772
       14784
       14787
       14790
       14793
       14794
       14795
       14796
       14804
       14805
       14808
       14819
       14820
       14823
       14830
       14834
       14835
       14845
       14851
       14859
       14860
       14865
       14869
       14876
       14877
       14880
       14889
       14892
       14901
       14905
       14907
       14908
       14912
       14915
       14924
       14925
       14926
       14931
       14932
       14933
       14944
       14960
       14961
       14963
       14964
       14969
       14970
       14973
       14976
       14981
       14986
       14988
       14989
       14995
       15012
       15020
       15022
       15025
       15033
       15034
       15041
       15059
       15067
       15080
       15085
       15090
       15094
       15099
       15100
       15103
       15117
       15121
       15123
       15125
       15127
       15131
       15132
       15145
       15147
       15154
       15163
       15169
       15171
       15172
       15173
       15178
       15182
       15183
       15185
       15186
       15187
       15188
       15190
       15191
       15194
       15206
       15219
       15230
       15232
       15240
       15244
       15246
       15248
       15251
       15252
       15256
       15257
       15261
       15266
       15272
       15284
       15289
       15290
       15292
       15299
       15300
       15301
       15306
       15317
       15319
       15329
       15330
       15333
       15341
       15349
       15350
       15351
       15353
       15359
       15368
       15369
       15382
       15384
       15385
       15387
       15389
       15391
       15394
       15395
       15400
       15406
       15413
       15415
       15421
       15429
       15433
       15434
       15435
       15446
       15447
       15448
       15454
       15457
       15458
       15465
       15468
       15475
       15477
       15478
       15482
       15484
       15489
       15490
       15492
       15507
       15510
       15514
       15519
       15520
       15525
       15533
       15543
       15546
       15550
       15559
       15560
       15581
       15583
       15584
       15590
       15594
       15595
       15596
       15603
       15605
       15613
       15615
       15623
       15634
       15643
       15644
       15647
       15648
       15649
       15653
       15656
       15661
       15662
       15667
       15677
       15698
       15702
       15705
       15713
       15729
       15732
       15733
       15737
       15738
       15739
       15750
       15752
       15759
       15766
       15771
       15778
       15796
       15800
       15802
       15803
       15805
       15811
       15816
       15817
       15822
       15825
       15828
       15831
       15836
       15843
       15845
       15863
       15865
       15868
       15872
       15877
       15878
       15879
       15893
       15901
       15910
       15913
       15920
       15923
       15924
       15925
       15934
       15941
       15943
       15944
       15946
       15957
       15959
       15963
       15965
       15969
       15979
       15984
       15986
       15988
       15992
       15994
       15996
       15997
       16001
       16002
       16004
       16006
       16014
       16018
       16021
       16023
       16027
       16030
       16040
       16046
       16047
       16051
       16052
       16055
       16056
       16058
       16070
       16078
       16082
       16087
       16090
       16092
       16094
       16098
       16100
       16103
       16108
       16109
       16110
       16115
       16118
       16119
       16120
       16123
       16124
       16134
       16143
       16145
       16159
       16163
       16171
       16179
       16182
       16183
       16185
       16190
       16191
       16196
       16199
       16206
       16211
       16212
       16213
       16218
       16220
       16234
       16235
       16237
       16239
       16244
       16246
       16247
       16249
       16259
       16260
       16261
       16262
       16272
       16287
       16291
       16292
       16305
       16307
       16308
       16313
       16319
       16320
       16321
       16324
       16326
       16327
       16329
       16330
       16335
       16336
       16339
       16347
       16355
       16360
       16363
       16365
       16369
       16370
       16375
       16378
       16382
       16383
       16390
       16392
       16394
       16395
       16398
       16402
       16412
       16413
       16422
       16423
       16424
       16426
       16430
       16431
       16432
      -16433
       16434
       16435
       16447
       16450
       16455
       16456
       16460
       16463
       16465
       16467
       16471
       16478
       16480
       16483
       16484
       16485
       16487
       16490
       16492
       16493
       16494
       16495
       16497
       16499
       16503
       16504
       16505
       16512
       16515
      -16517
       16525
       16527
       16528
       16531
       16535
       16538
       16540
       16541
       16542
       16543
       16546
       16549
       16550
       16552
       16561
       16563
       16564
       16567
       16568
       16570
       16573
       16574
       16577
       16585
       16588
       16592
       16594
       16595
       16597
       16601
       16602
       16603
       16606
       16608
       16610
      -16619
       16621
       16622
       16624
       16628
       16649
       16651
       16653
       16654
       16655
       16656
       16661
       16662
       16667
       16668
       16669
       16674
       16675
       16676
       16680
       16684
       16687
       16692
       16693
      -16694
       16695
       16696
       16697
       16701
       16702
       16705
       16707
       16709
       16710
       16714
       16716
       16720
       16726
       16729
       16732
       16733
       16736
       16740
       16743
       16744
       16748
       16755
      -16756
       16758
       16760
       16762
       16766
       16770
       16771
       16773
       16774
       16775
       16776
       16778
       16780
       16781
       16782
       16788
       16796
       16800
       16803
       16804
       16806
       16807
       16808
       16813
       16814
       16818
       16821
       16824
       16829
       16831
       16838
       16840
       16843
       16844
       16849
       16850
       16854
       16855
       16856
       16863
      -16864
       16868
       16878
       16880
       16881
       16884
       16891
       16897
       16898
       16905
       16906
       16907
       16914
       16915
       16918
       16919
       16920
       16921
       16928
       16940
       16941
       16942
       16945
       16951
       16956
      -16959
       16961
       16970
       16971
       16980
       16984
       16990
       16992
       16993
       16994
       16997
       16998
       17000
       17007
       17011
       17015
       17021
       17023
       17024
       17033
      -17034
       17041
       17047
       17048
       17054
       17061
       17067
       17068
       17073
       17078
       17081
       17084
       17086
       17088
       17089
       17096
       17111
       17114
       17115
       17118
      -17133
       17136
       17137
       17140
       17142
       17150
       17152
       17154
       17167
       17168
       17173
       17179
       17185
       17193
       17194
       17208
       17217
       17221
       17226
       17230
       17233
       17235
       17237
       17239
       17241
       17242
       17247
       17255
       17257
       17259
      -17263
       17276
       17283
       17287
       17290
       17296
       17306
       17309
       17315
       17318
       17325
       17334
       17345
       17348
       17349
       17354
       17364
       17373
       17377
       17379
      -17389
       17395
      -17402
       17406
       17429
       17432
       17433
       17436
       17438
       17451
       17453
       17454
       17464
       17465
       17479
       17481
       17487
       17517
       17520
       17524
       17528
       17532
       17533
       17537
      -17540
       17542
       17543
       17556
       17559
       17569
       17571
       17600
       17602
       17604
       17605
       17607
       17612
       17618
       17628
       17629
       17630
       17681
       17702
       17706
       17712
       17715
       17717
      -17721
       17730
       17737
       17745
       17748
       17753
       17772
       17779
       17783
       17790
       17802
       17805
       17806
      -17811
       17829
       17854
       17855
       17858
       17873
       17876
       17880
       17882
       17893
       17901
       17910
       17918
       17933
       17934
      -17943
       17971
       17991
       18000
       18004
       18005
       18007
       18016
       18017
       18026
      -18032
       18035
       18051
       18055
       18064
       18066
       18072
       18074
       18077
       18088
       18094
      -18105
       18108
       18113
       18119
       18128
       18130
       18153
       18157
       18166
       18167
       18181
       18182
       18208
       18212
      -18213
       18220
       18238
       18247
       18249
       18261
       18297
       18298
       18301
      -18305
       18323
       18327
       18331
       18334
       18342
       18347
       18348
       18355
       18370
       18376
       18382
       18395
       18396
       18400
      -18403
       18425
       18433
       18448
      -18466
       18474
       18478
       18483
       18497
       18504
       18520
       18521
       18525
       18540
      -18550
       18562
       18572
       18573
       18575
       18584
       18603
       18608
       18609
       18612
       18623
       18639
       18640
       18643
       18647
       18656
       18659
       18678
       18694
       18705
       18722
       18726
       18728
       18750
       18751
       18762
       18765
       18768
       18769
       18770
       18790
       18798
       18804
       18813
       18825
       18845
       18856
       18860
       18877
       18887
       18892
       18916
       18930
       18934
       18936
       18944
       18947
       18967
       18977
       18980
       18991
       18998
       19010
       19035
      -19045
       19049
       19052
       19054
       19055
       19056
       19063
       19071
       19073
       19076
       19079
       19088
       19096
       19098
      -19110
       19130
       19134
       19151
       19155
       19161
       19163
       19164
       19167
       19172
       19204
       19220
       19222
       19225
       19231
       19234
       19245
       19259
       19270
       19277
       19281
       19302
       19312
       19322
       19323
      -19335
       19339
       19355
       19356
       19357
       19358
       19360
       19368
       19375
       19390
       19407
       19418
       19419
       19428
       19444
       19450
       19453
       19454
       19460
       19479
       19483
       19489
       19499
       19500
      -19511
       19530
       19539
       19540
       19541
       19544
       19554
       19563
       19572
       19573
       19595
       19599
       19600
       19604
       19615
       19641
      -19660
       19671
       19672
       19683
       19687
       19700
       19715
       19721
       19735
       19755
       19760
       19776
       19803
       19804
       19814
       19824
       19826
       19828
       19830
       19850
       19860
       19866
       19868
       19871
       19875
       19879
       19887
       19900
       19917
       19942
       19946
       19964
      -19989
       20022
       20026
       20036
       20041
       20044
       20055
       20057
       20070
       20085
       20119
       20132
       20162
       20169
       20183
       20191
       20207
       20218
       20229
       20230
       20233
       20285
       20286
       20288
       20297
       20304
       20355
       20367
       20375
       20379
       20383
       20389
       20409
       20418
      -20426
       20456
       20474
       20484
       20503
       20538
       20543
       20549
       20551
       20582
       20591
       20592
       20596
       20601
       20613
       20655
       20656
       20679
      -20683
       20699
       20750
       20753
       20798
       20802
       20810
       20831
       20856
      -20859
       20871
       20888
       20892
       20929
       20946
      -20980
       20995
       21016
       21050
       21073
       21079
       21097
       21103
       21105
       21128
       21142
       21148
       21151
       21177
       21180
       21223
       21227
       21239
       21246
       21267
       21276
      -21284
       21289
       21296
       21298
       21317
       21345
       21359
       21378
       21380
       21382
       21383
       21389
       21426
       21434
       21443
      -21451
       21473
       21477
       21490
       21509
       21519
       21529
       21531
       21546
       21549
       21550
       21555
       21558
       21571
       21579
       21596
       21609
       21615
       21616
       21618
       21620
       21644
      -21653
       21654
       21669
       21674
       21676
       21699
       21706
       21717
      -21718
       21719
       21724
       21726
       21734
       21738
       21743
       21750
       21752
       21763
       21773
       21783
      -21786
       21797
       21801
       21812
       21815
      -21817
       21824
       21851
       21875
       21876
       21889
       21890
      -21901
       21905
       21908
       21910
       21923
       21927
       21934
       21939
       21949
       21951
       21966
       21967
       21974
       21982
       21985
       21997
       22000
       22011
       22012
       22016
       22049
       22050
       22054
       22058
       22080
       22090
       22092
       22105
       22106
       22108
       22110
       22112
       22122
       22159
       22167
       22189
       22196
       22208
       22209
       22217
       22219
       22226
       22227
       22232
       22233
       22265
       22280
       22282
       22315
       22316
       22335
       22336
       22346
       22348
       22351
       22352
       22363
       22369
       22381
       22384
       22385
       22389
      -22405
       22411
       22415
       22418
       22422
       22432
       22456
       22459
       22461
      -22462
      -22470
       22485
       22488
       22492
       22498
       22505
       22521
       22528
       22539
       22540
       22542
       22545
       22557
       22578
      -22585
       22586
      -22590
       22624
       22634
       22639
       22654
      -22673
       22682
      -22699
       22700
       22702
       22716
       22733
       22751
       22775
       22781
       22788
      -22824
       22833
       22837
       22877
       22884
       22890
       22942
       22944
       22956
       22982
       22988
      -22989
       23004
       23008
       23053
       23069
       23103
       23111
       23112
       23118
       23131
       23137
       23144
      -23231
      -23256
       23296
       23339
       23340
       23465
       23492
       23505
       23573
       23593
       23600
       23647
      -23659
      -23687
       23764
       23773
       23784
       23793
       23801
       23804
       23805
       23835
       23872
       23934
       23973
       24021
       24043
      -24070
       24147
       24154
       24272
       24285
       24286
      -24305
       24306
       24325
       24364
       24378
       24397
       24400
       24403
       24428
      -24476
       24611
      -24643
       24704
       24705
       24712
       24784
       24785
       24813
       24871
       24875
       24896
       24897
      -24901
       24946
       24947
       25011
       25069
       25170
       25270
       25383
       25435
       25462
       25463
       25511
      -25529
       25546
       25575
       25597
       25622
       25653
       25690
       25873
       25943
       26112
       26113
      -26151
       26242
       26252
       26309
       26314
       26338
       26381
       26384
       26400
       26411
       26515
      -26544
       26574
       26671
       26759
       26976
       26978
       27101
       27111
       27125
       27134
       27143
       27148
       27170
       27202
      -27256
       27280
      -27350
       27358
       27611
       27613
       27730
       27733
       27802
       27805
       27836
       27838
       27840
       27856
       27885
       27929
       27937
      -27944
       28121
       28233
       28238
       28327
       28334
       28392
       28399
       28429
       28452
       28471
      -28501
       28507
       28519
       28543
       28805
       28807
       28912
       28927
       29018
       29041
       29114
       29155
       29187
      -29213
       29229
       29237
       29238
       29270
       29507
       29590
       29600
       29691
       29718
       29804
       29854
       29925
      -29941
       29973
       29988
       29999
       30001
       30012
       30234
       30241
       30302
       30315
       30390
       30435
       30531
       30593
      -30626
       30645
       30651
       30680
       30692
       30695
       30820
       30848
       30858
       30906
       30941
       31010
       31080
      -31189
       31212
       31258
       31261
       31287
       31288
       31311
       31399
       31403
       31437
       31459
       31506
       31557
       31674
       31800
      -31807
       31811
       31880
       31882
       31890
       31931
       31946
       31953
       31967
       31991
       32027
       32091
       32205
      -32370
      -32378
       32487
       32504
       32563
       32568
       32594
       32597
       32613
       32617
       32627
       32644
       32738
       32795
       32956
      -33145
      -33232
       33431
       33473
       33511
       33545
       33564
       33575
       33626
       33627
       33642
       33674
       33713
       33723
       33807
       33843
      -34219
       34237
       34371
       34433
       34534
       34548
       34571
       34572
       34589
       34610
       34626
       34645
       34646
       34774
       35005
       35221
       35285
       35466
       35728
      -35795
       35867
       36018
       36030
       36139
       36198
       36232
       36257
       36297
       36312
       36324
       36348
       36479
       36557
       36572
       36878
       36891
       36905
       37033
       37037
       37111
       37426
       37747
       37986
       38049
       38088
      -38126
       38304
       38345
       38369
       38408
       38494
       38558
       38636
       38787
       38910
       39175
       39256
       39367
       39415
       39524
       39578
       39620
       39637
       39643
       39659
       39668
       39684
       39700
       39704
       39736
       39756
       39763
      -39765
       39767
      -39769
       39798
       39801
       39803
       39806
       39812
       39817
       39831
       39839
       39844
       39846
       39878
       39879
       39883
       39889
       39891
       39893
       39903
       39909
       39913
       39937
       39943
       39944
       39956
       39969
       39982
       39983
       40009
       40014
      -40021
       40024
      -40025
       40035
       40039
       40047
       40053
       40060
       40066
       40069
       40074
       40096
       40101
       40104
       40105
       40106
       40158
       40181
       40186
       40198
       40215
       40216
       40224
       40235
       40241
       40247
       40257
       40260
       40262
       40268
       40280
       40292
       40302
       40307
      -40311
       40312
       40335
       40344
       40355
       40368
       40369
       40380
       40381
       40392
       40400
       40416
       40448
       40450
       40452
       40466
       40468
       40471
       40474
       40475
       40483
       40490
       40493
       40494
       40541
       40545
       40568
       40569
       40572
       40573
       40578
       40595
       40611
       40616
       40625
       40632
       40639
       40642
      -40644
       40647
       40655
       40657
       40681
       40682
       40685
       40697
       40699
       40706
       40708
       40717
       40734
       40741
       40746
       40759
       40786
       40790
       40792
       40795
       40796
       40804
       40814
       40828
       40835
       40837
       40839
       40842
       40856
       40859
       40864
       40865
       40866
       40872
       40880
       40882
       40883
       40898
       40900
       40906
       40909
       40910
       40913
       40918
       40925
       40933
       40944
       40952
       40953
       40962
       40970
       40971
       40973
       40974
       40977
       40989
       40994
       40995
       40997
       41005
       41006
       41008
       41012
       41014
       41020
       41022
       41036
       41042
       41043
       41046
       41051
       41053
       41058
       41059
       41061
       41067
       41074
       41076
       41080
       41086
       41087
       41088
       41090
       41091
       41092
       41097
       41100
       41102
       41115
       41116
       41118
       41121
       41126
       41129
      -41130
       41139
       41140
       41144
       41148
       41153
       41159
       41160
       41163
       41170
       41174
       41176
       41179
       41181
       41182
       41196
       41203
       41209
       41212
       41219
       41237
       41244
       41247
       41253
       41256
       41277
       41280
       41285
       41290
       41292
       41297
       41300
       41301
       41302
       41312
       41314
       41316
       41317
       41352
       41362
       41363
       41366
       41370
       41385
       41394
       41403
       41417
       41421
       41426
       41432
       41434
       41436
       41446
       41450
       41475
       41477
       41480
       41489
       41492
       41494
       41498
       41519
       41530
       41531
       41544
       41546
       41559
       41560
      -41575
       41576
       41580
       41582
       41590
       41597
       41599
       41606
       41616
       41625
       41638
       41641
       41679
       41686
       41692
       41717
       41739
       41753
       41769
       41786
       41787
       41789
       41792
       41796
       41803
       41824
       41833
       41857
       41858
       41861
       41873
       41885
       41894
       41904
       41910
       41919
       41931
       41934
       41937
       41943
      -41949
       42001
       42005
       42006
       42017
       42019
       42020
       42035
       42043
       42073
       42095
       42103
       42104
       42128
       42136
       42147
       42174
       42194
       42203
       42204
       42208
       42249
       42266
       42268
       42301
       42310
       42315
      -42340
       42367
       42369
       42373
       42389
       42405
       42420
       42459
       42470
       42477
       42520
       42545
       42578
       42588
       42602
       42618
       42621
       42634
       42654
       42655
       42665
       42671
       42685
       42686
       42690
       42728
       42731
      -42742
       42775
       42791
       42801
       42811
       42813
       42823
       42852
       42858
       42864
       42883
       42897
       42929
       42941
       42943
       42988
       43021
       43078
       43079
       43137
       43143
       43156
       43177
       43205
       43209
       43239
       43248
       43321
       43343
       43384
       43421
       43422
       43561
       43612
       43660
       43679
       43701
       43736
       43746
       43814
       43821
       43831
       43855
       43859
       43913
       43921
       43934
       44007
       44036
       44062
       44127
       44164
       44277
       44282
       44301
       44308
       44336
       44385
       44390
       44411
       44440
       44448
       44462
       44468
       44472
       44600
       44612
       44639
       44661
       44662
       44675
       44680
       44683
       44710
       44711
       44713
       44717
       44726
       44738
       44806
       44870
       44876
       44883
       44887
       44891
       44906
       44909
       44911
      -44912
       44913
       44938
       44939
       44942
       44950
       44989
       45024
       45040
       45057
      -45106
       45138
       45140
       45145
       45147
       45150
       45162
       45190
       45197
       45199
       45209
       45216
       45260
       45302
       45328
      -45348
       45362
       45363
       45383
       45394
       45400
       45403
       45413
       45421
       45424
       45426
       45427
       45456
       45520
       45614
       45660
      -45668
       45693
       45723
       45753
       45770
       45772
       45773
       45779
       45802
       45806
       45823
       45986
       46003
       46074
      -46076
       46101
       46103
       46153
       46185
       46188
       46193
       46205
       46226
       46239
       46244
       46316
      -46321
       46417
       46457
       46458
       46486
       46487
       46509
       46511
       46526
       46530
      -46579
       46593
       46615
       46633
       46638
       46683
       46713
       46714
       46761
       46786
       46790
       46804
      -46810
       46872
       46888
       46907
       46913
       46934
       46935
       46939
       47000
       47008
       47034
       47057
      -47066
       47068
       47088
       47100
       47129
       47143
      -47153
       47189
       47220
       47230
       47262
       47268
       47272
       47287
       47297
      -47311
      -47314
       47324
      -47341
       47361
       47395
       47436
      -47438
       47453
       47461
      -47477
       47479
       47508
       47526
      -47583
       47603
       47610
       47658
       47666
       47701
       47736
       47769
      -47771
       47773
      -47778
       47796
      -47805
       47811
       47843
       47850
      -47904
       47913
       47929
      -48022
       48023
       48039
      -48040
       48047
       48050
      -48090
       48101
      -48103
      -48119
      -48127
       48137
      -48172
      -48179
      -48216
      -48222
      -48246
      -48260
      -48273
      -48274
      -48285
      -48295
      -48302
      -48323
      -48347
      -48364
      -48375
      -48378
      -48379
      -48400
      -48425
      -48467
      -48468
      -58232
      -58236
      -58237
      -58238
      -58239
NNODG          31435        1437        1419
      -14364
      -14365
      -14366
      -14741
      -14742
       14743
       14744
       14745
       14746
      -14747
       14748
      -15149
      -15150
       15151
       15152
       15153
       15154
       15155
       15156
       15157
       15158
       15159
       15160
      -15161
       15162
       15163
       15164
      -15543
       15574
       15575
       15576
       15577
       15578
       15579
       15580
       15581
       15582
       15583
       15584
       15585
       15586
       15587
       15588
       15589
       15590
       15591
       15592
      -15593
      -15597
      -15598
      -15599
      -15935
      -15936
      -15937
      -15938
      -15939
       15940
      -15941
       15966
       15967
       15968
       15969
       15970
       15971
       15972
       15973
       15974
       15975
       15976
       15977
       15978
       15979
       15980
       15981
       15982
       15983
       15984
       15985
       15986
       15987
       15988
       15989
       15990
       15991
      -15992
       15993
      -15994
      -16030
      -16031
      -16032
      -16033
      -16034
       16301
       16302
       16303
       16304
       16305
       16306
       16307
       16308
       16309
      -16310
      -16311
       16326
       16327
       16328
       16329
       16330
       16331
       16332
       16333
       16334
       16335
       16336
       16337
       16338
       16339
       16340
       16341
       16342
       16343
       16344
       16345
       16346
      -16347
      -16348
      -16369
      -16370
      -16371
      -16372
       16373
       16374
       16375
       16376
       16377
       16378
      -16379
       16617
       16618
       16619
       16620
       16621
       16622
       16623
       16624
       16625
       16626
       16627
       16628
      -16629
      -16632
       16633
       16634
       16635
       16636
       16637
       16638
       16639
       16640
       16641
       16642
       16643
       16644
       16645
       16646
       16647
       16648
       16649
       16650
       16651
       16652
       16653
       16654
       16655
      -16656
       16662
       16663
       16664
       16665
       16666
       16667
       16668
       16669
       16670
       16671
       16672
      -16673
       16877
       16878
       16879
       16880
       16881
       16882
       16883
       16884
       16885
       16886
       16887
       16888
       16889
       16890
       16891
      -16892
       16893
       16894
       16895
       16896
       16897
       16898
       16899
       16900
       16901
       16902
       16903
       16904
       16905
       16906
       16907
       16908
       16909
       16910
       16911
       16912
       16913
       16914
       16915
       16916
       16917
       16918
       16919
       16920
       16921
       16922
       16923
       16924
       16925
       16926
       16927
       16928
       16929
       16930
       16931
      -16932
       17114
       17115
       17116
       17117
       17118
       17119
       17120
       17121
       17122
       17123
       17124
       17125
       17126
       17127
       17128
       17129
       17130
       17131
       17132
       17133
       17134
       17135
       17136
       17137
       17138
       17139
       17140
       17141
       17142
       17143
       17144
       17145
       17146
       17147
       17148
       17149
       17150
       17151
       17152
       17153
       17154
       17155
       17156
       17157
       17158
       17159
       17160
       17161
      -17162
      -17276
      -17279
      -17283
      -17284
      -17285
      -17286
      -17289
       17325
       17326
       17327
       17328
       17329
       17330
       17331
       17332
       17333
       17334
       17335
       17336
       17337
       17338
       17339
       17340
       17341
       17342
       17343
       17344
       17345
       17346
       17347
       17348
       17349
       17350
       17351
       17352
       17353
       17354
       17355
       17356
       17357
       17358
       17359
       17360
       17361
       17362
       17363
       17364
       17365
       17366
       17367
      -17368
      -17488
       17489
      -17492
       17493
      -17495
      -17496
      -17497
       17498
       17499
       17500
       17501
       17502
       17504
       17525
       17526
       17527
       17528
       17529
       17530
       17531
       17532
       17533
       17534
       17535
       17536
       17537
       17538
       17539
       17540
       17541
       17542
       17543
       17544
       17545
       17546
       17547
       17548
       17549
       17550
       17551
       17552
       17553
       17554
       17555
       17556
       17557
       17558
       17559
       17560
       17561
       17562
       17563
       17564
       17565
       17566
       17567
       17568
       17569
      -17570
      -17704
      -17705
       17706
       17707
      -17708
       17709
       17710
       17711
       17712
       17713
       17714
       17715
       17716
       17717
       17718
       17724
       17725
       17726
       17727
       17728
       17729
       17730
       17731
       17732
       17733
       17734
       17735
       17736
       17737
       17738
       17739
       17740
       17741
       17742
       17743
       17744
       17745
       17746
       17747
       17748
       17749
       17750
       17751
       17752
       17753
       17754
       17755
       17756
       17757
       17758
       17759
       17760
       17761
       17762
       17763
       17764
       17765
       17766
       17767
       17768
       17769
       17770
       17771
       17772
       17773
      -17774
       17912
       17913
       17914
       17915
       17916
       17917
       17918
       17919
       17920
       17921
       17922
       17923
       17924
       17925
       17926
       17927
       17928
       17929
       17930
       17931
       17932
       17933
       17934
       17935
       17936
       17937
       17938
       17939
       17940
       17941
       17942
       17943
       17944
       17945
       17946
       17947
       17948
       17949
       17950
       17951
       17952
       17953
       17954
       17955
       17956
       17957
       17958
       17959
       17960
       17961
       17962
       17963
       17964
       17965
       17966
       17967
       17968
       17969
       17970
       17971
       17972
       17973
       17974
       17975
      -17976
       18113
       18114
       18115
       18116
       18117
       18118
       18119
       18120
       18121
       18122
       18123
       18124
       18125
       18126
       18127
       18128
       18129
       18130
       18131
       18132
       18133
       18134
       18135
       18136
       18137
       18138
       18139
       18140
       18141
       18142
       18143
       18144
       18145
       18146
       18147
       18148
       18149
       18150
       18151
       18152
       18153
       18154
       18155
       18156
       18157
       18158
       18159
       18160
       18161
       18162
       18163
       18164
       18165
       18166
       18167
       18168
       18169
       18170
       18171
       18172
       18173
       18174
       18175
       18176
       18177
       18178
       18179
       18180
       18181
       18182
       18183
       18184
      -18185
       18342
       18343
       18344
       18345
       18346
       18347
       18348
       18349
       18350
       18351
       18352
       18353
       18354
       18355
       18356
       18357
       18358
       18359
       18360
       18361
       18362
       18363
       18364
       18365
       18366
       18367
       18368
       18369
       18370
       18371
       18372
       18373
       18374
       18375
       18376
       18377
       18378
       18379
       18380
       18381
       18382
       18383
       18384
       18385
       18386
       18387
       18388
       18389
       18390
       18391
       18392
       18393
       18394
       18395
       18396
       18397
       18398
       18399
       18400
       18401
       18402
       18403
       18404
       18405
       18406
       18407
       18408
       18409
       18410
       18411
       18412
       18413
      -18414
       18588
       18589
       18590
       18591
       18592
       18593
       18594
       18595
       18596
       18597
       18598
       18599
       18600
       18601
       18602
       18603
       18604
       18605
       18606
       18607
       18608
       18609
       18610
       18611
       18612
       18613
       18614
       18615
       18616
       18617
       18618
       18619
       18620
       18621
       18622
       18623
       18624
       18625
       18626
       18627
       18628
       18629
       18630
       18631
       18632
       18633
       18634
       18635
       18636
       18637
       18638
       18639
       18640
       18641
       18642
       18643
       18644
       18645
       18646
       18647
       18648
       18649
       18650
       18651
       18652
       18653
       18654
       18655
       18656
       18657
       18658
       18659
       18660
       18661
       18662
       18663
       18664
       18665
       18666
       18667
       18668
       18669
       18670
       18671
       18672
       18673
       18674
       18675
      -18676
       18869
       18870
       18871
       18872
       18873
       18874
       18875
       18876
       18877
       18878
       18879
       18880
       18881
       18882
       18883
       18884
       18885
       18886
       18887
       18888
       18889
       18890
       18891
       18892
       18893
       18894
       18895
       18896
       18897
       18898
       18899
       18900
       18901
       18902
       18903
       18904
       18905
       18906
       18907
       18908
       18909
       18910
       18911
       18912
       18913
       18914
       18915
       18916
       18917
       18918
       18919
       18920
       18921
       18922
       18923
      -18924
      -18925
      -18926
      -18927
      -18928
      -18929
       18930
       18931
       18932
       18933
       18934
       18935
       18936
       18937
       18938
       18939
       18940
       18941
       18942
       18943
       18944
       18945
       18946
       18947
       18948
       18949
       18950
       18951
       18952
       18953
       18954
       18955
       18956
       18957
       18958
       18959
       18960
       18961
       18962
       18963
       18964
       18965
       18966
       18967
       18968
       18969
       18970
       18971
      -18973
       19182
       19183
       19184
       19185
       19186
       19187
       19188
       19189
       19190
       19191
       19192
       19193
       19194
       19195
       19196
       19197
       19198
       19199
       19200
       19201
       19202
       19203
       19204
       19205
       19206
       19207
       19208
       19209
       19210
       19211
       19212
       19213
       19214
       19215
       19216
       19217
       19218
       19219
       19220
       19221
       19222
       19223
       19224
       19225
       19226
       19227
       19228
       19229
       19230
       19231
       19232
       19233
       19234
       19235
       19236
       19237
       19238
       19239
      -19240
      -19247
      -19248
      -19249
       19250
       19251
       19252
       19253
       19254
       19255
       19256
       19257
       19258
       19259
       19260
       19261
       19262
       19263
       19264
       19265
       19266
       19267
       19268
       19269
       19270
       19271
       19272
       19273
       19274
       19275
       19276
       19277
       19278
       19279
       19280
       19281
       19282
       19283
       19284
       19285
       19286
       19287
       19288
       19289
       19290
       19291
       19292
       19293
      -19296
       19520
       19521
       19522
       19523
       19524
       19525
       19526
       19527
       19528
       19529
       19530
       19531
       19532
       19533
       19534
       19535
       19536
       19537
       19538
       19539
       19540
       19541
       19542
       19543
       19544
       19545
       19546
       19547
       19548
       19549
       19550
       19551
       19552
       19553
       19554
       19555
       19556
       19557
       19558
       19559
       19560
       19561
       19562
       19563
       19564
       19565
       19566
       19567
       19568
       19569
       19570
       19571
       19572
       19573
       19574
       19575
       19576
       19577
       19578
       19579
       19580
      -19581
      -19594
       19595
       19596
       19597
       19598
       19599
       19600
       19601
       19602
       19603
       19604
       19605
       19606
       19607
       19608
       19609
       19610
       19611
       19612
       19613
       19614
       19615
       19616
       19617
       19618
       19619
       19620
       19621
       19622
       19623
       19624
       19625
       19626
       19627
       19628
       19629
       19630
       19631
       19632
       19633
       19634
       19635
       19636
       19637
       19638
       19639
       19640
       19641
       19642
      -19643
       19898
       19899
       19900
       19901
       19902
       19903
       19904
       19905
       19906
       19907
       19908
       19909
       19910
       19911
       19912
       19913
       19914
       19915
       19916
       19917
       19918
       19919
       19920
       19921
       19922
       19923
       19924
       19925
       19926
       19927
       19928
       19929
       19930
       19931
       19932
       19933
       19934
       19935
       19936
       19937
       19938
       19939
       19940
       19941
       19942
       19943
       19944
       19945
       19946
       19947
       19948
       19949
      -19950
       19966
       19967
       19968
       19969
       19970
       19971
       19972
       19973
       19974
       19975
       19976
       19977
       19978
       19979
       19980
       19981
       19982
       19983
       19984
       19985
       19986
       19987
       19988
       19989
       19990
       19991
       19992
       19993
       19994
       19995
       19996
       19997
       19998
       19999
       20000
       20001
      -20002
      -20003
      -20004
       20293
       20294
       20295
       20296
       20297
       20298
       20299
       20300
       20301
       20302
       20303
       20304
       20305
       20306
       20307
       20308
       20309
       20310
       20311
       20312
       20313
       20314
       20315
       20316
       20317
       20318
       20319
       20320
       20321
       20322
       20323
       20324
       20325
       20326
       20327
       20328
       20329
       20330
       20331
       20332
       20333
      -20334
       20353
       20354
       20355
       20356
       20357
       20358
       20359
       20360
       20361
       20362
       20363
       20364
       20365
       20366
       20367
       20368
       20369
       20370
       20371
       20372
       20373
       20374
       20375
       20376
       20377
       20378
      -20379
       20380
      -20381
       20711
       20712
       20713
       20714
       20715
       20716
       20717
       20718
       20719
       20720
       20721
       20722
       20723
       20724
       20725
       20726
       20727
       20728
       20729
       20730
       20731
       20732
       20733
       20734
       20735
       20736
       20737
       20738
       20739
       20740
      -20741
       20763
       20764
       20765
       20766
       20767
       20768
       20769
       20770
       20771
       20772
       20773
       20774
       20775
       20776
       20777
       20778
      -20779
      -20781
      -20782
       21112
       21113
       21114
       21115
       21116
       21117
       21118
       21119
       21120
       21121
       21122
       21123
       21124
       21125
       21126
       21127
       21128
       21129
       21130
       21131
       21132
       21133
      -21134
       21159
       21160
       21161
       21162
       21163
       21164
       21165
       21166
       21167
       21168
       21169
       21170
       21171
       21172
      -21173
      -21174
      -21518
       21519
       21520
       21521
       21522
       21523
       21524
       21525
       21526
       21527
       21528
       21529
       21530
       21531
       21532
       21533
       21534
      -21535
       21561
       21562
       21563
       21564
       21565
       21566
       21567
       21568
       21569
       21570
       21571
      -21572
      -21573
       21936
       21937
       21938
       21939
       21940
       21941
       21942
       21943
       21944
       21945
       21946
       21972
       21973
       21974
       21975
       21976
       21977
       21978
       21979
      -21980
      -21981
       22345
       22346
       22347
       22348
       22349
       22350
       22351
       22352
       22372
       22373
       22374
       22375
       22376
      -22377
      -22378
      -22379
       22754
       22755
       22776
       22777
      -22778
       23188
      -23189
      -23613
NFLUXF             0
NETA             103          37          26
          43
          44
          45
          46
          47
          48
          49
          50
          51
          52
          53
          54
          55
          56
          57
          58
          59
          60
          61
          62
          63
          64
          65
          66
          67
          68
NSTAE              0           0           0
NSTAV              0           0           0
NSTAM              0           0           0
NSTAC              0           0           0
RES NODE          19        1313
                   6           7           8           9          11          14
                  15          16          17          18          19          20
                  21          22          23          25          26          27
                  29          30          31          32          33          34
                  35          36          37          38          39          40
                  41          42          43          44          45          46
                  47          57          59          60          61          62
                  63          64          65          66          67          68
                  69          70          71          72          73          74
                  75          76          77          78          79          80
                  81          82          83          84          86          93
                  94          95          96          97          98          99
                 100         101         104         105         106         107
                 108         109         110         111         112         113
                 114         115         116         117         118         119
                 120         121         122         123         124         131
                 132         133         134         135         136         138
                 139         140         141         142         143         144
                 145         146         147         148         149         152
                 153         154         155         156         157         158
                 159         160         161         162         163         164
                 165         166         167         168         169         170
                 171         172         173         174         176         177
                 178         179         180         181         182         183
                 184         185         186         188         189         190
                 191         192         193         194         195         196
                 197         198         199         200         201         202
                 204         205         206         207         208         209
                 210         211         212         213         214         215
                 216         217         218         219         220         221
                 222         223         224         225         226         227
                 228         229         230         231         232         233
                 234         235         236         237         238         239
                 240         241         242         244         245         246
                 247         248         249         250         251         252
                 253         254         255         256         257         258
                 259         260         261         262         263         264
                 265         266         267         268         269         270
                 271         272         273         274         275         276
                 277         278         279         280         281         282
                 283         284         285         286         287         288
                 289         290         291         300         301         302
                 303         304         305         306         307         308
                 309         310         311         312         313         314
                 315         316         317         318         319         320
                 321         322         323         324         325         326
                 327         328         329         330         331         332
                 333         334         335         336         337         338
                 339         340         341         342         345         347
                 351         352         353         354         355         356
                 357         358         359         360         361         362
                 363         364         365         366         367         368
                 369         370         371         372         373         374
                 375         376         377         378         379         380
                 381         382         383         384         385         386
                 387         388         389         390         391         392
                 393         394         395         396         397         398
                 399         400         401         405         406         408
                 409         410         411         412         413         414
                 415         416         417         418         419         420
                 421         422         423         424         425         426
                 427         428         429         430         431         432
                 433         434         435         436         437         438
                 439         440         441         442         443         444
                 445         446         447         448         449         450
                 451         452         453         454         455         456
                 457         458         459         460         461         462
                 463         464         465         466         467         469
                 470         471         472         473         474         475
                 476         477         478         479         480         481
                 482         483         484         485         486         487
                 488         489         490         491         492         493
                 494         495         496         497         498         499
                 500         501         502         503         504         505
                 506         507         508         509         510         511
                 512         513         514         515         516         517
                 518         519         520         521         522         523
                 524         525         526         527         528         529
                 530         531         532         534         535         536
                 537         538         539         540         541         542
                 543         544         545         546         547         548
                 549         550         551         552         553         554
                 555         556         557         558         559         560
                 561         562         563         564         565         566
                 567         568         569         570         571         572
                 573         574         575         576         577         578
                 579         580         581         582         583         584
                 585         586         587         588         589         590
                 591         592         593         594         595         596
                 597         598         599         600         601         602
                 603         604         605         607         608         609
                 610         611         612         613         614         615
                 616         617         618         619         620         621
                 622         623         624         625         626         627
                 628         629         630         631         632         633
                 634         635         636         637         638         639
                 640         641         642         643         644         645
                 646         647         648         649         650         651
                 652         653         654         655         656         657
                 658         659         660         661         662         663
                 664         665         666         667         668         669
                 670         671         672         673         674         675
                 676         677         678         680         681         682
                 683         684         685         686         687         688
                 689         690         691         692         693         694
                 695         696         697         698         699         700
                 701         702         703         704         705         706
                 707         708         709         710         711         712
                 713         714         715         716         717         718
                 719         720         721         722         723         724
                 725         726         727         728         729         730
                 731         732         733         734         735         736
                 737         738         739         740         741         742
                 743         744         745         746         747         748
                 749         750         751         752         753         754
                 755         756         757         758         759         760
                 761         762         763         764         765         766
                 767         769         770         771         772         773
                 774         775         776         777         778         779
                 780         781         782         783         784         785
                 786         787         788         789         790         791
                 792         793         794         795         796         797
                 798         799         800         801         802         803
                 804         805         806         807         808         809
                 810         811         812         813         814         815
                 816         817         818         819         820         821
                 822         823         830         831         832         833
                 834         835         836         837         838         839
                 840         841         842         843         844         845
                 846         847         848         849         850         851
                 852         853         854         855         856         857
                 858         859         860         861         862         863
                 864         865         866         867         868         869
                 870         871         873         874         875         876
                 877         878         879         880         881         882
                 883         884         885         886         887         888
                 889         890         891         892         893         894
                 895         896         897         898         899         900
                 901         902         903         904         905         906
                 907         908         909         910         911         912
                 913         914         915         916         917         918
                 919         920         921         922         923         924
                 925         926         927         928         929         930
                 935         936         937         938         939         940
                 941         942         943         944         945         946
                 947         948         949         950         951         952
                 953         954         955         956         957         958
                 959         960         961         962         963         964
                 965         966         967         968         969         970
                 971         972         973         974         975         976
                 977         978         980         981         982         983
                 984         985         986         987         988         989
                 990         991         992         993         994         995
                 996         997         998         999        1000        1001
                1002        1003        1004        1005        1006        1007
                1008        1009        1010        1011        1012        1013
                1014        1015        1016        1017        1018        1019
                1020        1021        1022        1023        1024        1025
                1026        1027        1028        1029        1030        1031
                1032        1033        1034        1035        1036        1037
                1038        1039        1040        1043        1044        1045
                1046        1047        1048        1049        1050        1051
                1052        1053        1054        1055        1056        1057
                1058        1059        1060        1061        1062        1063
                1064        1065        1066        1067        1068        1069
                1070        1071        1072        1073        1074        1075
                1076        1077        1078        1079        1080        1081
                1082        1083        1084        1085        1086        1087
                1088        1089        1090        1092        1093        1094
                1095        1096        1097        1098        1099        1100
                1101        1102        1103        1104        1105        1106
                1107        1108        1109        1110        1111        1112
                1113        1114        1115        1116        1117        1118
                1119        1120        1121        1122        1123        1124
                1125        1126        1127        1128        1129        1130
                1131        1132        1133        1134        1135        1136
                1137        1138        1139        1140        1141        1142
                1143        1145        1146        1147        1148        1149
                1150        1151        1152        1153        1154        1155
                1156        1157        1158        1159        1160        1161
                1162        1163        1164        1165        1166        1167
                1168        1169        1170        1171        1172        1173
                1174        1175        1176        1177        1178        1179
                1180        1184        1185        1186        1187        1188
                1189        1190        1191        1192        1193        1194
                1195        1196        1197        1198        1199        1200
                1201        1202        1203        1204        1205        1206
                1207        1208        1209        1210        1211        1212
                1213        1214        1215        1216        1217        1218
                1219        1220        1221        1222        1223        1224
                1226        1227        1228        1229        1230        1231
                1232        1233        1234        1235        1236        1237
                1238        1239        1240        1241        1242        1243
                1244        1245        1246        1247        1248        1249
                1250        1251        1253        1255        1256        1257
                1258        1259        1260        1261        1262        1263
                1264        1265        1266        1267        1268        1269
                1270        1271        1272        1273        1274        1275
                1276        1277        1278        1279        1280        1281
                1282        1283        1284        1286        1287        1288
                1289        1290        1291        1292        1293        1294
                1295        1296        1297        1298        1299        1300
                1301        1305        1306        1307        1308        1309
                1310        1311        1312        1313        1314        1315
                1316        1317        1318        1319        1320        1321
                1322        1323        1324        1325        1326        1328
                1329        1330        1331        1332        1333        1334
                1335        1336        1337        1338        1339        1340
                1341        1345        1346        1347        1348        1349
                1350        1351        1352        1353        1354        1355
                1356        1357        1358        1359        1360        1362
                1363        1364        1365        1366        1367        1368
                1369        1370        1371        1372        1375        1376
                1377        1378        1379        1380        1381        1382
                1383        1384        1385        1386        1387        1388
                1389        1390        1391        1392        1393        1396
                1397        1398        1399        1400        1401        1402
                1403        1404        1405        1406        1407        1408
                1412        1413        1414        1415        1417
COMM PE            6
RECV PE            8          15
                 293         294         295         296         297         298
                 299         344         346         348         349         350
                 403         404         407
RECV PE           12          14
                 137         187         243         292         343         402
                 468         533         606         679         768         872
                 979        1091
RECV PE           13           7
                1181        1182        1183        1252        1254        1303
                1304
RECV PE           15          13
                1302        1342        1343        1373        1374        1394
                1395        1409        1410        1411        1416        1418
                1419
RECV PE           18          39
                   1           2           3           4           5          10
                  12          13          24          28          48          49
                  50          51          52          53          54          55
                  56          58          85          87          88          89
                  90          91          92         102         103         125
                 126         127         128         129         130         150
                 151         175         203
RECV PE           20          18
                 824         825         826         827         828         829
                 931         932         933         934        1041        1042
                1144        1225        1285        1327        1344        1361
SEND PE            8          15
                 345         347         351         352         353         354
                 355         356         405         408         410         411
                 412         469         470
SEND PE           12          14
                 136         186         242         291         342         401
                 467         532         605         678         767         871
                 978        1089
SEND PE           13           7
                1088        1089        1090        1179        1180        1253
                1301
SEND PE           15          12
                1251        1299        1300        1301        1341        1371
                1372        1392        1393        1408        1415        1417
SEND PE           18          43
                   6           7           8           9          11          14
                  15          25          29          44          57          79
                  80          82          83          84          86          93
                  94          95          96          97          98          99
                 101         124         131         132         133         134
                 135         136         148         173         174         176
                 177         178         179         201         204         230
                 257
SEND PE           20          19
                 728         729         730         731         732         733
                 823         830         831         832         930         935
                1040        1043        1143        1224        1284        1326
                1360
