eastcoast_95d_ll_select.grd nodal attributes                                    
        1399
           2
primitive_weighting_in_continuity_equation                                      
unitless                                                                        
           1
  0.500000000E-02
mannings_n_at_sea_floor                                                         
unitless                                                                        
           1
  0.250000000E-01
primitive_weighting_in_continuity_equation                                      
         910
      2823    0.20000000E-01
      2824    0.20000000E-01
      2825    0.20000000E-01
      3007    0.20000000E-01
      3008    0.20000000E-01
      3010    0.20000000E-01
      3011    0.20000000E-01
      3012    0.20000000E-01
      3013    0.20000000E-01
      3016    0.20000000E-01
      3017    0.20000000E-01
      3018    0.20000000E-01
      3019    0.20000000E-01
      3020    0.20000000E-01
      3021    0.20000000E-01
      3022    0.20000000E-01
      3023    0.20000000E-01
      3027    0.20000000E-01
      3195    0.20000000E-01
      3196    0.20000000E-01
      3197    0.20000000E-01
      3198    0.20000000E-01
      3199    0.20000000E-01
      3200    0.20000000E-01
      3201    0.20000000E-01
      3202    0.20000000E-01
      3203    0.20000000E-01
      3205    0.20000000E-01
      3206    0.20000000E-01
      3207    0.20000000E-01
      3208    0.20000000E-01
      3209    0.20000000E-01
      3210    0.20000000E-01
      3211    0.20000000E-01
      3212    0.20000000E-01
      3216    0.20000000E-01
      3238    0.20000000E-01
      3239    0.20000000E-01
      3372    0.20000000E-01
      3373    0.20000000E-01
      3374    0.20000000E-01
      3375    0.20000000E-01
      3376    0.20000000E-01
      3377    0.20000000E-01
      3378    0.20000000E-01
      3379    0.20000000E-01
      3380    0.20000000E-01
      3381    0.20000000E-01
      3382    0.20000000E-01
      3383    0.20000000E-01
      3384    0.20000000E-01
      3385    0.20000000E-01
      3386    0.20000000E-01
      3387    0.20000000E-01
      3388    0.20000000E-01
      3389    0.20000000E-01
      3390    0.20000000E-01
      3391    0.20000000E-01
      3392    0.20000000E-01
      3394    0.20000000E-01
      3395    0.20000000E-01
      3418    0.20000000E-01
      3421    0.20000000E-01
      3422    0.20000000E-01
      3558    0.20000000E-01
      3559    0.20000000E-01
      3560    0.20000000E-01
      3561    0.20000000E-01
      3562    0.20000000E-01
      3563    0.20000000E-01
      3564    0.20000000E-01
      3565    0.20000000E-01
      3566    0.20000000E-01
      3567    0.20000000E-01
      3568    0.20000000E-01
      3569    0.20000000E-01
      3570    0.20000000E-01
      3571    0.20000000E-01
      3572    0.20000000E-01
      3573    0.20000000E-01
      3574    0.20000000E-01
      3575    0.20000000E-01
      3576    0.20000000E-01
      3577    0.20000000E-01
      3578    0.20000000E-01
      3579    0.20000000E-01
      3580    0.20000000E-01
      3582    0.20000000E-01
      3600    0.20000000E-01
      3605    0.20000000E-01
      3606    0.20000000E-01
      3607    0.20000000E-01
      3608    0.20000000E-01
      3611    0.20000000E-01
      3620    0.20000000E-01
      3621    0.20000000E-01
      3755    0.20000000E-01
      3756    0.20000000E-01
      3757    0.20000000E-01
      3758    0.20000000E-01
      3759    0.20000000E-01
      3760    0.20000000E-01
      3761    0.20000000E-01
      3762    0.20000000E-01
      3763    0.20000000E-01
      3764    0.20000000E-01
      3765    0.20000000E-01
      3766    0.20000000E-01
      3767    0.20000000E-01
      3768    0.20000000E-01
      3769    0.20000000E-01
      3770    0.20000000E-01
      3777    0.20000000E-01
      3778    0.20000000E-01
      3783    0.20000000E-01
      3785    0.20000000E-01
      3789    0.20000000E-01
      3790    0.20000000E-01
      3791    0.20000000E-01
      3792    0.20000000E-01
      3793    0.20000000E-01
      3796    0.20000000E-01
      3797    0.20000000E-01
      3802    0.20000000E-01
      3803    0.20000000E-01
      3948    0.20000000E-01
      3949    0.20000000E-01
      3950    0.20000000E-01
      3951    0.20000000E-01
      3952    0.20000000E-01
      3953    0.20000000E-01
      3954    0.20000000E-01
      3955    0.20000000E-01
      3957    0.20000000E-01
      3959    0.20000000E-01
      3960    0.20000000E-01
      3964    0.20000000E-01
      3965    0.20000000E-01
      3966    0.20000000E-01
      3967    0.20000000E-01
      3969    0.20000000E-01
      4128    0.20000000E-01
      4129    0.20000000E-01
      4130    0.20000000E-01
      4131    0.20000000E-01
      4133    0.20000000E-01
      4134    0.20000000E-01
      4137    0.20000000E-01
      4138    0.20000000E-01
      4139    0.20000000E-01
      4140    0.20000000E-01
      4141    0.20000000E-01
      4142    0.20000000E-01
      4319    0.20000000E-01
      4320    0.20000000E-01
      4321    0.20000000E-01
      4322    0.20000000E-01
      4323    0.20000000E-01
      4324    0.20000000E-01
      4325    0.20000000E-01
      4326    0.20000000E-01
      4327    0.20000000E-01
      4328    0.20000000E-01
      4329    0.20000000E-01
      4330    0.20000000E-01
      4331    0.20000000E-01
      4332    0.20000000E-01
      4333    0.20000000E-01
      4334    0.20000000E-01
      4362    0.20000000E-01
      4363    0.20000000E-01
      4373    0.20000000E-01
      4528    0.20000000E-01
      4529    0.20000000E-01
      4530    0.20000000E-01
      4531    0.20000000E-01
      4532    0.20000000E-01
      4533    0.20000000E-01
      4534    0.20000000E-01
      4535    0.20000000E-01
      4536    0.20000000E-01
      4537    0.20000000E-01
      4538    0.20000000E-01
      4569    0.20000000E-01
      4570    0.20000000E-01
      4571    0.20000000E-01
      4572    0.20000000E-01
      4583    0.20000000E-01
      4584    0.20000000E-01
      4762    0.20000000E-01
      4763    0.20000000E-01
      4764    0.20000000E-01
      4765    0.20000000E-01
      4766    0.20000000E-01
      4767    0.20000000E-01
      4808    0.20000000E-01
      4809    0.20000000E-01
      4810    0.20000000E-01
      4811    0.20000000E-01
      4812    0.20000000E-01
      4813    0.20000000E-01
      4828    0.20000000E-01
      4829    0.20000000E-01
      4831    0.20000000E-01
      5020    0.20000000E-01
      5021    0.20000000E-01
      5022    0.20000000E-01
      5074    0.20000000E-01
      5076    0.20000000E-01
      5077    0.20000000E-01
      5078    0.20000000E-01
      5079    0.20000000E-01
      5080    0.20000000E-01
      5081    0.20000000E-01
      5096    0.20000000E-01
      5097    0.20000000E-01
      5098    0.20000000E-01
      5099    0.20000000E-01
      5101    0.20000000E-01
      5102    0.20000000E-01
      5313    0.20000000E-01
      5314    0.20000000E-01
      5315    0.20000000E-01
      5378    0.20000000E-01
      5379    0.20000000E-01
      5380    0.20000000E-01
      5381    0.20000000E-01
      5399    0.20000000E-01
      5400    0.20000000E-01
      5401    0.20000000E-01
      5402    0.20000000E-01
      5403    0.20000000E-01
      5404    0.20000000E-01
      5406    0.20000000E-01
      5407    0.20000000E-01
      5408    0.20000000E-01
      5647    0.20000000E-01
      5648    0.20000000E-01
      5677    0.20000000E-01
      5678    0.20000000E-01
      5680    0.20000000E-01
      5683    0.20000000E-01
      5685    0.20000000E-01
      5686    0.20000000E-01
      5688    0.20000000E-01
      5689    0.20000000E-01
      5722    0.20000000E-01
      5723    0.20000000E-01
      5724    0.20000000E-01
      5725    0.20000000E-01
      5744    0.20000000E-01
      5745    0.20000000E-01
      5746    0.20000000E-01
      5747    0.20000000E-01
      5748    0.20000000E-01
      5749    0.20000000E-01
      5752    0.20000000E-01
      5753    0.20000000E-01
      5754    0.20000000E-01
      5755    0.20000000E-01
      5756    0.20000000E-01
      5757    0.20000000E-01
      5758    0.20000000E-01
      5759    0.20000000E-01
      5760    0.20000000E-01
      6018    0.20000000E-01
      6019    0.20000000E-01
      6052    0.20000000E-01
      6053    0.20000000E-01
      6056    0.20000000E-01
      6057    0.20000000E-01
      6058    0.20000000E-01
      6061    0.20000000E-01
      6062    0.20000000E-01
      6064    0.20000000E-01
      6065    0.20000000E-01
      6066    0.20000000E-01
      6067    0.20000000E-01
      6069    0.20000000E-01
      6070    0.20000000E-01
      6114    0.20000000E-01
      6115    0.20000000E-01
      6116    0.20000000E-01
      6117    0.20000000E-01
      6143    0.20000000E-01
      6144    0.20000000E-01
      6145    0.20000000E-01
      6146    0.20000000E-01
      6147    0.20000000E-01
      6148    0.20000000E-01
      6149    0.20000000E-01
      6150    0.20000000E-01
      6151    0.20000000E-01
      6153    0.20000000E-01
      6154    0.20000000E-01
      6155    0.20000000E-01
      6156    0.20000000E-01
      6157    0.20000000E-01
      6158    0.20000000E-01
      6159    0.20000000E-01
      6160    0.20000000E-01
      6161    0.20000000E-01
      6162    0.20000000E-01
      6420    0.20000000E-01
      6421    0.20000000E-01
      6453    0.20000000E-01
      6454    0.20000000E-01
      6455    0.20000000E-01
      6456    0.20000000E-01
      6457    0.20000000E-01
      6458    0.20000000E-01
      6459    0.20000000E-01
      6460    0.20000000E-01
      6461    0.20000000E-01
      6462    0.20000000E-01
      6463    0.20000000E-01
      6464    0.20000000E-01
      6466    0.20000000E-01
      6467    0.20000000E-01
      6468    0.20000000E-01
      6469    0.20000000E-01
      6470    0.20000000E-01
      6471    0.20000000E-01
      6472    0.20000000E-01
      6473    0.20000000E-01
      6474    0.20000000E-01
      6475    0.20000000E-01
      6476    0.20000000E-01
      6477    0.20000000E-01
      6478    0.20000000E-01
      6479    0.20000000E-01
      6519    0.20000000E-01
      6528    0.20000000E-01
      6529    0.20000000E-01
      6530    0.20000000E-01
      6533    0.20000000E-01
      6534    0.20000000E-01
      6553    0.20000000E-01
      6554    0.20000000E-01
      6555    0.20000000E-01
      6556    0.20000000E-01
      6557    0.20000000E-01
      6558    0.20000000E-01
      6559    0.20000000E-01
      6560    0.20000000E-01
      6561    0.20000000E-01
      6562    0.20000000E-01
      6563    0.20000000E-01
      6564    0.20000000E-01
      6565    0.20000000E-01
      6566    0.20000000E-01
      6567    0.20000000E-01
      6568    0.20000000E-01
      6569    0.20000000E-01
      6570    0.20000000E-01
      6571    0.20000000E-01
      6572    0.20000000E-01
      6573    0.20000000E-01
      6574    0.20000000E-01
      6575    0.20000000E-01
      6576    0.20000000E-01
      6577    0.20000000E-01
      6826    0.20000000E-01
      6857    0.20000000E-01
      6858    0.20000000E-01
      6859    0.20000000E-01
      6860    0.20000000E-01
      6861    0.20000000E-01
      6862    0.20000000E-01
      6863    0.20000000E-01
      6864    0.30000000E-01
      6865    0.20000000E-01
      6866    0.20000000E-01
      6867    0.20000000E-01
      6868    0.20000000E-01
      6869    0.20000000E-01
      6870    0.20000000E-01
      6871    0.20000000E-01
      6872    0.20000000E-01
      6873    0.20000000E-01
      6874    0.20000000E-01
      6875    0.20000000E-01
      6876    0.20000000E-01
      6877    0.20000000E-01
      6878    0.20000000E-01
      6879    0.20000000E-01
      6880    0.20000000E-01
      6903    0.20000000E-01
      6904    0.20000000E-01
      6905    0.20000000E-01
      6910    0.20000000E-01
      6911    0.20000000E-01
      6913    0.20000000E-01
      6915    0.20000000E-01
      6916    0.20000000E-01
      6917    0.20000000E-01
      6918    0.20000000E-01
      6919    0.20000000E-01
      6920    0.20000000E-01
      6921    0.30000000E-01
      6922    0.30000000E-01
      6948    0.20000000E-01
      6949    0.20000000E-01
      6950    0.20000000E-01
      6951    0.20000000E-01
      6952    0.20000000E-01
      6953    0.20000000E-01
      6954    0.20000000E-01
      6955    0.20000000E-01
      6956    0.20000000E-01
      6957    0.20000000E-01
      6958    0.20000000E-01
      6959    0.20000000E-01
      6960    0.20000000E-01
      6961    0.20000000E-01
      6962    0.20000000E-01
      6963    0.20000000E-01
      6964    0.20000000E-01
      6965    0.20000000E-01
      6966    0.20000000E-01
      6967    0.20000000E-01
      6968    0.20000000E-01
      6969    0.20000000E-01
      6970    0.20000000E-01
      6971    0.20000000E-01
      6972    0.20000000E-01
      6973    0.20000000E-01
      6974    0.20000000E-01
      6975    0.20000000E-01
      6976    0.20000000E-01
      7264    0.20000000E-01
      7265    0.30000000E-01
      7266    0.20000000E-01
      7267    0.20000000E-01
      7268    0.20000000E-01
      7269    0.20000000E-01
      7270    0.20000000E-01
      7271    0.20000000E-01
      7272    0.20000000E-01
      7273    0.20000000E-01
      7274    0.20000000E-01
      7275    0.20000000E-01
      7289    0.20000000E-01
      7290    0.20000000E-01
      7291    0.20000000E-01
      7292    0.20000000E-01
      7293    0.20000000E-01
      7294    0.20000000E-01
      7295    0.20000000E-01
      7296    0.20000000E-01
      7297    0.20000000E-01
      7298    0.20000000E-01
      7299    0.20000000E-01
      7300    0.20000000E-01
      7301    0.20000000E-01
      7302    0.20000000E-01
      7303    0.20000000E-01
      7304    0.20000000E-01
      7305    0.20000000E-01
      7320    0.20000000E-01
      7321    0.20000000E-01
      7322    0.20000000E-01
      7323    0.20000000E-01
      7324    0.20000000E-01
      7325    0.20000000E-01
      7326    0.20000000E-01
      7327    0.20000000E-01
      7328    0.20000000E-01
      7329    0.20000000E-01
      7330    0.20000000E-01
      7331    0.20000000E-01
      7332    0.20000000E-01
      7333    0.20000000E-01
      7334    0.20000000E-01
      7335    0.20000000E-01
      7336    0.20000000E-01
      7337    0.20000000E-01
      7637    0.30000000E-01
      7638    0.20000000E-01
      7639    0.20000000E-01
      7640    0.20000000E-01
      7641    0.20000000E-01
      7642    0.20000000E-01
      7643    0.20000000E-01
      7644    0.20000000E-01
      7645    0.20000000E-01
      7646    0.20000000E-01
      7647    0.20000000E-01
      7648    0.20000000E-01
      7649    0.20000000E-01
      7650    0.20000000E-01
      7662    0.20000000E-01
      7663    0.20000000E-01
      7664    0.20000000E-01
      7665    0.20000000E-01
      7666    0.20000000E-01
      7667    0.20000000E-01
      7668    0.20000000E-01
      7669    0.20000000E-01
      7670    0.20000000E-01
      7671    0.20000000E-01
      7672    0.20000000E-01
      7673    0.20000000E-01
      7674    0.20000000E-01
      7675    0.20000000E-01
      7676    0.20000000E-01
      7677    0.20000000E-01
      7678    0.20000000E-01
      7679    0.20000000E-01
      7680    0.20000000E-01
      7681    0.20000000E-01
      7682    0.20000000E-01
      7683    0.20000000E-01
      7684    0.20000000E-01
      7685    0.20000000E-01
      7686    0.20000000E-01
      7687    0.20000000E-01
      7688    0.20000000E-01
      7689    0.20000000E-01
      7690    0.20000000E-01
      7691    0.20000000E-01
      7692    0.20000000E-01
      7693    0.20000000E-01
      7694    0.20000000E-01
      8001    0.20000000E-01
      8002    0.20000000E-01
      8003    0.20000000E-01
      8004    0.20000000E-01
      8005    0.20000000E-01
      8006    0.20000000E-01
      8007    0.20000000E-01
      8008    0.20000000E-01
      8009    0.20000000E-01
      8010    0.20000000E-01
      8011    0.20000000E-01
      8012    0.20000000E-01
      8013    0.20000000E-01
      8014    0.20000000E-01
      8015    0.20000000E-01
      8016    0.20000000E-01
      8017    0.20000000E-01
      8026    0.20000000E-01
      8027    0.20000000E-01
      8028    0.20000000E-01
      8029    0.20000000E-01
      8030    0.20000000E-01
      8031    0.20000000E-01
      8032    0.20000000E-01
      8033    0.20000000E-01
      8034    0.20000000E-01
      8035    0.20000000E-01
      8036    0.20000000E-01
      8037    0.20000000E-01
      8038    0.20000000E-01
      8039    0.20000000E-01
      8040    0.20000000E-01
      8041    0.20000000E-01
      8042    0.20000000E-01
      8043    0.20000000E-01
      8044    0.20000000E-01
      8045    0.20000000E-01
      8046    0.20000000E-01
      8047    0.20000000E-01
      8048    0.20000000E-01
      8049    0.20000000E-01
      8050    0.20000000E-01
      8051    0.20000000E-01
      8052    0.20000000E-01
      8053    0.20000000E-01
      8054    0.20000000E-01
      8055    0.20000000E-01
      8056    0.20000000E-01
      8057    0.20000000E-01
      8058    0.20000000E-01
      8059    0.20000000E-01
      8060    0.20000000E-01
      8061    0.20000000E-01
      8062    0.20000000E-01
      8063    0.20000000E-01
      8380    0.20000000E-01
      8381    0.20000000E-01
      8382    0.20000000E-01
      8383    0.20000000E-01
      8384    0.20000000E-01
      8385    0.20000000E-01
      8386    0.20000000E-01
      8387    0.20000000E-01
      8388    0.20000000E-01
      8389    0.20000000E-01
      8390    0.20000000E-01
      8391    0.20000000E-01
      8392    0.20000000E-01
      8393    0.20000000E-01
      8394    0.20000000E-01
      8395    0.20000000E-01
      8396    0.20000000E-01
      8397    0.20000000E-01
      8398    0.20000000E-01
      8399    0.20000000E-01
      8400    0.20000000E-01
      8401    0.20000000E-01
      8412    0.20000000E-01
      8413    0.20000000E-01
      8414    0.20000000E-01
      8415    0.20000000E-01
      8416    0.20000000E-01
      8417    0.20000000E-01
      8418    0.20000000E-01
      8419    0.20000000E-01
      8420    0.20000000E-01
      8421    0.20000000E-01
      8422    0.20000000E-01
      8423    0.20000000E-01
      8424    0.20000000E-01
      8425    0.20000000E-01
      8426    0.20000000E-01
      8427    0.20000000E-01
      8428    0.20000000E-01
      8429    0.20000000E-01
      8430    0.20000000E-01
      8431    0.20000000E-01
      8432    0.20000000E-01
      8433    0.20000000E-01
      8434    0.20000000E-01
      8435    0.20000000E-01
      8436    0.20000000E-01
      8437    0.20000000E-01
      8438    0.20000000E-01
      8439    0.20000000E-01
      8440    0.20000000E-01
      8441    0.20000000E-01
      8442    0.20000000E-01
      8443    0.20000000E-01
      8444    0.20000000E-01
      8445    0.20000000E-01
      8446    0.20000000E-01
      8766    0.20000000E-01
      8767    0.20000000E-01
      8768    0.20000000E-01
      8769    0.20000000E-01
      8770    0.20000000E-01
      8771    0.20000000E-01
      8772    0.20000000E-01
      8773    0.20000000E-01
      8774    0.20000000E-01
      8775    0.20000000E-01
      8776    0.20000000E-01
      8777    0.20000000E-01
      8778    0.20000000E-01
      8779    0.20000000E-01
      8780    0.20000000E-01
      8781    0.20000000E-01
      8782    0.20000000E-01
      8783    0.20000000E-01
      8784    0.20000000E-01
      8785    0.20000000E-01
      8786    0.20000000E-01
      8801    0.20000000E-01
      8802    0.20000000E-01
      8803    0.20000000E-01
      8804    0.20000000E-01
      8805    0.20000000E-01
      8806    0.20000000E-01
      8807    0.20000000E-01
      8808    0.20000000E-01
      8809    0.20000000E-01
      8810    0.20000000E-01
      8811    0.20000000E-01
      8812    0.20000000E-01
      8813    0.20000000E-01
      8814    0.20000000E-01
      8815    0.20000000E-01
      8816    0.20000000E-01
      8817    0.20000000E-01
      8818    0.20000000E-01
      8819    0.20000000E-01
      8820    0.20000000E-01
      8821    0.20000000E-01
      8822    0.20000000E-01
      8823    0.20000000E-01
      8824    0.20000000E-01
      8825    0.20000000E-01
      8826    0.20000000E-01
      8827    0.20000000E-01
      8828    0.20000000E-01
      8829    0.20000000E-01
      8830    0.20000000E-01
      8831    0.20000000E-01
      8832    0.20000000E-01
      8833    0.20000000E-01
      8834    0.20000000E-01
      8835    0.20000000E-01
      8836    0.20000000E-01
      9156    0.20000000E-01
      9157    0.20000000E-01
      9158    0.20000000E-01
      9159    0.20000000E-01
      9160    0.20000000E-01
      9161    0.20000000E-01
      9162    0.20000000E-01
      9163    0.20000000E-01
      9164    0.20000000E-01
      9165    0.20000000E-01
      9166    0.20000000E-01
      9167    0.20000000E-01
      9168    0.20000000E-01
      9169    0.20000000E-01
      9170    0.20000000E-01
      9171    0.20000000E-01
      9172    0.20000000E-01
      9173    0.20000000E-01
      9174    0.20000000E-01
      9175    0.20000000E-01
      9176    0.20000000E-01
      9177    0.20000000E-01
      9178    0.20000000E-01
      9179    0.20000000E-01
      9180    0.20000000E-01
      9181    0.20000000E-01
      9201    0.20000000E-01
      9202    0.20000000E-01
      9203    0.20000000E-01
      9204    0.20000000E-01
      9205    0.20000000E-01
      9206    0.20000000E-01
      9207    0.20000000E-01
      9208    0.20000000E-01
      9209    0.20000000E-01
      9210    0.20000000E-01
      9211    0.20000000E-01
      9212    0.20000000E-01
      9213    0.20000000E-01
      9214    0.20000000E-01
      9215    0.20000000E-01
      9216    0.20000000E-01
      9217    0.20000000E-01
      9218    0.20000000E-01
      9219    0.20000000E-01
      9220    0.20000000E-01
      9221    0.20000000E-01
      9222    0.20000000E-01
      9223    0.20000000E-01
      9224    0.20000000E-01
      9225    0.20000000E-01
      9226    0.20000000E-01
      9227    0.20000000E-01
      9228    0.20000000E-01
      9229    0.20000000E-01
      9230    0.20000000E-01
      9231    0.20000000E-01
      9232    0.20000000E-01
      9233    0.20000000E-01
      9234    0.20000000E-01
      9235    0.20000000E-01
      9548    0.20000000E-01
      9549    0.20000000E-01
      9550    0.20000000E-01
      9551    0.20000000E-01
      9552    0.20000000E-01
      9553    0.20000000E-01
      9554    0.20000000E-01
      9555    0.20000000E-01
      9556    0.20000000E-01
      9557    0.20000000E-01
      9558    0.20000000E-01
      9559    0.20000000E-01
      9560    0.20000000E-01
      9561    0.20000000E-01
      9562    0.20000000E-01
      9563    0.20000000E-01
      9564    0.20000000E-01
      9565    0.20000000E-01
      9566    0.20000000E-01
      9567    0.20000000E-01
      9568    0.20000000E-01
      9569    0.20000000E-01
      9570    0.20000000E-01
      9571    0.20000000E-01
      9572    0.20000000E-01
      9573    0.20000000E-01
      9574    0.20000000E-01
      9575    0.20000000E-01
      9597    0.20000000E-01
      9598    0.20000000E-01
      9599    0.20000000E-01
      9600    0.20000000E-01
      9601    0.20000000E-01
      9602    0.20000000E-01
      9603    0.20000000E-01
      9604    0.20000000E-01
      9605    0.20000000E-01
      9606    0.20000000E-01
      9607    0.20000000E-01
      9608    0.20000000E-01
      9609    0.20000000E-01
      9610    0.20000000E-01
      9611    0.20000000E-01
      9612    0.20000000E-01
      9613    0.20000000E-01
      9614    0.20000000E-01
      9615    0.20000000E-01
      9616    0.20000000E-01
      9617    0.20000000E-01
      9618    0.20000000E-01
      9619    0.20000000E-01
      9620    0.20000000E-01
      9621    0.20000000E-01
      9622    0.20000000E-01
      9623    0.20000000E-01
      9624    0.20000000E-01
      9625    0.20000000E-01
      9626    0.20000000E-01
      9627    0.20000000E-01
      9628    0.20000000E-01
      9629    0.20000000E-01
      9630    0.20000000E-01
      9631    0.20000000E-01
      9942    0.20000000E-01
      9943    0.20000000E-01
      9944    0.20000000E-01
      9945    0.20000000E-01
      9946    0.20000000E-01
      9947    0.20000000E-01
      9948    0.20000000E-01
      9949    0.20000000E-01
      9950    0.20000000E-01
      9972    0.20000000E-01
      9973    0.20000000E-01
      9974    0.20000000E-01
      9975    0.20000000E-01
      9976    0.20000000E-01
      9977    0.20000000E-01
      9978    0.20000000E-01
      9979    0.20000000E-01
      9980    0.20000000E-01
      9981    0.20000000E-01
      9982    0.20000000E-01
      9983    0.20000000E-01
      9984    0.20000000E-01
      9985    0.20000000E-01
      9986    0.20000000E-01
      9987    0.20000000E-01
      9988    0.20000000E-01
      9989    0.20000000E-01
      9990    0.20000000E-01
      9991    0.20000000E-01
      9992    0.20000000E-01
      9993    0.20000000E-01
      9994    0.20000000E-01
      9995    0.20000000E-01
     10268    0.20000000E-01
     10269    0.20000000E-01
     10270    0.20000000E-01
     10271    0.20000000E-01
     10272    0.20000000E-01
     10273    0.20000000E-01
     10274    0.20000000E-01
     10275    0.20000000E-01
     10276    0.20000000E-01
     10277    0.20000000E-01
     10297    0.20000000E-01
     10298    0.20000000E-01
     10299    0.20000000E-01
     10300    0.20000000E-01
     10301    0.20000000E-01
     10302    0.20000000E-01
     10303    0.20000000E-01
     10304    0.20000000E-01
     10305    0.20000000E-01
     10306    0.20000000E-01
     10307    0.20000000E-01
     10308    0.20000000E-01
     10309    0.20000000E-01
     10310    0.20000000E-01
     10552    0.20000000E-01
     10553    0.20000000E-01
     10554    0.20000000E-01
     10555    0.20000000E-01
     10556    0.20000000E-01
     10557    0.20000000E-01
     10558    0.20000000E-01
     10578    0.20000000E-01
     10579    0.20000000E-01
     10580    0.20000000E-01
     10581    0.20000000E-01
     10582    0.20000000E-01
     10583    0.20000000E-01
     10584    0.20000000E-01
     10792    0.20000000E-01
     10793    0.20000000E-01
     10794    0.20000000E-01
     10795    0.20000000E-01
     10796    0.20000000E-01
     10816    0.20000000E-01
     10817    0.20000000E-01
     10818    0.20000000E-01
     10819    0.20000000E-01
     10820    0.20000000E-01
     11017    0.20000000E-01
     11018    0.20000000E-01
     11019    0.20000000E-01
     11020    0.20000000E-01
     11041    0.20000000E-01
     11042    0.20000000E-01
     11043    0.20000000E-01
     11044    0.20000000E-01
     11250    0.20000000E-01
     11251    0.20000000E-01
     11267    0.20000000E-01
     11268    0.20000000E-01
mannings_n_at_sea_floor                                                         
           0
