eastcoast_95d_ll_select.grd nodal attributes                                    
        1427
           2
primitive_weighting_in_continuity_equation                                      
unitless                                                                        
           1
  0.500000000E-02
mannings_n_at_sea_floor                                                         
unitless                                                                        
           1
  0.250000000E-01
primitive_weighting_in_continuity_equation                                      
         276
     25521    0.20000000E-01
     26059    0.20000000E-01
     26329    0.20000000E-01
     26330    0.20000000E-01
     26331    0.20000000E-01
     26597    0.20000000E-01
     26598    0.20000000E-01
     26599    0.20000000E-01
     26861    0.20000000E-01
     26863    0.20000000E-01
     26864    0.20000000E-01
     26866    0.20000000E-01
     27127    0.20000000E-01
     27129    0.20000000E-01
     27130    0.20000000E-01
     27385    0.20000000E-01
     27407    0.20000000E-01
     27623    0.20000000E-01
     27624    0.20000000E-01
     27627    0.20000000E-01
     27631    0.20000000E-01
     27635    0.20000000E-01
     27643    0.20000000E-01
     27644    0.20000000E-01
     27646    0.20000000E-01
     27647    0.20000000E-01
     27678    0.20000000E-01
     27679    0.20000000E-01
     27680    0.20000000E-01
     27853    0.20000000E-01
     27857    0.20000000E-01
     27858    0.20000000E-01
     27859    0.20000000E-01
     27862    0.20000000E-01
     27863    0.20000000E-01
     27892    0.20000000E-01
     27893    0.20000000E-01
     27894    0.20000000E-01
     27895    0.20000000E-01
     27898    0.20000000E-01
     27899    0.20000000E-01
     27901    0.20000000E-01
     27902    0.20000000E-01
     27905    0.20000000E-01
     27906    0.20000000E-01
     28070    0.20000000E-01
     28071    0.20000000E-01
     28072    0.20000000E-01
     28073    0.20000000E-01
     28074    0.20000000E-01
     28079    0.20000000E-01
     28080    0.20000000E-01
     28082    0.20000000E-01
     28083    0.20000000E-01
     28095    0.20000000E-01
     28108    0.20000000E-01
     28109    0.20000000E-01
     28110    0.20000000E-01
     28111    0.20000000E-01
     28112    0.20000000E-01
     28113    0.20000000E-01
     28114    0.20000000E-01
     28115    0.20000000E-01
     28116    0.20000000E-01
     28117    0.20000000E-01
     28118    0.20000000E-01
     28119    0.20000000E-01
     28272    0.20000000E-01
     28273    0.20000000E-01
     28274    0.20000000E-01
     28275    0.20000000E-01
     28276    0.20000000E-01
     28279    0.20000000E-01
     28281    0.20000000E-01
     28283    0.20000000E-01
     28284    0.20000000E-01
     28293    0.20000000E-01
     28296    0.20000000E-01
     28303    0.20000000E-01
     28304    0.20000000E-01
     28305    0.20000000E-01
     28306    0.20000000E-01
     28307    0.20000000E-01
     28308    0.20000000E-01
     28309    0.20000000E-01
     28310    0.20000000E-01
     28329    0.20000000E-01
     28461    0.20000000E-01
     28462    0.20000000E-01
     28465    0.20000000E-01
     28466    0.20000000E-01
     28468    0.20000000E-01
     28470    0.20000000E-01
     28471    0.20000000E-01
     28477    0.20000000E-01
     28479    0.20000000E-01
     28481    0.20000000E-01
     28485    0.20000000E-01
     28487    0.20000000E-01
     28488    0.20000000E-01
     28494    0.20000000E-01
     28495    0.20000000E-01
     28496    0.20000000E-01
     28497    0.20000000E-01
     28498    0.20000000E-01
     28517    0.20000000E-01
     28519    0.20000000E-01
     28520    0.20000000E-01
     28664    0.20000000E-01
     28665    0.20000000E-01
     28668    0.20000000E-01
     28670    0.20000000E-01
     28675    0.20000000E-01
     28676    0.20000000E-01
     28677    0.20000000E-01
     28680    0.20000000E-01
     28681    0.20000000E-01
     28684    0.20000000E-01
     28685    0.20000000E-01
     28686    0.20000000E-01
     28687    0.20000000E-01
     28704    0.20000000E-01
     28705    0.20000000E-01
     28706    0.20000000E-01
     28707    0.20000000E-01
     28708    0.20000000E-01
     28709    0.20000000E-01
     28869    0.20000000E-01
     28875    0.20000000E-01
     28876    0.20000000E-01
     28877    0.20000000E-01
     28878    0.20000000E-01
     28879    0.20000000E-01
     28880    0.20000000E-01
     28881    0.20000000E-01
     28882    0.20000000E-01
     28883    0.20000000E-01
     28884    0.20000000E-01
     28900    0.20000000E-01
     28901    0.20000000E-01
     28902    0.20000000E-01
     28903    0.20000000E-01
     28904    0.20000000E-01
     28905    0.20000000E-01
     28906    0.20000000E-01
     29072    0.20000000E-01
     29073    0.20000000E-01
     29074    0.20000000E-01
     29075    0.20000000E-01
     29076    0.20000000E-01
     29077    0.20000000E-01
     29079    0.20000000E-01
     29080    0.20000000E-01
     29081    0.20000000E-01
     29082    0.20000000E-01
     29083    0.20000000E-01
     29084    0.20000000E-01
     29085    0.20000000E-01
     29086    0.20000000E-01
     29087    0.20000000E-01
     29088    0.20000000E-01
     29104    0.20000000E-01
     29105    0.20000000E-01
     29106    0.20000000E-01
     29107    0.20000000E-01
     29108    0.20000000E-01
     29109    0.20000000E-01
     29110    0.20000000E-01
     29111    0.20000000E-01
     29271    0.20000000E-01
     29272    0.20000000E-01
     29273    0.20000000E-01
     29275    0.20000000E-01
     29276    0.20000000E-01
     29277    0.20000000E-01
     29278    0.20000000E-01
     29279    0.20000000E-01
     29280    0.20000000E-01
     29281    0.20000000E-01
     29282    0.20000000E-01
     29283    0.20000000E-01
     29284    0.20000000E-01
     29285    0.20000000E-01
     29300    0.20000000E-01
     29301    0.20000000E-01
     29302    0.20000000E-01
     29303    0.20000000E-01
     29304    0.20000000E-01
     29305    0.20000000E-01
     29466    0.20000000E-01
     29467    0.20000000E-01
     29468    0.20000000E-01
     29469    0.20000000E-01
     29470    0.20000000E-01
     29471    0.20000000E-01
     29472    0.20000000E-01
     29474    0.20000000E-01
     29475    0.20000000E-01
     29491    0.20000000E-01
     29492    0.20000000E-01
     29493    0.20000000E-01
     29494    0.20000000E-01
     29495    0.20000000E-01
     29496    0.20000000E-01
     29657    0.20000000E-01
     29658    0.20000000E-01
     29659    0.20000000E-01
     29660    0.20000000E-01
     29661    0.20000000E-01
     29662    0.20000000E-01
     29663    0.20000000E-01
     29665    0.20000000E-01
     29666    0.20000000E-01
     29684    0.20000000E-01
     29842    0.20000000E-01
     29843    0.20000000E-01
     29844    0.20000000E-01
     29845    0.20000000E-01
     29846    0.20000000E-01
     29849    0.20000000E-01
     29850    0.20000000E-01
     29867    0.20000000E-01
     29868    0.20000000E-01
     29992    0.20000000E-01
     29996    0.20000000E-01
     29997    0.20000000E-01
     30012    0.20000000E-01
     30013    0.20000000E-01
     30115    0.20000000E-01
     30127    0.20000000E-01
     30128    0.20000000E-01
     30129    0.20000000E-01
     30245    0.20000000E-01
     30246    0.20000000E-01
     30346    0.20000000E-01
     30347    0.20000000E-01
     30438    0.20000000E-01
     30439    0.20000000E-01
     30440    0.20000000E-01
     30519    0.20000000E-01
     30520    0.20000000E-01
     30521    0.20000000E-01
     30587    0.20000000E-01
     30597    0.20000000E-01
     30598    0.20000000E-01
     30599    0.20000000E-01
     30660    0.20000000E-01
     30661    0.20000000E-01
     30674    0.20000000E-01
     30676    0.20000000E-01
     30677    0.20000000E-01
     30738    0.20000000E-01
     30739    0.20000000E-01
     30755    0.20000000E-01
     30758    0.20000000E-01
     30759    0.20000000E-01
     30760    0.20000000E-01
     30807    0.20000000E-01
     30808    0.20000000E-01
     30809    0.20000000E-01
     30824    0.20000000E-01
     30825    0.20000000E-01
     30828    0.20000000E-01
     30829    0.20000000E-01
     30862    0.20000000E-01
     30863    0.20000000E-01
     30877    0.20000000E-01
     30882    0.20000000E-01
     30906    0.20000000E-01
     30911    0.20000000E-01
     30912    0.20000000E-01
     30929    0.20000000E-01
     30930    0.20000000E-01
     30955    0.20000000E-01
     30969    0.20000000E-01
     30970    0.20000000E-01
mannings_n_at_sea_floor                                                         
           0
