FileFmt      1050624           0           0
NELG           58369        2590        2460
          35
          36
          37
          38
          40
          42
          43
          47
          50
          51
          52
          54
          55
          56
          58
          61
          63
          65
          67
          68
          69
          71
          73
          74
          82
          83
          88
          91
          92
          95
          99
         103
         110
         111
         115
         117
         123
         124
         138
         141
         142
         145
         150
         160
         171
         175
         178
         182
         196
         206
         211
         231
         232
         234
         243
         252
         267
         274
         282
         307
         315
         326
         334
         336
         353
         355
         359
         385
         389
         409
         424
         452
         456
         469
         472
         474
         500
         517
         532
         536
         541
         557
         592
         610
         611
         617
         626
         627
         651
         657
         666
         704
         707
         743
         747
         775
         792
         796
         828
         844
         845
         865
         870
         895
         901
         932
         938
         941
         976
         983
         991
         993
        1010
        1049
        1058
        1067
        1076
        1120
        1131
        1136
        1140
        1152
        1169
        1173
        1182
        1185
        1188
        1236
        1246
        1275
        1283
        1291
        1301
        1305
        1310
        1327
        1335
        1338
        1344
        1350
        1362
        1364
        1381
        1385
        1389
        1401
        1402
        1405
        1406
        1418
        1437
        1450
        1452
        1467
        1472
        1475
        1477
        1487
        1495
        1498
        1508
        1512
        1515
        1531
        1536
        1538
        1540
        1541
        1543
        1544
        1545
        1554
        1558
        1562
        1569
        1570
        1591
        1593
        1597
        1598
        1605
        1607
        1610
        1612
        1613
        1615
        1619
        1620
        1621
        1630
        1631
        1632
        1640
        1642
        1646
        1650
        1660
        1661
        1663
        1664
        1666
        1671
        1673
        1674
        1675
        1678
        1679
        1680
        1682
        1683
        1702
        1708
        1710
        1713
        1721
        1723
        1724
        1727
        1731
        1733
        1734
        1736
        1739
        1740
        1741
        1743
        1745
        1746
        1748
        1750
        1753
        1761
        1770
        1771
        1776
        1786
        1789
        1791
        1792
        1796
        1799
        1800
        1801
        1805
        1808
        1811
        1816
        1818
        1819
        1822
        1825
        1826
        1831
        1834
        1836
        1839
        1843
        1845
        1846
        1853
        1855
        1859
        1860
        1861
        1864
        1869
        1870
        1881
        1885
        1887
        1888
        1890
        1891
        1894
        1896
        1897
        1899
        1901
        1906
        1907
        1909
        1912
        1914
        1915
        1918
        1920
        1922
        1925
        1927
        1931
        1934
        1941
        1942
        1943
        1946
        1947
        1950
        1951
        1955
        1956
        1957
        1958
        1961
        1962
        1964
        1965
        1966
        1969
        1970
        1973
        1977
        1979
        1982
        1985
        1987
        1988
        1990
        1996
        1997
        2001
        2004
        2005
        2006
        2008
        2010
        2012
        2013
        2018
        2020
        2022
        2023
        2025
        2027
        2029
        2030
        2031
        2032
        2035
        2037
        2039
        2041
        2042
        2044
        2046
        2049
        2055
        2056
        2061
        2063
        2065
        2066
        2068
        2071
        2072
        2075
        2076
        2078
        2079
        2081
        2085
        2091
        2093
        2094
        2095
        2096
        2098
        2099
        2100
        2101
        2103
        2105
        2106
        2107
        2110
        2112
        2115
        2117
        2118
        2121
        2123
        2124
        2126
        2127
        2129
        2133
        2139
        2141
        2146
        2147
        2148
        2149
        2150
        2151
        2152
        2153
        2155
        2158
        2160
        2162
        2163
        2165
        2166
        2167
        2169
        2170
        2171
        2172
        2174
        2175
        2177
        2178
        2180
        2181
        2185
        2187
        2188
        2190
        2191
        2194
        2197
        2201
        2202
        2203
        2205
        2208
        2210
        2211
        2212
        2216
        2220
        2222
        2223
        2224
        2227
        2228
        2229
        2230
        2233
        2235
        2237
        2238
        2239
        2242
        2243
        2245
        2246
        2249
        2250
        2252
        2253
        2254
        2256
        2257
        2258
        2259
        2260
        2261
        2262
        2265
        2267
        2268
        2269
        2272
        2273
        2276
        2278
        2280
        2281
        2282
        2287
        2288
        2290
        2291
        2292
        2293
        2294
        2295
        2296
        2297
        2298
        2301
        2302
        2303
        2304
        2305
        2308
        2309
        2310
        2311
        2314
        2316
        2319
        2320
        2324
        2325
        2326
        2328
        2329
        2330
        2331
        2333
        2334
        2335
        2336
        2337
        2340
        2341
        2344
        2345
        2346
        2350
        2351
        2353
        2354
        2355
        2358
        2361
        2362
        2363
        2364
        2366
        2368
        2369
        2370
        2373
        2374
        2375
        2376
        2378
        2379
        2380
        2381
        2383
        2388
        2391
        2392
        2393
        2395
        2396
        2397
        2398
        2399
        2400
        2402
        2405
        2409
        2411
        2412
        2414
        2418
        2419
        2421
        2422
        2423
        2425
        2427
        2428
        2429
        2430
        2431
        2432
        2433
        2435
        2436
        2437
        2438
        2439
        2440
        2441
        2443
        2444
        2445
        2447
        2449
        2451
        2452
        2453
        2455
        2456
        2457
        2458
        2459
        2460
        2461
        2462
        2463
        2464
        2466
        2467
        2469
        2471
        2472
        2473
        2474
        2475
        2476
        2477
        2478
        2479
        2481
        2482
        2483
        2486
        2487
        2488
        2490
        2491
        2493
        2497
        2498
        2499
        2500
        2501
        2502
        2503
        2504
        2505
        2509
        2511
        2513
        2514
        2515
        2516
        2517
        2518
        2519
        2520
        2522
        2523
        2524
        2527
        2528
        2529
        2530
        2532
        2533
        2535
        2536
        2537
        2538
        2539
        2540
        2541
        2542
        2543
        2544
        2545
        2547
        2548
        2549
        2550
        2552
        2554
        2557
        2558
        2560
        2561
        2562
        2563
        2566
        2567
        2568
        2569
        2570
        2571
        2573
        2575
        2577
        2580
        2584
        2586
        2587
        2588
        2589
        2590
        2591
        2593
        2595
        2596
        2599
        2600
        2601
        2602
        2603
        2604
        2605
        2606
        2607
        2608
        2610
        2611
        2614
        2616
        2617
        2619
        2620
        2621
        2622
        2626
        2628
        2630
        2635
        2636
        2638
        2639
        2640
        2643
        2644
        2645
        2646
        2647
        2649
        2650
        2651
        2652
        2653
        2654
        2658
        2659
        2660
        2661
        2662
        2664
        2665
        2667
        2668
        2670
        2671
        2672
        2673
        2674
        2675
        2676
        2677
        2679
        2680
        2682
        2683
        2684
        2685
        2687
        2688
        2691
        2692
        2693
        2694
        2695
        2696
        2697
        2698
        2701
        2702
        2704
        2705
        2706
        2710
        2712
        2714
        2715
        2716
        2717
        2719
        2720
        2722
        2723
        2724
        2725
        2726
        2727
        2729
        2734
        2735
        2736
        2737
        2738
        2739
        2741
        2742
        2745
        2746
        2747
        2748
        2749
        2750
        2751
        2753
        2754
        2755
        2758
        2759
        2760
        2762
        2763
        2764
        2765
        2767
        2768
        2769
        2770
        2771
        2772
        2774
        2775
        2776
        2778
        2779
        2781
        2783
        2784
        2785
        2786
        2787
        2789
        2790
        2791
        2792
        2793
        2794
        2796
        2797
        2798
        2799
        2801
        2803
        2804
        2806
        2807
        2808
        2809
        2811
        2812
        2813
        2816
        2817
        2818
        2819
        2820
        2821
        2822
        2823
        2824
        2825
        2826
        2827
        2829
        2830
        2831
        2833
        2834
        2835
        2838
        2841
        2843
        2844
        2845
        2847
        2848
        2849
        2850
        2851
        2853
        2854
        2857
        2858
        2860
        2862
        2863
        2865
        2866
        2867
        2868
        2869
        2871
        2873
        2874
        2875
        2876
        2878
        2879
        2880
        2881
        2882
        2883
        2884
        2885
        2887
        2890
        2891
        2892
        2893
        2896
        2897
        2899
        2900
        2901
        2902
        2903
        2904
        2907
        2908
        2909
        2912
        2913
        2915
        2917
        2918
        2919
        2921
        2922
        2923
        2924
        2925
        2927
        2928
        2930
        2931
        2933
        2934
        2935
        2936
        2937
        2938
        2939
        2940
        2941
        2944
        2945
        2946
        2947
        2948
        2949
        2950
        2951
        2952
        2953
        2954
        2955
        2956
        2957
        2959
        2960
        2961
        2962
        2963
        2964
        2965
        2967
        2968
        2969
        2970
        2972
        2973
        2974
        2977
        2978
        2980
        2981
        2983
        2984
        2985
        2989
        2990
        2991
        2992
        2994
        2996
        2997
        2998
        3000
        3001
        3004
        3005
        3007
        3008
        3009
        3011
        3015
        3016
        3018
        3019
        3020
        3021
        3023
        3024
        3027
        3028
        3029
        3030
        3031
        3033
        3035
        3036
        3037
        3038
        3039
        3040
        3041
        3042
        3044
        3045
        3046
        3049
        3050
        3051
        3052
        3054
        3055
        3056
        3057
        3058
        3059
        3060
        3061
        3063
        3064
        3066
        3067
        3068
        3069
        3070
        3071
        3072
        3073
        3075
        3076
        3078
        3080
        3082
        3083
        3084
        3086
        3087
        3088
        3089
        3090
        3091
        3092
        3093
        3094
        3095
        3096
        3097
        3099
        3100
        3104
        3107
        3108
        3109
        3110
        3112
        3113
        3114
        3115
        3117
        3118
        3119
        3120
        3122
        3123
        3124
        3125
        3126
        3127
        3128
        3129
        3131
        3132
        3133
        3134
        3137
        3140
        3141
        3143
        3144
        3145
        3146
        3147
        3148
        3149
        3150
        3151
        3152
        3153
        3155
        3156
        3157
        3158
        3161
        3164
        3165
        3166
        3168
        3169
        3171
        3173
        3174
        3175
        3176
        3178
        3179
        3181
        3182
        3183
        3184
        3185
        3186
        3187
        3189
        3193
        3194
        3195
        3197
        3198
        3199
        3200
        3201
        3202
        3205
        3207
        3208
        3209
        3213
        3214
        3215
        3216
        3217
        3220
        3221
        3222
        3223
        3224
        3225
        3227
        3228
        3229
        3230
        3231
        3232
        3235
        3236
        3237
        3238
        3239
        3240
        3241
        3245
        3246
        3248
        3249
        3250
        3251
        3252
        3254
        3255
        3256
        3258
        3259
        3261
        3262
        3265
        3266
        3267
        3268
        3271
        3272
        3274
        3276
        3277
        3279
        3280
        3282
        3283
        3284
        3286
        3287
        3288
        3289
        3290
        3291
        3292
        3295
        3296
        3297
        3298
        3299
        3302
        3304
        3306
        3307
        3309
        3310
        3311
        3313
        3314
        3316
        3317
        3318
        3321
        3322
        3323
        3324
        3327
        3331
        3332
        3334
        3335
        3336
        3337
        3338
        3339
        3340
        3344
        3345
        3347
        3349
        3350
        3351
        3353
        3355
        3356
        3357
        3358
        3359
        3362
        3363
        3365
        3366
        3368
        3369
        3371
        3373
        3374
        3375
        3380
        3381
        3382
        3383
        3384
        3385
        3386
        3387
        3390
        3391
        3392
        3393
        3396
        3397
        3398
        3399
        3401
        3402
        3403
        3404
        3407
        3408
        3410
        3411
        3412
        3418
        3420
        3422
        3423
        3424
        3425
        3427
        3428
        3430
        3432
        3433
        3434
        3436
        3437
        3438
        3439
        3443
        3444
        3447
        3449
        3450
        3451
        3452
        3453
        3454
        3455
        3456
        3457
        3458
        3460
        3461
        3463
        3464
        3465
        3467
        3468
        3469
        3471
        3472
        3474
        3475
        3476
        3477
        3478
        3479
        3481
        3482
        3485
        3487
        3489
        3491
        3492
        3493
        3497
        3499
        3501
        3502
        3504
        3505
        3506
        3510
        3513
        3514
        3515
        3516
        3517
        3518
        3520
        3521
        3522
        3523
        3527
        3528
        3530
        3532
        3533
        3534
        3536
        3537
        3538
        3540
        3541
        3543
        3545
        3547
        3548
        3551
        3553
        3554
        3555
        3557
        3558
        3559
        3560
        3561
        3563
        3564
        3565
        3567
        3568
        3569
        3570
        3572
        3573
        3576
        3577
        3578
        3580
        3581
        3583
        3585
        3590
        3591
        3593
        3594
        3596
        3598
        3599
        3600
        3601
        3602
        3603
        3606
        3608
        3609
        3610
        3611
        3612
        3617
        3618
        3620
        3621
        3622
        3623
        3624
        3625
        3627
        3629
        3632
        3634
        3636
        3638
        3639
        3640
        3641
        3642
        3646
        3647
        3653
        3655
        3656
        3657
        3658
        3659
        3661
        3663
        3664
        3665
        3666
        3668
        3669
        3670
        3671
        3672
        3673
        3674
        3675
        3676
        3678
        3679
        3680
        3684
        3686
        3687
        3688
        3690
        3693
        3695
        3696
        3697
        3698
        3699
        3705
        3707
        3710
        3711
        3712
        3713
        3714
        3717
        3719
        3720
        3721
        3722
        3723
        3725
        3727
        3728
        3729
        3731
        3733
        3735
        3737
        3739
        3744
        3745
        3746
        3747
        3749
        3750
        3751
        3752
        3754
        3756
        3757
        3758
        3761
        3762
        3764
        3765
        3767
        3770
        3771
        3772
        3774
        3775
        3776
        3777
        3778
        3780
        3782
        3784
        3785
        3786
        3788
        3789
        3790
        3791
        3792
        3795
        3797
        3803
        3804
        3811
        3812
        3813
        3814
        3817
        3819
        3820
        3821
        3822
        3824
        3825
        3826
        3828
        3830
        3832
        3833
        3835
        3836
        3837
        3840
        3843
        3845
        3846
        3849
        3850
        3852
        3853
        3854
        3855
        3856
        3859
        3860
        3861
        3862
        3864
        3865
        3866
        3867
        3869
        3870
        3872
        3873
        3875
        3876
        3878
        3880
        3882
        3887
        3888
        3889
        3890
        3891
        3893
        3894
        3896
        3898
        3900
        3902
        3908
        3909
        3910
        3911
        3917
        3918
        3919
        3920
        3922
        3924
        3925
        3927
        3930
        3932
        3933
        3935
        3936
        3939
        3940
        3943
        3944
        3946
        3947
        3950
        3951
        3954
        3955
        3956
        3957
        3959
        3960
        3963
        3965
        3966
        3968
        3971
        3972
        3973
        3974
        3975
        3976
        3981
        3984
        3985
        3987
        3988
        3989
        3990
        3991
        3992
        3993
        3997
        3998
        3999
        4000
        4004
        4005
        4006
        4007
        4008
        4010
        4012
        4013
        4014
        4021
        4023
        4026
        4030
        4031
        4032
        4034
        4038
        4041
        4042
        4043
        4044
        4047
        4049
        4050
        4052
        4053
        4055
        4056
        4057
        4062
        4065
        4067
        4069
        4073
        4075
        4076
        4079
        4081
        4083
        4084
        4085
        4086
        4087
        4089
        4094
        4097
        4098
        4105
        4106
        4107
        4111
        4114
        4115
        4116
        4117
        4118
        4120
        4123
        4125
        4127
        4128
        4129
        4131
        4132
        4134
        4136
        4138
        4139
        4141
        4142
        4145
        4150
        4154
        4158
        4160
        4165
        4170
        4171
        4172
        4174
        4176
        4179
        4181
        4186
        4188
        4190
        4191
        4192
        4196
        4198
        4199
        4204
        4207
        4209
        4210
        4212
        4215
        4216
        4219
        4221
        4223
        4230
        4232
        4237
        4239
        4241
        4244
        4247
        4248
        4250
        4251
        4252
        4256
        4260
        4262
        4265
        4266
        4269
        4270
        4278
        4281
        4282
        4287
        4289
        4291
        4292
        4297
        4298
        4302
        4305
        4306
        4307
        4312
        4315
        4319
        4321
        4326
        4328
        4331
        4334
        4338
        4339
        4341
        4342
        4343
        4345
        4352
        4353
        4356
        4361
        4362
        4365
        4368
        4372
        4374
        4375
        4379
        4381
        4382
        4385
        4386
        4388
        4390
        4393
        4394
        4396
        4403
        4405
        4406
        4407
        4413
        4414
        4415
        4424
        4425
        4431
        4432
        4434
        4436
        4437
        4439
        4440
        4442
        4443
        4447
        4448
        4451
        4452
        4460
        4461
        4462
        4468
        4470
        4471
        4472
        4473
        4476
        4482
        4487
        4493
        4495
        4501
        4503
        4506
        4510
        4513
        4518
        4520
        4524
        4527
        4530
        4531
        4533
        4536
        4537
        4538
        4540
        4543
        4544
        4549
        4554
        4555
        4557
        4558
        4560
        4566
        4568
        4569
        4572
        4575
        4576
        4581
        4584
        4588
        4591
        4594
        4595
        4601
        4603
        4604
        4605
        4607
        4617
        4618
        4620
        4621
        4622
        4623
        4627
        4630
        4634
        4635
        4639
        4640
        4641
        4647
        4648
        4654
        4659
        4665
        4667
        4668
        4670
        4672
        4673
        4674
        4675
        4682
        4683
        4686
        4688
        4690
        4694
        4697
        4699
        4703
        4704
        4705
        4706
        4708
        4712
        4717
        4720
        4730
        4732
        4733
        4734
        4740
        4741
        4742
        4743
        4745
        4746
        4747
        4757
        4760
        4762
        4766
        4768
        4769
        4774
        4777
        4779
        4780
        4781
        4787
        4789
        4790
        4791
        4793
        4799
        4801
        4802
        4803
        4804
        4805
        4806
        4809
        4812
        4814
        4816
        4817
        4819
        4823
        4828
        4831
        4833
        4834
        4840
        4841
        4844
        4845
        4850
        4851
        4855
        4858
        4859
        4861
        4862
        4863
        4864
        4866
        4867
        4868
        4869
        4870
        4873
        4881
        4882
        4885
        4892
        4897
        4905
        4906
        4907
        4908
        4911
        4913
        4916
        4919
        4920
        4921
        4924
        4928
        4931
        4932
        4933
        4934
        4937
        4940
        4942
        4943
        4945
        4946
        4949
        4956
        4960
        4961
        4962
        4963
        4966
        4971
        4975
        4981
        4982
        4985
        4986
        4987
        4991
        4993
        4996
        4998
        5001
        5004
        5006
        5008
        5015
        5019
        5020
        5026
        5028
        5031
        5033
        5034
        5036
        5037
        5038
        5039
        5043
        5044
        5045
        5050
        5052
        5054
        5056
        5059
        5060
        5061
        5062
        5071
        5072
        5074
        5077
        5078
        5080
        5084
        5087
        5090
        5095
        5096
        5098
        5099
        5103
        5104
        5106
        5109
        5110
        5114
        5115
        5116
        5121
        5123
        5133
        5136
        5138
        5139
        5146
        5152
        5153
        5157
        5158
        5160
        5162
        5163
        5164
        5165
        5166
        5172
        5174
        5177
        5185
        5186
        5188
        5192
        5196
        5201
        5210
        5214
        5216
        5219
        5222
        5227
        5228
        5232
        5234
        5248
        5251
        5257
        5263
        5264
        5265
        5268
        5269
        5272
        5274
        5276
        5278
        5279
        5284
        5285
        5286
        5289
        5290
        5291
        5293
        5294
        5296
        5298
        5300
        5308
        5310
        5312
        5314
        5320
        5325
        5329
        5333
        5338
        5339
        5340
        5342
        5343
        5345
        5346
        5347
        5348
        5356
        5357
        5361
        5362
        5366
        5373
        5376
        5378
        5379
        5384
        5385
        5391
        5396
        5402
        5406
        5410
        5414
        5421
        5422
        5423
        5426
        5430
        5431
        5437
        5438
        5439
        5449
        5451
        5459
        5460
        5461
        5463
        5464
        5468
        5469
        5472
        5476
        5481
        5482
        5484
        5490
        5491
        5493
        5497
        5504
        5508
        5512
        5520
        5522
        5524
        5525
        5527
        5530
        5532
        5535
        5536
        5537
        5539
        5550
        5552
        5554
        5558
        5560
        5562
        5567
        5571
        5575
        5578
        5582
        5584
        5586
        5589
        5590
        5591
        5594
        5597
        5598
        5600
        5604
        5610
        5611
        5614
        5617
        5622
        5623
        5626
        5627
        5629
        5637
        5638
        5642
        5643
        5645
        5647
        5649
        5653
        5659
        5665
        5667
        5673
        5675
        5683
        5688
        5705
        5706
        5707
        5710
        5715
        5717
        5719
        5727
        5728
        5739
        5749
        5754
        5756
        5767
        5773
        5775
        5780
        5785
        5786
        5792
        5798
        5799
        5808
        5811
        5812
        5821
        5828
        5836
        5842
        5850
        5856
        5857
        5859
        5866
        5868
        5871
        5872
        5877
        5882
        5885
        5891
        5893
        5902
        5908
        5909
        5919
        5927
        5936
        5937
        5939
        5944
        5946
        5958
        5965
        5976
        5978
        5982
        5986
        5991
        5995
        6009
        6022
        6029
        6041
        6057
        6059
        6061
        6069
        6082
        6084
        6089
        6092
        6096
        6108
        6117
        6124
        6132
        6143
        6150
        6152
        6154
        6155
        6163
        6168
        6171
        6180
        6186
        6196
        6201
        6205
        6210
        6216
        6222
        6232
        6236
        6254
        6259
        6272
        6275
        6278
        6286
        6288
        6295
        6301
        6302
        6314
        6325
        6326
        6327
        6332
        6337
        6356
        6368
        6375
        6395
        6403
        6406
        6410
        6412
        6414
        6421
        6428
        6430
        6433
        6434
        6436
        6439
        6441
        6443
        6446
        6449
        6459
        6470
        6473
        6482
        6486
        6489
        6492
        6495
        6504
        6506
        6508
        6512
        6528
        6529
        6534
        6537
        6545
        6549
        6558
        6560
        6561
        6573
        6577
        6580
        6582
        6584
        6586
        6597
        6599
        6606
        6607
        6615
        6623
        6627
        6632
        6633
        6634
        6635
        6638
        6639
        6652
        6656
        6661
        6668
        6672
        6679
        6691
        6692
        6711
        6713
        6719
        6722
        6726
        6732
        6735
        6746
        6759
        6762
        6770
        6773
        6781
        6789
        6793
        6794
        6799
        6805
        6807
        6826
        6828
        6829
        6837
        6839
        6867
        6873
        6897
        6898
        6901
        6902
        6909
        6935
        6940
        6942
        6974
        6977
        6985
        7002
        7007
        7022
        7071
        7106
        7109
        7133
        7147
        7199
        7227
        7262
NNODG          31435        1437        1340
      -16556
      -16811
      -16812
      -16813
       16814
      -16815
      -16816
      -16817
      -17038
       17039
       17040
       17041
       17042
       17043
       17044
       17045
      -17046
      -17047
      -17241
       17242
       17243
       17244
       17245
       17246
       17247
       17248
       17249
       17250
       17251
       17252
       17253
       17254
      -17255
      -17445
       17446
       17447
       17448
       17449
       17450
       17451
       17452
       17453
       17454
       17455
       17456
       17457
       17458
       17459
       17460
       17461
       17462
      -17463
      -17647
      -17648
      -17649
       17650
       17651
       17652
       17653
       17654
       17655
       17656
       17657
       17658
       17659
       17660
       17661
       17662
       17663
       17664
       17665
       17666
       17667
       17668
       17669
       17670
       17671
       17672
       17673
      -17674
      -17848
       17849
       17850
       17851
       17852
       17853
       17854
       17855
       17856
       17857
       17858
       17859
       17860
       17861
       17862
       17863
       17864
       17865
       17866
       17867
       17868
       17869
       17870
       17871
       17872
       17873
       17874
       17875
       17876
       17877
       17878
      -17879
      -17881
       18050
       18051
       18052
       18053
       18054
       18055
       18056
       18057
       18058
       18059
       18060
       18061
       18062
       18063
       18064
       18065
       18066
       18067
       18068
       18069
       18070
       18071
       18072
       18073
       18074
       18075
       18076
       18077
       18078
       18079
       18080
       18081
       18082
       18083
       18084
      -18085
       18271
       18272
       18273
       18274
       18275
       18276
       18277
       18278
       18279
       18280
       18281
       18282
       18283
       18284
       18285
       18286
       18287
       18288
       18289
       18290
       18291
       18292
       18293
       18294
       18295
       18296
       18297
       18298
       18299
       18300
       18301
       18302
       18303
       18304
       18305
       18306
       18307
       18308
       18309
       18310
       18311
       18312
       18313
      -18314
       18507
       18508
       18509
       18510
       18511
       18512
       18513
       18514
       18515
       18516
       18517
       18518
       18519
       18520
       18521
       18522
       18523
       18524
       18525
       18526
       18527
       18528
       18529
       18530
       18531
       18532
       18533
       18534
       18535
       18536
       18537
       18538
       18539
       18540
       18541
       18542
       18543
       18544
       18545
       18546
       18547
       18548
       18549
       18550
       18551
       18552
       18553
       18554
       18555
       18556
      -18557
      -18558
       18773
       18774
       18775
       18776
       18777
       18778
       18779
       18780
       18781
       18782
       18783
       18784
       18785
       18786
       18787
       18788
       18789
       18790
       18791
       18792
       18793
       18794
       18795
       18796
       18797
       18798
       18799
       18800
       18801
       18802
       18803
       18804
       18805
       18806
       18807
       18808
       18809
       18810
       18811
       18812
       18813
       18814
       18815
       18816
       18817
       18818
       18819
       18820
       18821
       18822
       18823
       18824
       18825
       18826
       18827
       18828
      -18829
       19075
       19076
       19077
       19078
       19079
       19080
       19081
       19082
       19083
       19084
       19085
       19086
       19087
       19088
       19089
       19090
       19091
       19092
       19093
       19094
       19095
       19096
       19097
       19098
       19099
       19100
       19101
       19102
       19103
       19104
       19105
       19106
       19107
       19108
       19109
       19110
       19111
       19112
       19113
       19114
       19115
       19116
       19117
       19118
       19119
       19120
       19121
       19122
       19123
       19124
       19125
       19126
       19127
       19128
       19129
       19130
       19131
       19132
       19133
       19134
       19135
       19136
      -19137
       19410
       19411
       19412
       19413
       19414
       19415
       19416
       19417
       19418
       19419
       19420
       19421
       19422
       19423
       19424
       19425
       19426
       19427
       19428
       19429
       19430
       19431
       19432
       19433
       19434
       19435
       19436
       19437
       19438
       19439
       19440
       19441
       19442
       19443
       19444
       19445
       19446
       19447
       19448
       19449
       19450
       19451
       19452
       19453
       19454
       19455
       19456
       19457
       19458
       19459
       19460
       19461
       19462
       19463
       19464
       19465
       19466
       19467
       19468
      -19469
       19777
       19778
       19779
       19780
       19781
       19782
       19783
       19784
       19785
       19786
       19787
       19788
       19789
       19790
       19791
       19792
       19793
       19794
       19795
       19796
       19797
       19798
       19799
       19800
       19801
       19802
       19803
       19804
       19805
       19806
       19807
       19808
       19809
       19810
       19811
       19812
       19813
       19814
       19815
       19816
       19817
       19818
       19819
       19820
       19821
       19822
       19823
       19824
       19825
       19826
       19827
       19828
       19829
       19830
       19831
       19832
       19833
       19834
       19835
       19836
       19837
       19838
       19839
       19840
       19841
      -19842
       20156
       20157
       20158
       20159
       20160
       20161
       20162
       20163
       20164
       20165
       20166
       20167
       20168
       20169
       20170
       20171
       20172
       20173
       20174
       20175
       20176
       20177
       20178
       20179
       20180
       20181
       20182
       20183
       20184
       20185
       20186
       20187
       20188
       20189
       20190
       20191
       20192
       20193
       20194
       20195
       20196
       20197
       20198
       20199
       20200
       20201
       20202
       20203
       20204
       20205
       20206
       20207
       20208
       20209
       20210
       20211
       20212
       20213
       20214
       20215
       20216
       20217
       20218
       20219
       20220
       20221
       20222
       20223
       20224
       20225
       20226
      -20227
       20551
       20552
       20553
       20554
       20555
       20556
       20557
       20558
       20559
       20560
       20561
       20562
       20563
       20564
       20565
       20566
       20567
       20568
       20569
       20570
       20571
       20572
       20573
       20574
       20575
       20576
       20577
       20578
       20579
       20580
       20581
       20582
       20583
       20584
       20585
       20586
       20587
       20588
       20589
       20590
       20591
       20592
       20593
       20594
       20595
       20596
       20597
       20598
       20599
       20600
       20601
       20602
       20603
       20604
       20605
       20606
       20607
       20608
       20609
       20610
       20611
       20612
       20613
       20614
       20615
       20616
       20617
       20618
       20619
       20620
       20621
       20622
       20623
       20624
       20625
       20626
       20627
       20628
       20629
      -20630
      -20631
       20966
       20967
       20968
       20969
       20970
       20971
       20972
       20973
       20974
       20975
       20976
       20977
       20978
       20979
       20980
       20981
       20982
       20983
       20984
       20985
       20986
       20987
       20988
       20989
       20990
       20991
       20992
       20993
       20994
       20995
       20996
       20997
       20998
       20999
       21000
       21001
       21002
       21003
       21004
       21005
       21006
       21007
       21008
       21009
       21010
       21011
       21012
       21013
       21014
       21015
       21016
       21017
       21018
       21019
       21020
       21021
       21022
       21023
       21024
       21025
       21026
       21027
      -21028
      -21029
       21377
       21378
       21379
       21380
       21381
       21382
       21383
       21384
       21385
       21386
       21387
       21388
       21389
       21390
       21391
       21392
       21393
       21394
       21395
       21396
       21397
       21398
       21399
       21400
       21401
       21402
       21403
       21404
       21405
       21406
       21407
       21408
       21409
       21410
       21411
       21412
       21413
       21414
       21415
       21416
       21417
       21418
       21419
       21420
       21421
       21422
       21423
       21424
       21425
       21426
       21427
       21428
       21429
       21430
       21431
       21432
       21433
       21434
      -21435
       21793
       21794
       21795
       21796
       21797
       21798
       21799
       21800
       21801
       21802
       21803
       21804
       21805
       21806
       21807
       21808
       21809
       21810
       21811
       21812
       21813
       21814
       21815
       21816
       21817
       21818
       21819
       21820
       21821
       21822
       21823
       21824
       21825
       21826
       21827
       21828
       21829
       21830
       21831
       21832
       21833
       21834
       21835
       21836
       21837
       21838
       21839
       21840
       21841
       21842
       21843
       21844
       21845
       21846
       21847
       21848
       21849
       21850
       21851
       21852
       21853
       21854
      -21855
       22216
       22217
       22218
       22219
       22220
       22221
       22222
       22223
       22224
       22225
       22226
       22227
       22228
       22229
       22230
       22231
       22232
       22233
       22234
       22235
       22236
       22237
       22238
       22239
       22240
       22241
       22242
       22243
       22244
       22245
       22246
       22247
       22248
       22249
       22250
       22251
       22252
       22253
       22254
       22255
       22256
       22257
       22258
       22259
       22260
       22261
       22262
       22263
       22264
       22265
       22266
       22267
       22268
       22269
       22270
       22271
       22272
       22273
       22274
       22275
       22631
       22632
       22633
       22634
       22635
       22636
       22637
       22638
       22639
       22640
       22641
       22642
       22643
       22644
       22645
       22646
       22647
       22648
       22649
       22650
       22651
       22652
       22653
       22654
       22655
       22656
       22657
       22658
       22659
       22660
       22661
       22662
       22663
       22664
       22665
       22666
       22667
       22668
       22669
       22670
       22671
       22672
       22673
       22674
       22675
       22676
       22677
       22678
       22679
       22680
       22681
       22682
       22683
       22684
       22685
       23057
       23058
       23059
       23060
       23061
       23062
       23063
       23064
       23065
       23066
       23067
       23068
       23069
       23070
       23071
       23072
       23073
       23074
       23075
       23076
       23077
       23078
       23079
       23080
       23081
       23082
       23083
       23084
       23085
       23086
       23087
       23088
       23089
       23090
       23091
       23092
       23093
       23094
       23095
       23096
       23097
       23098
       23099
       23100
       23498
       23499
       23500
       23501
       23502
       23503
       23504
       23505
       23506
       23507
       23508
       23509
       23510
       23511
       23512
       23513
       23514
       23515
       23516
       23517
       23518
       23519
       23520
       23521
       23522
       23523
       23524
       23525
       23526
       23527
       23528
       23529
       23530
       23948
       23949
       23950
       23951
       23952
       23953
       23954
       23955
       23956
       23957
       23958
       23959
       23960
       23961
       23962
       23963
       23964
       23965
       23966
       23967
       23968
       23969
       23970
       23971
       23972
       23973
       23974
       23975
       23976
       23977
       24381
       24382
       24383
       24384
       24385
       24386
       24387
       24388
       24389
       24390
       24391
       24392
       24393
       24394
       24395
       24396
       24397
       24398
       24399
       24400
       24401
       24764
       24765
       24766
       24767
       24768
       24769
       24770
       24771
       24772
       24773
       24774
       24775
       24776
       24777
       24778
       24779
       24780
       24781
       24782
       24783
       24784
       24785
       24786
       24787
       24788
       25121
       25122
       25123
       25124
       25125
       25126
       25127
       25128
       25129
       25130
       25131
       25132
       25133
       25134
       25135
       25136
       25137
       25138
       25139
       25140
       25141
       25142
       25143
       25144
       25145
       25420
       25421
       25422
       25423
       25424
       25425
       25426
       25427
       25428
       25429
       25430
       25431
       25432
       25433
       25434
       25435
       25436
       25437
       25438
       25439
       25440
       25441
       25442
       25443
       25444
       25445
       25446
       25683
       25684
       25685
       25686
       25687
       25688
       25689
       25690
       25691
       25692
       25693
       25694
       25695
       25696
       25697
       25698
       25699
       25700
       25701
       25702
       25703
       25704
       25705
       25706
       25707
       25708
       25709
       25710
       25711
       25943
       25944
       25945
       25946
       25947
       25948
       25949
       25950
       25951
       25952
       25953
       25954
       25955
       25956
       25957
       25958
       25959
       25960
       25961
       25962
       25963
       25964
       25965
       25966
       25967
       25968
       25969
       25970
       25971
       25972
       26206
       26207
       26208
       26209
       26210
       26211
       26212
       26213
       26214
       26215
       26216
       26217
       26218
       26219
       26220
       26221
       26222
       26223
       26224
       26225
       26226
       26227
       26228
       26229
       26230
       26231
       26232
       26233
       26234
       26467
       26468
       26469
       26470
       26471
       26472
       26473
       26474
       26475
       26476
       26477
       26478
       26479
       26480
       26481
       26482
       26483
       26484
       26485
       26486
       26487
       26488
       26489
       26490
       26491
       26492
       26493
       26494
       26734
       26735
       26736
       26737
       26738
       26739
       26740
       26741
       26742
       26743
       26744
       26745
       26746
       26747
       26748
       26749
       26750
       27001
       27002
       27003
       27004
       27005
       27006
       27007
       27008
       27009
       27010
       27011
       27012
       27013
       27014
       27015
       27016
       27256
       27257
       27258
       27259
       27260
       27261
       27262
       27263
       27264
       27265
       27266
       27267
       27489
       27490
       27491
       27492
       27493
       27494
       27495
       27720
       27721
       27722
       27723
       27724
       27945
       27946
       27947
       27948
       28147
       28148
       28149
       28333
       28334
       28335
       28523
       28524
       28525
       28710
       28711
       28907
       28908
NFLUXF             0
NETA             103          37          22
           1
           2
           3
           4
           5
           6
           7
           8
           9
          10
          11
          12
          13
          14
          15
          16
          17
          18
          19
          20
          21
          22
NSTAE              0           0           0
NSTAV              0           0           0
NSTAM              0           0           0
NSTAC              0           0           0
RES NODE           6        1304
                   5          10          11          12          13          14
                  15          16          20          21          22          23
                  24          25          26          27          28          29
                  30          31          32          35          36          37
                  38          39          40          41          42          43
                  44          45          46          47          48          49
                  50          51          56          57          58          59
                  60          61          62          63          64          65
                  66          67          68          69          70          71
                  72          73          74          75          76          77
                  78          79          82          83          84          85
                  86          87          88          89          90          91
                  92          93          94          95          96          97
                  98          99         100         101         102         103
                 104         105         106         107         108         109
                 110         111         114         115         116         117
                 118         119         120         121         122         123
                 124         125         126         127         128         129
                 130         131         132         133         134         135
                 136         137         138         139         140         141
                 142         143         144         145         146         147
                 148         150         151         152         153         154
                 155         156         157         158         159         160
                 161         162         163         164         165         166
                 167         168         169         170         171         172
                 173         174         175         176         177         178
                 179         180         181         182         183         184
                 185         186         187         188         189         190
                 191         192         194         195         196         197
                 198         199         200         201         202         203
                 204         205         206         207         208         209
                 210         211         212         213         214         215
                 216         217         218         219         220         221
                 222         223         224         225         226         227
                 228         229         230         231         232         233
                 234         235         236         237         238         239
                 240         241         242         243         246         247
                 248         249         250         251         252         253
                 254         255         256         257         258         259
                 260         261         262         263         264         265
                 266         267         268         269         270         271
                 272         273         274         275         276         277
                 278         279         280         281         282         283
                 284         285         286         287         288         289
                 290         291         292         293         294         295
                 296         297         298         299         300         301
                 303         304         305         306         307         308
                 309         310         311         312         313         314
                 315         316         317         318         319         320
                 321         322         323         324         325         326
                 327         328         329         330         331         332
                 333         334         335         336         337         338
                 339         340         341         342         343         344
                 345         346         347         348         349         350
                 351         352         353         354         355         356
                 357         358         359         360         361         362
                 363         364         366         367         368         369
                 370         371         372         373         374         375
                 376         377         378         379         380         381
                 382         383         384         385         386         387
                 388         389         390         391         392         393
                 394         395         396         397         398         399
                 400         401         402         403         404         405
                 406         407         408         409         410         411
                 412         413         414         415         416         417
                 418         419         420         421         422         423
                 424         426         427         428         429         430
                 431         432         433         434         435         436
                 437         438         439         440         441         442
                 443         444         445         446         447         448
                 449         450         451         452         453         454
                 455         456         457         458         459         460
                 461         462         463         464         465         466
                 467         468         469         470         471         472
                 473         474         475         476         477         478
                 479         480         481         482         483         484
                 485         486         487         488         489         490
                 492         493         494         495         496         497
                 498         499         500         501         502         503
                 504         505         506         507         508         509
                 510         511         512         513         514         515
                 516         517         518         519         520         521
                 522         523         524         525         526         527
                 528         529         530         531         532         533
                 534         535         536         537         538         539
                 540         541         542         543         544         545
                 546         547         548         549         550         551
                 552         553         554         555         556         557
                 558         559         560         561         562         564
                 565         566         567         568         569         570
                 571         572         573         574         575         576
                 577         578         579         580         581         582
                 583         584         585         586         587         588
                 589         590         591         592         593         594
                 595         596         597         598         599         600
                 601         602         603         604         605         606
                 607         608         609         610         611         612
                 613         614         615         616         617         618
                 619         620         621         622         623         624
                 625         626         627         628         629         630
                 631         632         633         634         635         636
                 637         638         639         640         641         642
                 645         646         647         648         649         650
                 651         652         653         654         655         656
                 657         658         659         660         661         662
                 663         664         665         666         667         668
                 669         670         671         672         673         674
                 675         676         677         678         679         680
                 681         682         683         684         685         686
                 687         688         689         690         691         692
                 693         694         695         696         697         698
                 699         700         701         702         703         704
                 705         706         709         710         711         712
                 713         714         715         716         717         718
                 719         720         721         722         723         724
                 725         726         727         728         729         730
                 731         732         733         734         735         736
                 737         738         739         740         741         742
                 743         744         745         746         747         748
                 749         750         751         752         753         754
                 755         756         757         758         759         760
                 761         762         763         764         765         766
                 768         769         770         771         772         773
                 774         775         776         777         778         779
                 780         781         782         783         784         785
                 786         787         788         789         790         791
                 792         793         794         795         796         797
                 798         799         800         801         802         803
                 804         805         806         807         808         809
                 810         811         812         813         814         815
                 816         817         818         819         820         821
                 822         823         824         825         826         827
                 828         829         831         832         833         834
                 835         836         837         838         839         840
                 841         842         843         844         845         846
                 847         848         849         850         851         852
                 853         854         855         856         857         858
                 859         860         861         862         863         864
                 865         866         867         868         869         870
                 871         872         873         874         875         876
                 877         878         879         880         881         882
                 883         884         885         886         887         888
                 889         890         891         892         893         894
                 895         896         897         898         899         900
                 901         902         903         904         905         906
                 907         908         909         910         911         912
                 913         914         915         916         917         918
                 919         920         921         922         923         924
                 925         926         927         928         929         930
                 931         932         933         934         935         936
                 937         938         939         940         941         942
                 943         944         945         946         947         948
                 949         950         951         952         953         954
                 955         956         957         958         959         960
                 961         962         963         964         965         966
                 967         968         969         970         971         972
                 973         974         975         976         977         978
                 979         980         981         982         983         984
                 985         986         987         988         989         990
                 991         992         993         994         995         996
                 997         998         999        1000        1001        1002
                1003        1004        1005        1006        1007        1008
                1009        1010        1011        1012        1013        1014
                1015        1016        1017        1018        1019        1020
                1021        1022        1023        1024        1025        1026
                1027        1028        1029        1030        1031        1032
                1033        1034        1035        1036        1037        1038
                1039        1040        1041        1042        1043        1044
                1045        1046        1047        1048        1049        1050
                1051        1052        1053        1054        1055        1056
                1057        1058        1059        1060        1061        1062
                1063        1064        1065        1066        1067        1068
                1069        1070        1071        1072        1073        1074
                1075        1076        1077        1078        1079        1080
                1081        1082        1083        1084        1085        1086
                1087        1088        1089        1090        1091        1092
                1093        1094        1095        1096        1097        1098
                1099        1100        1101        1102        1103        1104
                1105        1106        1107        1108        1109        1110
                1111        1112        1113        1114        1115        1116
                1117        1118        1119        1120        1121        1122
                1123        1124        1125        1126        1127        1128
                1129        1130        1131        1132        1133        1134
                1135        1136        1137        1138        1139        1140
                1141        1142        1143        1144        1145        1146
                1147        1148        1149        1150        1151        1152
                1153        1154        1155        1156        1157        1158
                1159        1160        1161        1162        1163        1164
                1165        1166        1167        1168        1169        1170
                1171        1172        1173        1174        1175        1176
                1177        1178        1179        1180        1181        1182
                1183        1184        1185        1186        1187        1188
                1189        1190        1191        1192        1193        1194
                1195        1196        1197        1198        1199        1200
                1201        1202        1203        1204        1205        1206
                1207        1208        1209        1210        1211        1212
                1213        1214        1215        1216        1217        1218
                1219        1220        1221        1222        1223        1224
                1225        1226        1227        1228        1229        1230
                1231        1232        1233        1234        1235        1236
                1237        1238        1239        1240        1241        1242
                1243        1244        1245        1246        1247        1248
                1249        1250        1251        1252        1253        1254
                1255        1256        1257        1258        1259        1260
                1261        1262        1263        1264        1265        1266
                1267        1268        1269        1270        1271        1272
                1273        1274        1275        1276        1277        1278
                1279        1280        1281        1282        1283        1284
                1285        1286        1287        1288        1289        1290
                1291        1292        1293        1294        1295        1296
                1297        1298        1299        1300        1301        1302
                1303        1304        1305        1306        1307        1308
                1309        1310        1311        1312        1313        1314
                1315        1316        1317        1318        1319        1320
                1321        1322        1323        1324        1325        1326
                1327        1328        1329        1330        1331        1332
                1333        1334        1335        1336        1337        1338
                1339        1340
COMM PE            2
RECV PE            8          25
                   1           2           3           4           6           7
                   8           9          17          18          19          33
                  34          52          53          54          55          80
                  81         112         113         149         193         244
                 245
RECV PE           20          11
                 302         365         425         491         563         643
                 644         707         708         767         830
SEND PE            8          25
                   5          10          11          12          13          15
                  16          20          31          32          35          51
                  56          57          79          82          83         111
                 114         147         148         192         243         300
                 301
SEND PE           20          10
                 301         364         424         489         490         562
                 642         706         766         829
